delay_vals_per_time
0
0
0
0
0
0
0
0
0
0
0
0
0
0
0
0
0
0
0
0
0
0
0
0
0
0
0
0
0
0
0
0
0
0
0
0
0
0
0
0
0
0
0
0
0
0
0
0
0
0
0
0
0
0
0
0
0
0
0
0
0
0
0
0
0
0
0
0
0
0
0
0
0
0
0
0
0
0
0
0
0
0
0
0
0
0
0
0
0
0
0
0
0
0
0
0
0
0
0
0
0
0
0
0
0
0
0
0
0
0
0
0
0
0
0
0
0
0
0
0
0
0
0
0
0
0
0
0
0
0
0
0
0
0
0
0
0
0
0
0
0
0
0
0
0
0
0
0
0
0
0
0
0
0
0
0
0
0
0
0
0
0
0
0
0
0
0
0
0
0
0
0
0
0
0
0
0
0
0
0
0
0
0
0
0
0
0
0
0
0
0
0
0
0
0
0
0
0
0
0
0
0
0
0
0
0
0
0
0
0
0
0
0
0
0
0
0
0
0
0
0
0
0
0
0
0
0
0
0
0
0
0
0
0
0
0
0
0
0
0
0
0
0
0
0
0
0
0
0
0
0
0
0
0
0
0
0
0
0
0
0
0
0
0
0
0
0
0
0
0
0
0
0
0
0
0
0
0
0
0
0
0
0
0
0
0
0
0
0
0
0
0
0
0
0
0
0
0
0
0
0
0
0
0
0
0
0
0
0
0
0
0
0
0
0
0
0
0
0
0
0
0
0
0
0
0
0
0
0
0
0
0
0
0
0
0
0
0
0
0
0
0
0
0
0
0
0
0
0
0
0
0
0
0
0
0
0
0
0
0
0
0
0
0
0
0
0
0
0
0
0
0
0
0
0
0
0
0
0
0
0
0
0
0
0
0
0
0
0
0
0
0
0
0
0
0
0
0
0
0
0
0
0
0
0
0
0
0
0
0
0
0
0
0
0
0
0
0
0
0
0
0
0
0
0
0
0
0
0
0
0
0
0
0
0
0
0
0
0
0
0
0
0
0
0
0
0
0
0
0
0
0
0
0
0
0
0
0
0
0
0
0
0
0
0
0
0
0
0
0
0
0
0
0
0
0
0
0
0
0
0
0
0
0
0
0
0
0
0
0
0
0
0
0
0
0
0
0
0
0
0
0
0
0
0
0
0
0
0
0
0
0
0
0
0
0
0
0
0
0
0
0
0
0
0
0
0
0
0
0
0
0
0
0
0
0
0
0
0
0
0
0
0
0
0
0
0
0
0
0
0
0
0
0
0
0
0
0
0
0
0
0
0
0
0
0
0
0
0
0
0
0
0
0
0
0
0
0
0
0
0
0
0
0
0
0
0
0
0
0
0
0
0
0
0
0
0
0
0
0
0
0
0
0
0
0
0
0
0
0
0
0
0
0
0
0
0
0
0
0
0
0
0
0
0
0
0
0
0
0
0
0
0
0
0
0
0
0
0
0
0
0
0
0
0
0
0
0
0
0
0
0
0
0
0
0
0
0
0
0
0
0
0
0
0
0
0
0
0
0
0
0
0
0
0
0
0
0
0
0
0
0
0
0
0
0
0
0
0
0
0
0
0
0
0
0
0
0
0
0
0
0
0
0
0
0
0
0
0
0
0
0
0
0
0
0
0
0
0
0
0
0
0
0
0
0
0
0
0
0
0
0
0
0
0
0
0
0
0
0
0
0
0
0
0
0
0
0
0
0
0
0
0
0
0
0
0
0
0
0
0
0
0
0
0
0
0
0
0
0
0
0
0
0
0
0
0
0
0
0
0
0
0
0
0
0
0
0
0
0
0
0
0
0
0
0
0
0
0
0
0
0
0
0
0
0
0
0
0
0
0
0
0
0
0
0
0
0
0
0
0
0
0
0
0
0
0
0
0
0
0
0
0
0
0
0
0
0
0
0
0
0
0
0
0
0
0
0
0
0
0
0
0
0
0
0
0
0
0
0
0
0
0
0
0
0
0
0
0
0
0
0
0
0
0
0
0
0
0
0
0
0
0
0
0
0
0
0
0
0
0
0
0
0
0
0
0
0
0
0
0
0
0
0
0
0
0
0
0
0
0
0
0
0
0
0
0
0
0
0
0
0
0
0
0
0
0
0
0
0
0
0
0
0
0
0
0
0
0
0
0
0
0
0
0
0
0
0
0
0
0
0
0
0
0
0
0
0
0
0
0
0
0
0
0
0
0
0
0
0
0
0
0
0
0
0
0
0
0
0
0
0
0
0
0
0
0
0
0
0
0
0
0
0
0
0
0
0
0
0
0
0
0
0
0
0
0
0
0
0
0
0
0
0
0
0
0
0
0
0
0
0
0
0
0
0
0
0
0
0
0
0
0
0
0
0
0
0
0
0
0
0
0
0
0
0
0
0
0
0
0
0
0
0
0
0
0
0
0
0
0
0
0
0
0
0
0
0
0
0
0
0
0
0
0
0
0
0
0
0
0
0
0
0
0
0
0
0
0
0
0
0
0
0
0
0
0
0
0
0
0
0
0
0
0
0
0
0
0
0
0
0
0
0
0
0
0
0
0
0
0
0
0
0
0
0
0
0
0
0
0
0
0
0
0
0
0
0
0
0
0
0
0
0
0
0
0
0
0
0
0
0
0
0
0
0
0
0
0
0
0
0
0
0
0
0
0
0
0
0
0
0
0
0
0
0
0
0
0
0
0
0
0
0
0
0
0
0
0
0
0
0
0
0
0
0
0
0
0
0
0
0
0
0
0
0
0
0
0
0
0
0
0
0
0
0
0
0
0
0
0
0
0
0
0
0
0
0
0
0
0
0
0
0
0
0
0
0
0
0
0
0
0
0
0
0
0
0
0
0
0
0
0
0
0
0
0
0
0
0
0
0
0
0
0
0
0
0
0
0
0
0
0
0
0
0
0
0
0
0
0
0
0
0
0
0
0
0
0
0
0
0
0
0
0
0
0
0
0
0
0
0
0
0
0
0
0
0
0
0
0
0
0
0
0
0
0
0
0
0
0
0
0
0
0
0
0
0
0
0
0
0
0
0
0
0
0
0
0
0
0
0
0
0
0
0
0
0
0
0
0
0
0
0
0
0
0
0
0
0
0
0
0
0
0
0
0
0
0
0
0
0
0
0
0
0
0
0
0
0
0
0
0
0
0
0
0
0
0
0
0
0
0
0
0
0
0
0
0
0
0
0
0
0
0
0
0
0
0
0
0
0
0
0
0
0
0
0
0
0
0
0
0
0
0
0
0
0
0
0
0
0
0
0
0
0
0
0
0
0
0
0
0
0
0
0
0
0
0
0
0
0
0
0
0
0
0
0
0
0
0
0
0
0
0
0
0
0
0
0
0
0
0
0
0
0
0
0
0
0
0
0
0
0
0
0
0
0
0
0
0
0
0
0
0
0
0
0
0
0
0
0
0
0
0
0
0
0
0
0
0
0
0
0
0
0
0
0
0
0
0
0
0
0
0
0
0
0
0
0
0
0
0
0
0
0
0
0
0
0
0
0
0
0
0
0
0
0
0
0
0
0
0
0
0
0
0
0
0
0
0
0
0
0
0
0
0
0
0
0
0
0
0
0
0
0
0
0
0
0
0
0
0
0
0
0
0
0
0
0
0
0
0
0
0
0
0
0
0
0
0
0
0
0
0
0
0
0
0
0
0
0
0
0
0
0
0
0
0
0
0
0
0
0
0
0
0
0
0
0
0
0
0
0
0
0
0
0
0
0
0
0
0
0
0
0
0
0
0
0
0
0
0
0
0
0
0
0
0
0
0
0
0
0
0
0
0
0
0
0
0
0
0
0
0
0
0
0
0
0
0
0
0
0
0
0
0
0
0
0
0
0
0
0
0
0
0
0
0
0
0
0
0
0
0
0
0
0
0
0
0
0
0
0
0
0
0
0
0
0
0
0
0
0
0
0
0
0
0
0
0
0
0
0
0
0
0
0
0
0
0
0
0
0
0
0
0
0
0
0
0
0
0
0
0
0
0
0
0
0
0
0
0
0
0
0
0
0
0
0
0
0
0
0
0
0
0
0
0
0
0
0
0
0
0
0
0
0
0
0
0
0
0
0
0
0
0
0
0
0
0
0
0
0
0
0
0
0
0
0
0
0
0
0
0
0
0
0
0
0
0
0
0
0
0
0
0
0
0
0
0
0
0
0
0
0
0
0
0
0
0
0
0
0
0
0
0
0
0
0
0
0
0
0
0
0
0
0
0
0
0
0
0
0
0
0
0
0
0
0
0
0
0
0
0
0
0
0
0
0
0
0
0
0
0
0
0
0
0
0
0
0
0
0
0
0
0
0
0
0
0
0
0
0
0
0
0
0
0
0
0
0
0
0
0
0
0
0
0
0
0
0
0
0
0
0
0
0
0
0
0
0
0
0
0
0
0
0
0
0
0
0
0
0
0
0
0
0
0
0
0
0
0
0
0
0
0
0
0
0
0
0
0
0
0
0
0
0
0
0
0
0
0
0
0
0
0
0
0
0
0
0
0
0
0
0
0
0
0
0
0
0
0
0
0
0
0
0
0
0
0
0
0
0
0
0
0
0
0
0
0
0
0
0
0
0
0
0
0
0
0
0
0
0
0
0
0
0
0
0
0
0
0
0
0
0
0
0
0
0
0
0
0
0
0
0
0
0
0
0
0
0
0
0
0
0
0
0
0
0
0
0
0
0
0
0
0
0
0
0
0
0
0
0
0
0
0
0
0
0
0
0
0
0
0
0
0
0
0
0
0
0
0
0
0
0
0
0
0
0
0
0
0
0
0
0
0
0
0
0
0
0
0
0
0
0
0
0
0
0
0
0
0
0
0
0
0
0
0
0
0
0
0
0
0
0
0
0
0
0
0
0
0
0
0
0
0
0
0
0
0
0
0
0
0
0
0
0
0
0
0
0
0
0
0
0
0
0
0
0
0
0
0
0
0
0
0
0
0
0
0
0
0
0
0
0
0
0
0
0
0
0
0
0
0
0
0
0
0
0
0
0
0
0
0
0
0
0
0
0
0
0
0
0
0
0
0
0
0
0
0
0
0
0
0
0
0
0
0
0
0
0
0
0
0
0
0
0
0
0
0
0
0
0
0
0
0
0
0
0
0
0
0
0
0
0
0
0
0
0
0
0
0
0
0
0
0
0
0
0
0
0
0
0
0
0
0
0
0
0
0
0
0
0
0
0
0
0
0
0
0
0
0
0
0
0
0
0
0
0
0
0
0
0
0
0
0
0
0
0
0
0
0
0
0
0
0
0
0
0
0
0
0
0
0
0
0
0
0
0
0
0
0
0
0
0
0
0
0
0
0
0
0
0
0
0
0
0
0
0
0
0
0
0
0
0
0
0
0
0
0
0
0
0
0
0
0
0
0
0
0
0
0
0
0
0
0
0
0
0
0
0
0
0
0
0
0
0
0
0
0
0
0
0
0
0
0
0
0
0
0
0
0
0
0
0
0
0
0
0
0
0
0
0
0
0
0
0
0
0
0
0
0
0
0
0
0
0
0
0
0
0
0
0
0
0
0
0
0
0
0
0
0
0
0
0
0
0
0
0
0
0
0
0
0
0
0
0
0
0
0
0
0
0
0
0
0
0
0
0
0
0
0
0
0
0
0
0
0
0
0
0
0
0
0
0
0
0
0
0
0
0
0
0
0
0
0
0
0
0
0
0
0
0
0
0
0
0
0
0
0
0
0
0
0
0
0
0
0
0
0
0
0
0
0
0
0
0
0
0
0
0
0
0
0
0
0
0
0
0
0
0
0
0
0
0
0
0
0
0
0
0
0
0
0
0
0
0
0
0
0
0
0
0
0
0
0
0
0
0
0
0
0
0
0
0
0
0
0
0
0
0
0
0
0
0
0
0
0
0
0
0
0
0
0
0
0
0
0
0
0
0
0
0
0
0
0
0
0
0
0
0
0
0
0
0
0
0
0
0
0
0
0
0
0
0
0
0
0
0
0
0
0
0
0
0
0
0
0
0
0
0
0
0
0
0
0
0
0
0
0
0
0
0
0
0
0
0
0
0
0
0
0
0
0
0
0
0
0
0
0
0
0
0
0
0
0
0
0
0
0
0
0
0
0
0
0
0
0
0
0
0
0
0
0
0
0
0
0
0
0
0
0
0
0
0
0
0
0
0
0
0
0
0
0
0
0
0
0
0
0
0
0
0
0
0
0
0
0
0
0
0
0
0
0
0
0
0
0
0
0
0
0
0
0
0
0
0
0
0
0
0
0
0
0
0
0
0
0
0
0
0
0
0
0
0
0
0
0
0
0
0
0
0
0
0
0
0
0
0
0
0
0
0
0
0
0
0
0
0
0
0
0
0
0
0
0
0
0
0
0
0
0
0
0
0
0
0
0
0
0
0
0
0
0
0
0
0
0
0
0
0
0
0
0
0
0
0
0
0
0
0
0
0
0
0
0
0
0
0
0
0
0
0
0
0
0
0
0
0
0
0
0
0
0
0
0
0
0
0
0
0
0
0
0
0
0
0
0
0
0
0
0
0
0
0
0
0
0
0
0
0
0
0
0
0
0
0
0
0
0
0
0
0
0
0
0
0
0
0
0
0
0
0
0
0
0
0
0
0
0
0
0
0
0
0
0
0
0
0
0
0
0
0
0
0
0
0
0
0
0
0
0
0
0
0
0
0
0
0
0
0
0
0
0
0
0
0
0
0
0
0
0
0
0
0
0
0
0
0
0
0
0
0
0
0
0
0
0
0
0
0
0
0
0
0
0
0
0
0
0
0
0
0
0
0
0
0
0
0
0
0
0
0
0
0
0
0
0
0
0
0
0
0
0
0
0
0
0
0
0
0
0
0
0
0
0
0
0
0
0
0
0
0
0
0
0
0
0
0
0
0
0
0
0
0
0
0
0
0
0
0
0
0
0
0
0
0
0
0
0
0
0
0
0
0
0
0
0
0
0
0
0
0
0
0
0
0
0
0
0
0
0
0
0
0
0
0
0
0
0
0
0
0
0
0
0
0
0
0
0
0
0
0
0
0
0
0
0
0
0
0
0
0
0
0
0
0
0
0
0
0
0
0
0
0
0
0
0
0
0
0
0
0
0
0
0
0
0
0
0
0
0
0
0
0
0
0
0
0
0
0
0
0
0
0
0
0
0
0
0
0
0
0
0
0
0
0
0
0
0
0
0
0
0
0
0
0
0
0
0
0
0
0
0
0
0
0
0
0
0
0
0
0
0
0
0
0
0
0
0
0
0
0
0
0
0
0
0
0
0
0
0
0
0
0
0
0
0
0
0
0
0
0
0
0
0
0
0
0
0
0
0
0
0
0
0
0
0
0
0
0
0
0
0
0
0
0
0
0
0
0
0
0
0
0
0
0
0
0
0
0
0
0
0
0
0
0
0
0
0
0
0
0
0
0
0
0
0
0
0
0
0
0
0
0
0
0
0
0
0
0
0
0
0
0
0
0
0
0
0
0
0
0
0
0
0
0
0
0
0
0
0
0
0
0
0
0
0
0
0
0
0
0
0
0
0
0
0
0
0
0
0
0
0
0
0
0
0
0
0
0
0
0
0
0
0
0
0
0
0
0
0
0
0
0
0
0
0
0
0
0
0
0
0
0
0
0
0
0
0
0
0
0
0
0
0
0
0
0
0
0
0
0
0
0
0
0
0
0
0
0
0
0
0
0
0
0
0
0
0
0
0
0
0
0
0
0
0
0
0
0
0
0
0
0
0
0
0
0
0
0
0
0
0
0
0
0
0
0
0
0
0
0
0
0
0
0
0
0
0
0
0
0
0
0
0
0
0
0
0
0
0
0
0
0
0
0
0
0
0
0
0
0
0
0
0
0
0
0
0
0
0
0
0
0
0
0
0
0
0
0
0
0
0
0
0
0
0
0
0
0
0
0
0
0
0
0
0
0
0
0
0
0
0
0
0
0
0
0
0
0
0
0
0
0
0
0
0
0
0
0
0
0
0
0
0
0
0
0
0
0
0
0
0
0
0
0
0
0
0
0
0
0
0
0
0
0
0
0
0
0
0
0
0
0
0
0
0
0
0
0
0
0
0
0
0
0
0
0
0
0
0
0
0
0
0
0
0
0
0
0
0
0
0
0
0
0
0
0
0
0
0
0
0
0
0
0
0
0
0
0
0
0
0
0
0
0
0
0
0
0
0
0
0
0
0
0
0
0
0
0
0
0
0
0
0
0
0
0
0
0
0
0
0
0
0
0
0
0
0
0
0
0
0
0
0
0
0
0
0
0
0
0
0
0
0
0
0
0
0
0
0
0
0
0
0
0
0
0
0
0
0
0
0
0
0
0
0
0
0
0
0
0
0
0
0
0
0
0
0
0
0
0
0
0
0
0
0
0
0
0
0
0
0
0
0
0
0
0
0
0
0
0
0
0
0
0
0
0
0
0
0
0
0
0
0
0
0
0
0
0
0
0
0
0
0
0
0
0
0
0
0
0
0
0
0
0
0
0
0
0
0
0
0
0
0
0
0
0
0
0
0
0
0
0
0
0
0
0
0
0
0
0
0
0
0
0
0
0
0
0
0
0
0
0
0
0
0
0
0
0
0
0
0
0
0
0
0
0
0
0
0
0
0
0
0
0
0
0
0
0
0
0
0
0
0
0
0
0
0
0
0
0
0
0
0
0
0
0
0
0
0
0
0
0
0
0
0
0
0
0
0
0
0
0
0
0
0
0
0
0
0
0
0
0
0
0
0
0
0
0
0
0
0
0
0
0
0
0
0
0
0
0
0
0
0
0
0
0
0
0
0
0
0
0
0
0
0
0
0
0
0
0
0
0
0
0
0
0
0
0
0
0
0
0
0
0
0
0
0
0
0
0
0
0
0
0
0
0
0
0
0
0
0
0
0
0
0
0
0
0
0
0
0
0
0
0
0
0
0
0
0
0
0
0
0
0
0
0
0
0
0
0
0
0
0
0
0
0
0
0
0
0
0
0
0
0
0
0
0
0
0
0
0
0
0
0
0
0
0
0
0
0
0
0
0
0
0
0
0
0
0
0
0
0
0
0
0
0
0
0
0
0
0
0
0
0
0
0
0
0
0
0
0
0
0
0
0
0
0
0
0
0
0
0
0
0
0
0
0
0
0
0
0
0
0
0
0
0
0
0
0
0
0
0
0
0
0
0
0
0
0
0
0
0
0
0
0
0
0
0
0
0
0
0
0
0
0
0
0
0
0
0
0
0
0
0
0
0
0
0
0
0
0
0
0
0
0
0
0
0
0
0
0
0
0
0
0
0
0
0
0
0
0
0
0
0
0
0
0
0
0
0
0
0
0
0
0
0
0
0
0
0
0
0
0
0
0
0
0
0
0
0
0
0
0
0
0
0
0
0
0
0
0
0
0
0
0
0
0
0
0
0
0
0
0
0
0
0
0
0
0
0
0
0
0
0
0
0
0
0
0
0
0
0
0
0
0
0
0
0
0
0
0
0
0
0
0
0
0
0
0
0
0
0
0
0
0
0
0
0
0
0
0
0
0
0
0
0
0
0
0
0
0
0
0
0
0
0
0
0
0
0
0
0
0
0
0
0
0
0
0
0
0
0
0
0
0
0
0
0
0
0
0
0
0
0
0
0
0
0
0
0
0
0
0
0
0
0
0
0
0
0
0
0
0
0
0
0
0
0
0
0
0
0
0
0
0
0
0
0
0
0
0
0
0
0
0
0
0
0
0
0
0
0
0
0
0
0
0
0
0
0
0
0
0
0
0
0
0
0
0
0
0
0
0
0
0
0
0
0
0
0
0
0
0
0
0
0
0
0
0
0
0
0
0
0
0
0
0
0
0
0
0
0
0
0
0
0
0
0
0
0
0
0
0
0
0
0
0
0
0
0
0
0
0
0
0
0
0
0
0
0
0
0
0
0
0
0
0
0
0
0
0
0
0
0
0
0
0
0
0
0
0
0
0
0
0
0
0
0
0
0
0
0
0
0
0
0
0
0
0
0
0
0
0
0
0
0
0
0
0
0
0
0
0
0
0
0
0
0
0
0
0
0
0
0
0
0
0
0
0
0
0
0
0
0
0
0
0
0
0
0
0
0
0
0
0
0
0
0
0
0
0
0
0
0
0
0
0
0
0
0
0
0
0
0
0
0
0
0
0
0
0
0
0
0
0
0
0
0
0
0
0
0
0
0
0
0
0
0
0
0
0
0
0
0
0
0
0
0
0
0
0
0
0
0
0
0
0
0
0
0
0
0
0
0
0
0
0
0
0
0
0
0
0
0
0
0
0
0
0
0
0
0
0
0
0
0
0
0
0
0
0
0
0
0
0
0
0
0
0
0
0
0
0
0
0
0
0
0
0
0
0
0
0
0
0
0
0
0
0
0
0
0
0
0
0
0
0
0
0
0
0
0
0
0
0
0
0
0
0
0
0
0
0
0
0
0
0
0
0
0
0
0
0
0
0
0
0
0
0
0
0
0
0
0
0
0
0
0
0
0
0
0
0
0
0
0
0
0
0
0
0
0
0
0
0
0
0
0
0
0
0
0
0
0
0
0
0
0
0
0
0
0
0
0
0
0
0
0
0
0
0
0
0
0
0
0
0
0
0
0
0
0
0
0
0
0
0
0
0
0
0
0
0
0
0
0
0
0
0
0
0
0
0
0
0
0
0
0
0
0
0
0
0
0
0
0
0
0
0
0
0
0
0
0
0
0
0
0
0
0
0
0
0
0
0
0
0
0
0
0
0
0
0
0
0
0
0
0
0
0
0
0
0
0
0
0
0
0
0
0
0
0
0
0
0
0
0
0
0
0
0
0
0
0
0
0
0
0
0
0
0
0
0
0
0
0
0
0
0
0
0
0
0
0
0
0
0
0
0
0
0
0
0
0
0
0
0
0
0
0
0
0
0
0
0
0
0
0
0
0
0
0
0
0
0
0
0
0
0
0
0
0
0
0
0
0
0
0
0
0
0
0
0
0
0
0
0
0
0
0
0
0
0
0
0
0
0
0
0
0
0
0
0
0
0
0
0
0
0
0
0
0
0
0
0
0
0
0
0
0
0
0
0
0
0
0
0
0
0
0
0
0
0
0
0
0
0
0
0
0
0
0
0
0
0
0
0
0
0
0
0
0
0
0
0
0
0
0
0
0
0
0
0
0
0
0
0
0
0
0
0
0
0
0
0
0
0
0
0
0
0
0
0
0
0
0
0
0
0
0
0
0
0
0
0
0
0
0
0
0
0
0
0
0
0
0
0
0
0
0
0
0
0
0
0
0
0
0
0
0
0
0
0
0
0
0
0
0
0
0
0
0
0
0
0
0
0
0
0
0
0
0
0
0
0
0
0
0
0
0
0
0
0
0
0
0
0
0
0
0
0
0
0
0
0
0
0
0
0
0
0
0
0
0
0
0
0
0
0
0
0
0
0
0
0
0
0
0
0
0
0
0
0
0
0
0
0
0
0
0
0
0
0
0
0
0
0
0
0
0
0
0
0
0
0
0
0
0
0
0
0
0
0
0
0
0
0
0
0
0
0
0
0
0
0
0
0
0
0
0
0
0
0
0
0
0
0
0
0
0
0
0
0
0
0
0
0
0
0
0
0
0
0
0
0
0
0
0
0
0
0
0
0
0
0
0
0
0
0
0
0
0
0
0
0
0
0
0
0
0
0
0
0
0
0
0
0
0
0
0
0
0
0
0
0
0
0
0
0
0
0
0
0
0
0
0
0
0
0
0
0
0
0
0
0
0
0
0
0
0
0
0
0
0
0
0
0
0
0
0
0
0
0
0
0
0
0
0
0
0
0
0
0
0
0
0
0
0
0
0
0
0
0
0
0
0
0
0
0
0
0
0
0
0
0
0
0
0
0
0
0
0
0
0
0
0
0
0
0
0
0
0
0
0
0
0
0
0
0
0
0
0
0
0
0
0
0
0
0
0
0
0
0
0
0
0
0
0
0
0
0
0
0
0
0
0
0
0
0
0
0
0
0
0
0
0
0
0
0
0
0
0
0
0
0
0
0
0
0
0
0
0
0
0
0
0
0
0
0
0
0
0
0
0
0
0
0
0
0
0
0
0
0
0
0
0
0
0
0
0
0
0
0
0
0
0
0
0
0
0
0
0
0
0
0
0
0
0
0
0
0
0
0
0
0
0
0
0
0
0
0
0
0
0
0
0
0
0
0
0
0
0
0
0
0
0
0
0
0
0
0
0
0
0
0
0
0
0
0
0
0
0
0
0
0
0
0
0
0
0
0
0
0
0
0
0
0
0
0
0
0
0
0
0
0
0
0
0
0
0
0
0
0
0
0
0
0
0
0
0
0
0
0
0
0
0
0
0
0
0
0
0
0
0
0
0
0
0
0
0
0
0
0
0
0
0
0
0
0
0
0
0
0
0
0
0
0
0
0
0
0
0
0
0
0
0
0
0
0
0
0
0
0
0
0
0
0
0
0
0
0
0
0
0
0
0
0
0
0
0
0
0
0
0
0
0
0
0
0
0
0
0
0
0
0
0
0
0
0
0
0
0
0
0
0
0
0
0
0
0
0
0
0
0
0
0
0
0
0
0
0
0
0
0
0
0
0
0
0
0
0
0
0
0
0
0
0
0
0
0
0
0
0
0
0
0
0
0
0
0
0
0
0
0
0
0
0
0
0
0
0
0
0
0
0
0
0
0
0
0
0
0
0
0
0
0
0
0
0
0
0
0
0
0
0
0
0
0
0
0
0
0
0
0
0
0
0
0
0
0
0
0
0
0
0
0
0
0
0
0
0
0
0
0
0
0
0
0
0
0
0
0
0
0
0
0
0
0
0
0
0
0
0
0
0
0
0
0
0
0
0
0
0
0
0
0
0
0
0
0
0
0
0
0
0
0
0
0
0
0
0
0
0
0
0
0
0
0
0
0
0
0
0
0
0
0
0
0
0
0
0
0
0
0
0
0
0
0
0
0
0
0
0
0
0
0
0
0
0
0
0
0
0
0
0
0
0
0
0
0
0
0
0
0
0
0
0
0
0
0
0
0
0
0
0
0
0
0
0
0
0
0
0
0
0
0
0
0
0
0
0
0
0
0
0
0
0
0
0
0
0
0
0
0
0
0
0
0
0
0
0
0
0
0
0
0
0
0
0
0
0
0
0
0
0
0
0
0
0
0
0
0
0
0
0
0
0
0
0
0
0
0
0
0
0
0
0
0
0
0
0
0
0
0
0
0
0
0
0
0
0
0
0
0
0
0
0
0
0
0
0
0
0
0
0
0
0
0
0
0
0
0
0
0
0
0
0
0
0
0
0
0
0
0
0
0
0
0
0
0
0
0
0
0
0
0
0
0
0
0
0
0
0
0
0
0
0
0
0
0
0
0
0
0
0
0
0
0
0
0
0
0
0
0
0
0
0
0
0
0
0
0
0
0
0
0
0
0
0
0
0
0
0
0
0
0
0
0
0
0
0
0
0
0
0
0
0
0
0
0
0
0
0
0
0
0
0
0
0
0
0
0
0
0
0
0
0
0
0
0
0
0
0
0
0
0
0
0
0
0
0
0
0
0
0
0
0
0
0
0
0
0
0
0
0
0
0
0
0
0
0
0
0
0
0
0
0
0
0
0
0
0
0
0
0
0
0
0
0
0
0
0
0
0
0
0
0
0
0
0
0
0
0
0
0
0
0
0
0
0
0
0
0
0
0
0
0
0
0
0
0
0
0
0
0
0
0
0
0
0
0
0
0
0
0
0
0
0
0
0
0
0
0
0
0
0
0
0
0
0
0
0
0
0
0
0
0
0
0
0
0
0
0
0
0
0
0
0
0
0
0
0
0
0
0
0
0
0
0
0
0
0
0
0
0
0
0
0
0
0
0
0
0
0
0
0
0
0
0
0
0
0
0
0
0
0
0
0
0
0
0
0
0
0
0
0
0
0
0
0
0
0
0
0
0
0
0
0
0
0
0
0
0
0
0
0
0
0
0
0
0
0
0
0
0
0
0
0
0
0
0
0
0
0
0
0
0
0
0
0
0
0
0
0
0
0
0
0
0
0
0
0
0
0
0
0
0
0
0
0
0
0
0
0
0
0
0
0
0
0
0
0
0
0
0
0
0
0
0
0
0
0
0
0
0
0
0
0
0
0
0
0
0
0
0
0
0
0
0
0
0
0
0
0
0
0
0
0
0
0
0
0
0
0
0
0
0
0
0
0
0
0
0
0
0
0
0
0
0
0
0
0
0
0
0
0
0
0
0
0
0
0
0
0
0
0
0
0
0
0
0
0
0
0
0
0
0
0
0
0
0
0
0
0
0
0
0
0
0
0
0
0
0
0
0
0
0
0
0
0
0
0
0
0
0
0
0
0
0
0
0
0
0
0
0
0
0
0
0
0
0
0
0
0
0
0
0
0
0
0
0
0
0
0
0
0
0
0
0
0
0
0
0
0
0
0
0
0
0
0
0
0
0
0
0
0
0
0
0
0
0
0
0
0
0
0
0
0
0
0
0
0
0
0
0
0
0
0
0
0
0
0
0
0
0
0
0
0
0
0
0
0
0
0
0
0
0
0
0
0
0
0
0
0
0
0
0
0
0
0
0
0
0
0
0
0
0
0
0
0
0
0
0
0
0
0
0
0
0
0
0
0
0
0
0
0
0
0
0
0
0
0
0
0
0
0
0
0
0
0
0
0
0
0
0
0
0
0
0
0
0
0
0
0
0
0
0
0
0
0
0
0
0
0
0
0
0
0
0
0
0
0
0
0
0
0
0
0
0
0
0
0
0
0
0
0
0
0
0
0
0
0
0
0
0
0
0
0
0
0
0
0
0
0
0
0
0
0
0
0
0
0
0
0
0
0
0
0
0
0
0
0
0
0
0
0
0
0
0
0
0
0
0
0
0
0
0
0
0
0
0
0
0
0
0
0
0
0
0
0
0
0
0
0
0
0
0
0
0
0
0
0
0
0
0
0
0
0
0
0
0
0
0
0
0
0
0
0
0
0
0
0
0
0
0
0
0
0
0
0
0
0
0
0
0
0
0
0
0
0
0
0
0
0
0
0
0
0
0
0
0
0
0
0
0
0
0
0
0
0
0
0
0
0
0
0
0
0
0
0
0
0
0
0
0
0
0
0
0
0
0
0
0
0
0
0
0
0
0
0
0
0
0
0
0
0
0
0
0
0
0
0
0
0
0
0
0
0
0
0
0
0
0
0
0
0
0
0
0
0
0
0
0
0
0
0
0
0
0
0
0
0
0
0
0
0
0
0
0
0
0
0
0
0
0
0
0
0
0
0
0
0
0
0
0
0
0
0
0
0
0
0
0
0
0
0
0
0
0
0
0
0
0
0
0
0
0
0
0
0
0
0
0
0
0
0
0
0
0
0
0
0
0
0
0
0
0
0
0
0
0
0
0
0
0
0
0
0
0
0
0
0
0
0
0
0
0
0
0
0
0
0
0
0
0
0
0
0
0
0
0
0
0
0
0
0
0
0
0
0
0
0
0
0
0
0
0
0
0
0
0
0
0
0
0
0
0
0
0
0
0
0
0
0
0
0
0
0
0
0
0
0
0
0
0
0
0
0
0
0
0
0
0
0
0
0
0
0
0
0
0
0
0
0
0
0
0
0
0
0
0
0
0
0
0
0
0
0
0
0
0
0
0
0
0
0
0
0
0
0
0
0
0
0
0
0
0
0
0
0
0
0
0
0
0
0
0
0
0
0
0
0
0
0
0
0
0
0
0
0
0
0
0
0
0
0
0
0
0
0
0
0
0
0
0
0
0
0
0
0
0
0
0
0
0
0
0
0
0
0
0
0
0
0
0
0
0
0
0
0
0
0
0
0
0
0
0
0
0
0
0
0
0
0
0
0
0
0
0
0
0
0
0
0
0
0
0
0
0
0
0
0
0
0
0
0
0
0
0
0
0
0
0
0
0
0
0
0
0
0
0
0
0
0
0
0
0
0
0
0
0
0
0
0
0
0
0
0
0
0
0
0
0
0
0
0
0
0
0
0
0
0
0
0
0
0
0
0
0
0
0
0
0
0
0
0
0
0
0
0
0
0
0
0
0
0
0
0
0
0
0
0
0
0
0
0
0
0
0
0
0
0
0
0
0
0
0
0
0
0
0
0
0
0
0
0
0
0
0
0
0
0
0
0
0
0
0
0
0
0
0
0
0
0
0
0
0
0
0
0
0
0
0
0
0
0
0
0
0
0
0
0
0
0
0
0
0
0
0
0
0
0
0
0
0
0
0
0
0
0
0
0
0
0
0
0
0
0
0
0
0
0
0
0
0
0
0
0
0
0
0
0
0
0
0
0
0
0
0
0
0
0
0
0
0
0
0
0
0
0
0
0
0
0
0
0
0
0
0
0
0
0
0
0
0
0
0
0
0
0
0
0
0
0
0
0
0
0
0
0
0
0
0
0
0
0
0
0
0
0
0
0
0
0
0
0
0
0
0
0
0
0
0
0
0
0
0
0
0
0
0
0
0
0
0
0
0
0
0
0
0
0
0
0
0
0
0
0
0
0
0
0
0
0
0
0
0
0
0
0
0
0
0
0
0
0
0
0
0
0
0
0
0
0
0
0
0
0
0
0
0
0
0
0
0
0
0
0
0
0
0
0
0
0
0
0
0
0
0
0
0
0
0
0
0
0
0
0
0
0
0
0
0
0
0
0
0
0
0
0
0
0
0
0
0
0
0
0
0
0
0
0
0
0
0
0
0
0
0
0
0
0
0
0
0
0
0
0
0
0
0
0
0
0
0
0
0
0
0
0
0
0
0
0
0
0
0
0
0
0
0
0
0
0
0
0
0
0
0
0
0
0
0
0
0
0
0
0
0
0
0
0
0
0
0
0
0
0
0
0
0
0
0
0
0
0
0
0
0
0
0
0
0
0
0
0
0
0
0
0
0
0
0
0
0
0
0
0
0
0
0
0
0
0
0
0
0
0
0
0
0
0
0
0
0
0
0
0
0
0
0
0
0
0
0
0
0
0
0
0
0
0
0
0
0
0
0
0
0
0
0
0
0
0
0
0
0
0
0
0
0
0
0
0
0
0
0
0
0
0
0
0
0
0
0
0
0
0
0
0
0
0
0
0
0
0
0
0
0
0
0
0
0
0
0
0
0
0
0
0
0
0
0
0
0
0
0
0
0
0
0
0
0
0
0
0
0
0
0
0
0
0
0
0
0
0
0
0
0
0
0
0
0
0
0
0
0
0
0
0
0
0
0
0
0
0
0
0
0
0
0
0
0
0
0
0
0
0
0
0
0
0
0
0
0
0
0
0
0
0
0
0
0
0
0
0
0
0
0
0
0
0
0
0
0
0
0
0
0
0
0
0
0
0
0
0
0
0
0
0
0
0
0
0
0
0
0
0
0
0
0
0
0
0
0
0
0
0
0
0
0
0
0
0
0
0
0
0
0
0
0
0
0
0
0
0
0
0
0
0
0
0
0
0
0
0
0
0
0
0
0
0
0
0
0
0
0
0
0
0
0
0
0
0
0
0
0
0
0
0
0
0
0
0
0
0
0
0
0
0
0
0
0
0
0
0
0
0
0
0
0
0
0
0
0
0
0
0
0
0
0
0
0
0
0
0
0
0
0
0
0
0
0
0
0
0
0
0
0
0
0
0
0
0
0
0
0
0
0
0
0
0
0
0
0
0
0
0
0
0
0
0
0
0
0
0
0
0
0
0
0
0
0
0
0
0
0
0
0
0
0
0
0
0
0
0
0
0
0
0
0
0
0
0
0
0
0
0
0
0
0
0
0
0
0
0
0
0
0
0
0
0
0
0
0
0
0
0
0
0
0
0
0
0
0
0
0
0
0
0
0
0
0
0
0
0
0
0
0
0
0
0
0
0
0
0
0
0
0
0
0
0
0
0
0
0
0
0
0
0
0
0
0
0
0
0
0
0
0
0
0
0
0
0
0
0
0
0
0
0
0
0
0
0
0
0
0
0
0
0
0
0
0
0
0
0
0
0
0
0
0
0
0
0
0
0
0
0
0
0
0
0
0
0
0
0
0
0
0
0
0
0
0
0
0
0
0
0
0
0
0
0
0
0
0
0
0
0
0
0
0
0
0
0
0
0
0
0
0
0
0
0
0
0
0
0
0
0
0
0
0
0
0
0
0
0
0
0
0
0
0
0
0
0
0
0
0
0
0
0
0
0
0
0
0
0
0
0
0
0
0
0
0
0
0
0
0
0
0
0
0
0
0
0
0
0
0
0
0
0
0
0
0
0
0
0
0
0
0
0
0
0
0
0
0
0
0
0
0
0
0
0
0
0
0
0
0
0
0
0
0
0
0
0
0
0
0
0
0
0
0
0
0
0
0
0
0
0
0
0
0
0
0
0
0
0
0
0
0
0
0
0
0
0
0
0
0
0
0
0
0
0
0
0
0
0
0
0
0
0
0
0
0
0
0
0
0
0
0
0
0
0
0
0
0
0
0
0
0
0
0
0
0
0
0
0
0
0
0
0
0
0
0
0
0
0
0
0
0
0
0
0
0
0
0
0
0
0
0
0
0
0
0
0
0
0
0
0
0
0
0
0
0
0
0
0
0
0
0
0
0
0
0
0
0
0
0
0
0
0
0
0
0
0
0
0
0
0
0
0
0
0
0
0
0
0
0
0
0
0
0
0
0
0
0
0
0
0
0
0
0
0
0
0
0
0
0
0
0
0
0
0
0
0
0
0
0
0
0
0
0
0
0
0
0
0
0
0
0
0
0
0
0
0
0
0
0
0
0
0
0
0
0
0
0
0
0
0
0
0
0
0
0
0
0
0
0
0
0
0
0
0
0
0
0
0
0
0
0
0
0
0
0
0
0
0
0
0
0
0
0
0
0
0
0
0
0
0
0
0
0
0
0
0
0
0
0
0
0
0
0
0
0
0
0
0
0
0
0
0
0
0
0
0
0
0
0
0
0
0
0
0
0
0
0
0
0
0
0
0
0
0
0
0
0
0
0
0
0
0
0
0
0
0
0
0
0
0
0
0
0
0
0
0
0
0
0
0
0
0
0
0
0
0
0
0
0
0
0
0
0
0
0
0
0
0
0
0
0
0
0
0
0
0
0
0
0
0
0
0
0
0
0
0
0
0
0
0
0
0
0
0
0
0
0
0
0
0
0
0
0
0
0
0
0
0
0
0
0
0
0
0
0
0
0
0
0
0
0
0
0
0
0
0
0
0
0
0
0
0
0
0
0
0
0
0
0
0
0
0
0
0
0
0
0
0
0
0
0
0
0
0
0
0
0
0
0
0
0
0
0
0
0
0
0
0
0
0
0
0
0
0
0
0
0
0
0
0
0
0
0
0
0
0
0
0
0
0
0
0
0
0
0
0
0
0
0
0
0
0
0
0
0
0
0
0
0
0
0
0
0
0
0
0
0
0
0
0
0
0
0
0
0
0
0
0
0
0
0
0
0
0
0
0
0
0
0
0
0
0
0
0
0
0
0
0
0
0
0
0
0
0
0
0
0
0
0
0
0
0
0
0
0
0
0
0
0
0
0
0
0
0
0
0
0
0
0
0
0
0
0
0
0
0
0
0
0
0
0
0
0
0
0
0
0
0
0
0
0
0
0
0
0
0
0
0
0
0
0
0
0
0
0
0
0
0
0
0
0
0
0
0
0
0
0
0
0
0
0
0
0
0
0
0
0
0
0
0
0
0
0
0
0
0
0
0
0
0
0
0
0
0
0
0
0
0
0
0
0
0
0
0
0
0
0
0
0
0
0
0
0
0
0
0
0
0
0
0
0
0
0
0
0
0
0
0
0
0
0
0
0
0
0
0
0
0
0
0
0
0
0
0
0
0
0
0
0
0
0
0
0
0
0
0
0
0
0
0
0
0
0
0
0
0
0
0
0
0
0
0
0
0
0
0
0
0
0
0
0
0
0
0
0
0
0
0
0
0
0
0
0
0
0
0
0
0
0
0
0
0
0
0
0
0
0
0
0
0
0
0
0
0
0
0
0
0
0
0
0
0
0
0
0
0
0
0
0
0
0
0
0
0
0
0
0
0
0
0
0
0
0
0
0
0
0
0
0
0
0
0
0
0
0
0
0
0
0
0
0
0
0
0
0
0
0
0
0
0
0
0
0
0
0
0
0
0
0
0
0
0
0
0
0
0
0
0
0
0
0
0
0
0
0
0
0
0
0
0
0
0
0
0
0
0
0
0
0
0
0
0
0
0
0
0
0
0
0
0
0
0
0
0
0
0
0
0
0
0
0
0
0
0
0
0
0
0
0
0
0
0
0
0
0
0
0
0
0
0
0
0
0
0
0
0
0
0
0
0
0
0
0
0
0
0
0
0
0
0
0
0
0
0
0
0
0
0
0
0
0
0
0
0
0
0
0
0
0
0
0
0
0
0
0
0
0
0
0
0
0
0
0
0
0
0
0
0
0
0
0
0
0
0
0
0
0
0
0
0
0
0
0
0
0
0
0
0
0
0
0
0
0
0
0
0
0
0
0
0
0
0
0
0
0
0
0
0
0
0
0
0
0
0
0
0
0
0
0
0
0
0
0
0
0
0
0
0
0
0
0
0
0
0
0
0
0
0
0
0
0
0
0
0
0
0
0
0
0
0
0
0
0
0
0
0
0
0
0
0
0
0
0
0
0
0
0
0
0
0
0
0
0
0
0
0
0
0
0
0
0
0
0
0
0
0
0
0
0
0
0
0
0
0
0
0
0
0
0
0
0
0
0
0
0
0
0
0
0
0
0
0
0
0
0
0
0
0
0
0
0
0
0
0
0
0
0
0
0
0
0
0
0
0
0
0
0
0
0
0
0
0
0
0
0
0
0
0
0
0
0
0
0
0
0
0
0
0
0
0
0
0
0
0
0
0
0
0
0
0
0
0
0
0
0
0
0
0
0
0
0
0
0
0
0
0
0
0
0
0
0
0
0
0
0
0
0
0
0
0
0
0
0
0
0
0
0
0
0
0
0
0
0
0
0
0
0
0
0
0
0
0
0
0
0
0
0
0
0
0
0
0
0
0
0
0
0
0
0
0
0
0
0
0
0
0
0
0
0
0
0
0
0
0
0
0
0
0
0
0
0
0
0
0
0
0
0
0
0
0
0
0
0
0
0
0
0
0
0
0
0
0
0
0
0
0
0
0
0
0
0
0
0
0
0
0
0
0
0
0
0
0
0
0
0
0
0
0
0
0
0
0
0
0
0
0
0
0
0
0
0
0
0
0
0
0
0
0
0
0
0
0
0
0
0
0
0
0
0
0
0
0
0
0
0
0
0
0
0
0
0
0
0
0
0
0
0
0
0
0
0
0
0
0
0
0
0
0
0
0
0
0
0
0
0
0
0
0
0
0
0
0
0
0
0
0
0
0
0
0
0
0
0
0
0
0
0
0
0
0
0
0
0
0
0
0
0
0
0
0
0
0
0
0
0
0
0
0
0
0
0
0
0
0
0
0
0
0
0
0
0
0
0
0
0
0
0
0
0
0
0
0
0
0
0
0
0
0
0
0
0
0
0
0
0
0
0
0
0
0
0
0
0
0
0
0
0
0
0
0
0
0
0
0
0
0
0
0
0
0
0
0
0
0
0
0
0
0
0
0
0
0
0
0
0
0
0
0
0
0
0
0
0
0
0
0
0
0
0
0
0
0
0
0
0
0
0
0
0
0
0
0
0
0
0
0
0
0
0
0
0
0
0
0
0
0
0
0
0
0
0
0
0
0
0
0
0
0
0
0
0
0
0
0
0
0
0
0
0
0
0
0
0
0
0
0
0
0
0
0
0
0
0
0
0
0
0
0
0
0
0
0
0
0
0
0
0
0
0
0
0
0
0
0
0
0
0
0
0
0
0
0
0
0
0
0
0
0
0
0
0
0
0
0
0
0
0
0
0
0
0
0
0
0
0
0
0
0
0
0
0
0
0
0
0
0
0
0
0
0
0
0
0
0
0
0
0
0
0
0
0
0
0
0
0
0
0
0
0
0
0
0
0
0
0
0
0
0
0
0
0
0
0
0
0
0
0
0
0
0
0
0
0
0
0
0
0
0
0
0
0
0
0
0
0
0
0
0
0
0
0
0
0
0
0
0
0
0
0
0
0
0
0
0
0
0
0
0
0
0
0
0
0
0
0
0
0
0
0
0
0
0
0
0
0
0
0
0
0
0
0
0
0
0
0
0
0
0
0
0
0
0
0
0
0
0
0
0
0
0
0
0
0
0
0
0
0
0
0
0
0
0
0
0
0
0
0
0
0
0
0
0
0
0
0
0
0
0
0
0
0
0
0
0
0
0
0
0
0
0
0
0
0
0
0
0
0
0
0
0
0
0
0
0
0
0
0
0
0
0
0
0
0
0
0
0
0
0
0
0
0
0
0
0
0
0
0
0
0
0
0
0
0
0
0
0
0
0
0
0
0
0
0
0
0
0
0
0
0
0
0
0
0
0
0
0
0
0
0
0
0
0
0
0
0
0
0
0
0
0
0
0
0
0
0
0
0
0
0
0
0
0
0
0
0
0
0
0
0
0
0
0
0
0
0
0
0
0
0
0
0
0
0
0
0
0
0
0
0
0
0
0
0
0
0
0
0
0
0
0
0
0
0
0
0
0
0
0
0
0
0
0
0
0
0
0
0
0
0
0
0
0
0
0
0
0
0
0
0
0
0
0
0
0
0
0
0
0
0
0
0
0
0
0
0
0
0
0
0
0
0
0
0
0
0
0
0
0
0
0
0
0
0
0
0
0
0
0
0
0
0
0
0
0
0
0
0
0
0
0
0
0
0
0
0
0
0
0
0
0
0
0
0
0
0
0
0
0
0
0
0
0
0
0
0
0
0
0
0
0
0
0
0
0
0
0
0
0
0
0
0
0
0
0
0
0
0
0
0
0
0
0
0
0
0
0
0
0
0
0
0
0
0
0
0
0
0
0
0
0
0
0
0
0
0
0
0
0
0
0
0
0
0
0
0
0
0
0
0
0
0
0
0
0
0
0
0
0
0
0
0
0
0
0
0
0
0
0
0
0
0
0
0
0
0
0
0
0
0
0
0
0
0
0
0
0
0
0
0
0
0
0
0
0
0
0
0
0
0
0
0
0
0
0
0
0
0
0
0
0
0
0
0
0
0
0
0
0
0
0
0
0
0
0
0
0
0
0
0
0
0
0
0
0
0
0
0
0
0
0
0
0
0
0
0
0
0
0
0
0
0
0
0
0
0
0
0
0
0
0
0
0
0
0
0
0
0
0
0
0
0
0
0
0
0
0
0
0
0
0
0
0
0
0
0
0
0
0
0
0
0
0
0
0
0
0
0
0
0
0
0
0
0
0
0
0
0
0
0
0
0
0
0
0
0
0
0
0
0
0
0
0
0
0
0
0
0
0
0
0
0
0
0
0
0
0
0
0
0
0
0
0
0
0
0
0
0
0
0
0
0
0
0
0
0
0
0
0
0
0
0
0
0
0
0
0
0
0
0
0
0
0
0
0
0
0
0
0
0
0
0
0
0
0
0
0
0
0
0
0
0
0
0
0
0
0
0
0
0
0
0
0
0
0
0
0
0
0
0
0
0
0
0
0
0
0
0
0
0
0
0
0
0
0
0
0
0
0
0
0
0
0
0
0
0
0
0
0
0
0
0
0
0
0
0
0
0
0
0
0
0
0
0
0
0
0
0
0
0
0
0
0
0
0
0
0
0
0
0
0
0
0
0
0
0
0
0
0
0
0
0
0
0
0
0
0
0
0
0
0
0
0
0
0
0
0
0
0
0
0
0
0
0
0
0
0
0
0
0
0
0
0
0
0
0
0
0
0
0
0
0
0
0
0
0
0
0
0
0
0
0
0
0
0
0
0
0
0
0
0
0
0
0
0
0
0
0
0
0
0
0
0
0
0
0
0
0
0
0
0
0
0
0
0
0
0
0
0
0
0
0
0
0
0
0
0
0
0
0
0
0
0
0
0
0
0
0
0
0
0
0
0
0
0
0
0
0
0
0
0
0
0
0
0
0
0
0
0
0
0
0
0
0
0
0
0
0
0
0
0
0
0
0
0
0
0
0
0
0
0
0
0
0
0
0
0
0
0
0
0
0
0
0
0
0
0
0
0
0
0
0
0
0
0
0
0
0
0
0
0
0
0
0
0
0
0
0
0
0
0
0
0
0
0
0
0
0
0
0
0
0
0
0
0
0
0
0
0
0
0
0
0
0
0
0
0
0
0
0
0
0
0
0
0
0
0
0
0
0
0
0
0
0
0
0
0
0
0
0
0
0
0
0
0
0
0
0
0
0
0
0
0
0
0
0
0
0
0
0
0
0
0
0
0
0
0
0
0
0
0
0
0
0
0
0
0
0
0
0
0
0
0
0
0
0
0
0
0
0
0
0
0
0
0
0
0
0
0
0
0
0
0
0
0
0
0
0
0
0
0
0
0
0
0
0
0
0
0
0
0
0
0
0
0
0
0
0
0
0
0
0
0
0
0
0
0
0
0
0
0
0
0
0
0
0
0
0
0
0
0
0
0
0
0
0
0
0
0
0
0
0
0
0
0
0
0
0
0
0
0
0
0
0
0
0
0
0
0
0
0
0
0
0
0
0
0
0
0
0
0
0
0
0
0
0
0
0
0
0
0
0
0
0
0
0
0
0
0
0
0
0
0
0
0
0
0
0
0
0
0
0
0
0
0
0
0
0
0
0
0
0
0
0
0
0
0
0
0
0
0
0
0
0
0
0
0
0
0
0
0
0
0
0
0
0
0
0
0
0
0
0
0
0
0
0
0
0
0
0
0
0
0
0
0
0
0
0
0
0
0
0
0
0
0
0
0
0
0
0
0
0
0
0
0
0
0
0
0
0
0
0
0
0
0
0
0
0
0
0
0
0
0
0
0
0
0
0
0
0
0
0
0
0
0
0
0
0
0
0
0
0
0
0
0
0
0
0
0
0
0
0
0
0
0
0
0
0
0
0
0
0
0
0
0
0
0
0
0
0
0
0
0
0
0
0
0
0
0
0
0
0
0
0
0
0
0
0
0
0
0
0
0
0
0
0
0
0
0
0
0
0
0
0
0
0
0
0
0
0
0
0
0
0
0
0
0
0
0
0
0
0
0
0
0
0
0
0
0
0
0
0
0
0
0
0
0
0
0
0
0
0
0
0
0
0
0
0
0
0
0
0
0
0
0
0
0
0
0
0
0
0
0
0
0
0
0
0
0
0
0
0
0
0
0
0
0
0
0
0
0
0
0
0
0
0
0
0
0
0
0
0
0
0
0
0
0
0
0
0
0
0
0
0
0
0
0
0
0
0
0
0
0
0
0
0
0
0
0
0
0
0
0
0
0
0
0
0
0
0
0
0
0
0
0
0
0
0
0
0
0
0
0
0
0
0
0
0
0
0
0
0
0
0
0
0
0
0
0
0
0
0
0
0
0
0
0
0
0
0
0
0
0
0
0
0
0
0
0
0
0
0
0
0
0
0
0
0
0
0
0
0
0
0
0
0
0
0
0
0
0
0
0
0
0
0
0
0
0
0
0
0
0
0
0
0
0
0
0
0
0
0
0
0
0
0
0
0
0
0
0
0
0
0
0
0
0
0
0
0
0
0
0
0
0
0
0
0
0
0
0
0
0
0
0
0
0
0
0
0
0
0
0
0
0
0
0
0
0
0
0
0
0
0
0
0
0
0
0
0
0
0
0
0
0
0
0
0
0
0
0
0
0
0
0
0
0
0
0
0
0
0
0
0
0
0
0
0
0
0
0
0
0
0
0
0
0
0
0
0
0
0
0
0
0
0
0
0
0
0
0
0
0
0
0
0
0
0
0
0
0
0
0
0
0
0
0
0
0
0
0
0
0
0
0
0
0
0
0
0
0
0
0
0
0
0
0
0
0
0
0
0
0
0
0
0
0
0
0
0
0
0
0
0
0
0
0
0
0
0
0
0
0
0
0
0
0
0
0
0
0
0
0
0
0
0
0
0
0
0
0
0
0
0
0
0
0
0
0
0
0
0
0
0
0
0
0
0
0
0
0
0
0
0
0
0
0
0
0
0
0
0
0
0
0
0
0
0
0
0
0
0
0
0
0
0
0
0
0
0
0
0
0
0
0
0
0
0
0
0
0
0
0
0
0
0
0
0
0
0
0
0
0
0
0
0
0
0
0
0
0
0
0
0
0
0
0
0
0
0
0
0
0
0
0
0
0
0
0
0
0
0
0
0
0
0
0
0
0
0
0
0
0
0
0
0
0
0
0
0
0
0
0
0
0
0
0
0
0
0
0
0
0
0
0
0
0
0
0
0
0
0
0
0
0
0
0
0
0
0
0
0
0
0
0
0
0
0
0
0
0
0
0
0
0
0
0
0
0
0
0
0
0
0
0
0
0
0
0
0
0
0
0
0
0
0
0
0
0
0
0
0
0
0
0
0
0
0
0
0
0
0
0
0
0
0
0
0
0
0
0
0
0
0
0
0
0
0
0
0
0
0
0
0
0
0
0
0
0
0
0
0
0
0
0
0
0
0
0
0
0
0
0
0
0
0
0
0
0
0
0
0
0
0
0
0
0
0
0
0
0
0
0
0
0
0
0
0
0
0
0
0
0
0
0
0
0
0
0
0
0
0
0
0
0
0
0
0
0
0
0
0
0
0
0
0
0
0
0
0
0
0
0
0
0
0
0
0
0
0
0
0
0
0
0
0
0
0
0
0
0
0
0
0
0
0
0
0
0
0
0
0
0
0
0
0
0
0
0
0
0
0
0
0
0
0
0
0
0
0
0
0
0
0
0
0
0
0
0
0
0
0
0
0
0
0
0
0
0
0
0
0
0
0
0
0
0
0
0
0
0
0
0
0
0
0
0
0
0
0
0
0
0
0
0
0
0
0
0
0
0
0
0
0
0
0
0
0
0
0
0
0
0
0
0
0
0
0
0
0
0
0
0
0
0
0
0
0
0
0
0
0
0
0
0
0
0
0
0
0
0
0
0
0
0
0
0
0
0
0
0
0
0
0
0
0
0
0
0
0
0
0
0
0
0
0
0
0
0
0
0
0
0
0
0
0
0
0
0
0
0
0
0
0
0
0
0
0
0
0
0
0
0
0
0
0
0
0
0
0
0
0
0
0
0
0
0
0
0
0
0
0
0
0
0
0
0
0
0
0
0
0
0
0
0
0
0
0
0
0
0
0
0
0
0
0
0
0
0
0
0
0
0
0
0
0
0
0
0
0
0
0
0
0
0
0
0
0
0
0
0
0
0
0
0
0
0
0
0
0
0
0
0
0
0
0
0
0
0
0
0
0
0
0
0
0
0
0
0
0
0
0
0
0
0
0
0
0
0
0
0
0
0
0
0
0
0
0
0
0
0
0
0
0
0
0
0
0
0
0
0
0
0
0
0
0
0
0
0
0
0
0
0
0
0
0
0
0
0
0
0
0
0
0
0
0
0
0
0
0
0
0
0
0
0
0
0
0
0
0
0
0
0
0
0
0
0
0
0
0
0
0
0
0
0
0
0
0
0
0
0
0
0
0
0
0
0
0
0
0
0
0
0
0
0
0
0
0
0
0
0
0
0
0
0
0
0
0
0
0
0
0
0
0
0
0
0
0
0
0
0
0
0
0
0
0
0
0
0
0
0
0
0
0
0
0
0
0
0
0
0
0
0
0
0
0
0
0
0
0
0
0
0
0
0
0
0
0
0
0
0
0
0
0
0
0
0
0
0
0
0
0
0
0
0
0
0
0
0
0
0
0
0
0
0
0
0
0
0
0
0
0
0
0
0
0
0
0
0
0
0
0
0
0
0
0
0
0
0
0
0
0
0
0
0
0
0
0
0
0
0
0
0
0
0
0
0
0
0
0
0
0
0
0
0
0
0
0
0
0
0
0
0
0
0
0
0
0
0
0
0
0
0
0
0
0
0
0
0
0
0
0
0
0
0
0
0
0
0
0
0
0
0
0
0
0
0
0
0
0
0
0
0
0
0
0
0
0
0
0
0
0
0
0
0
0
0
0
0
0
0
0
0
0
0
0
0
0
0
0
0
0
0
0
0
0
0
0
0
0
0
0
0
0
0
0
0
0
0
0
0
0
0
0
0
0
0
0
0
0
0
0
0
0
0
0
0
0
0
0
0
0
0
0
0
0
0
0
0
0
0
0
0
0
0
0
0
0
0
0
0
0
0
0
0
0
0
0
0
0
0
0
0
0
0
0
0
0
0
0
0
0
0
0
0
0
0
0
0
0
0
0
0
0
0
0
0
0
0
0
0
0
0
0
0
0
0
0
0
0
0
0
0
0
0
0
0
0
0
0
0
0
0
0
0
0
0
0
0
0
0
0
0
0
0
0
0
0
0
0
0
0
0
0
0
0
0
0
0
0
0
0
0
0
0
0
0
0
0
0
0
0
0
0
0
0
0
0
0
0
0
0
0
0
0
0
0
0
0
0
0
0
0
0
0
0
0
0
0
0
0
0
0
0
0
0
0
0
0
0
0
0
0
0
0
0
0
0
0
0
0
0
0
0
0
0
0
0
0
0
0
0
0
0
0
0
0
0
0
0
0
0
0
0
0
0
0
0
0
0
0
0
0
0
0
0
0
0
0
0
0
0
0
0
0
0
0
0
0
0
0
0
0
0
0
0
0
0
0
0
0
0
0
0
0
0
0
0
0
0
0
0
0
0
0
0
0
0
0
0
0
0
0
0
0
0
0
0
0
0
0
0
0
0
0
0
0
0
0
0
0
0
0
0
0
0
0
0
0
0
0
0
0
0
0
0
0
0
0
0
0
0
0
0
0
0
0
0
0
0
0
0
0
0
0
0
0
0
0
0
0
0
0
0
0
0
0
0
0
0
0
0
0
0
0
0
0
0
0
0
0
0
0
0
0
0
0
0
0
0
0
0
0
0
0
0
0
0
0
0
0
0
0
0
0
0
0
0
0
0
0
0
0
0
0
0
0
0
0
0
0
0
0
0
0
0
0
0
0
0
0
0
0
0
0
0
0
0
0
0
0
0
0
0
0
0
0
0
0
0
0
0
0
0
0
0
0
0
0
0
0
0
0
0
0
0
0
0
0
0
0
0
0
0
0
0
0
0
0
0
0
0
0
0
0
0
0
0
0
0
0
0
0
0
0
0
0
0
0
0
0
0
0
0
0
0
0
0
0
0
0
0
0
0
0
0
0
0
0
0
0
0
0
0
0
0
0
0
0
0
0
0
0
0
0
0
0
0
0
0
0
0
0
0
0
0
0
0
0
0
0
0
0
0
0
0
0
0
0
0
0
0
0
0
0
0
0
0
0
0
0
0
0
0
0
0
0
0
0
0
0
0
0
0
0
0
0
0
0
0
0
0
0
0
0
0
0
0
0
0
0
0
0
0
0
0
0
0
0
0
0
0
0
0
0
0
0
0
0
0
0
0
0
0
0
0
0
0
0
0
0
0
0
0
0
0
0
0
0
0
0
0
0
0
0
0
0
0
0
0
0
0
0
0
0
0
0
0
0
0
0
0
0
0
0
0
0
0
0
0
0
0
0
0
0
0
0
0
0
0
0
0
0
0
0
0
0
0
0
0
0
0
0
0
0
0
0
0
0
0
0
0
0
0
0
0
0
0
0
0
0
0
0
0
0
0
0
0
0
0
0
0
0
0
0
0
0
0
0
0
0
0
0
0
0
0
0
0
0
0
0
0
0
0
0
0
0
0
0
0
0
0
0
0
0
0
0
0
0
0
0
0
0
0
0
0
0
0
0
0
0
0
0
0
0
0
0
0
0
0
0
0
0
0
0
0
0
0
0
0
0
0
0
0
0
0
0
0
0
0
0
0
0
0
0
0
0
0
0
0
0
0
0
0
0
0
0
0
0
0
0
0
0
0
0
0
0
0
0
0
0
0
0
0
0
0
0
0
0
0
0
0
0
0
0
0
0
0
0
0
0
0
0
0
0
0
0
0
0
0
0
0
0
0
0
0
0
0
0
0
0
0
0
0
0
0
0
0
0
0
0
0
0
0
0
0
0
0
0
0
0
0
0
0
0
0
0
0
0
0
0
0
0
0
0
0
0
0
0
0
0
0
0
0
0
0
0
0
0
0
0
0
0
0
0
0
0
0
0
0
0
0
0
0
0
0
0
0
0
0
0
0
0
0
0
0
0
0
0
0
0
0
0
0
0
0
0
0
0
0
0
0
0
0
0
0
0
0
0
0
0
0
0
0
0
0
0
0
0
0
0
0
0
0
0
0
0
0
0
0
0
0
0
0
0
0
0
0
0
0
0
0
0
0
0
0
0
0
0
0
0
0
0
0
0
0
0
0
0
0
0
0
0
0
0
0
0
0
0
0
0
0
0
0
0
0
0
0
0
0
0
0
0
0
0
0
0
0
0
0
0
0
0
0
0
0
0
0
0
0
0
0
0
0
0
0
0
0
0
0
0
0
0
0
0
0
0
0
0
0
0
0
0
0
0
0
0
0
0
0
0
0
0
0
0
0
0
0
0
0
0
0
0
0
0
0
0
0
0
0
0
0
0
0
0
0
0
0
0
0
0
0
0
0
0
0
0
0
0
0
0
0
0
0
0
0
0
0
0
0
0
0
0
0
0
0
0
0
0
0
0
0
0
0
0
0
0
0
0
0
0
0
0
0
0
0
0
0
0
0
0
0
0
0
0
0
0
0
0
0
0
0
0
0
0
0
0
0
0
0
0
0
0
0
0
0
0
0
0
0
0
0
0
0
0
0
0
0
0
0
0
0
0
0
0
0
0
0
0
0
0
0
0
0
0
0
0
0
0
0
0
0
0
0
0
0
0
0
0
0
0
0
0
0
0
0
0
0
0
0
0
0
0
0
0
0
0
0
0
0
0
0
0
0
0
0
0
0
0
0
0
0
0
0
0
0
0
0
0
0
0
0
0
0
0
0
0
0
0
0
0
0
0
0
0
0
0
0
0
0
0
0
0
0
0
0
0
0
0
0
0
0
0
0
0
0
0
0
0
0
0
0
0
0
0
0
0
0
0
0
0
0
0
0
0
0
0
0
0
0
0
0
0
0
0
0
0
0
0
0
0
0
0
0
0
0
0
0
0
0
0
0
0
0
0
0
0
0
0
0
0
0
0
0
0
0
0
0
0
0
0
0
0
0
0
0
0
0
0
0
0
0
0
0
0
0
0
0
0
0
0
0
0
0
0
0
0
0
0
0
0
0
0
0
0
0
0
0
0
0
0
0
0
0
0
0
0
0
0
0
0
0
0
0
0
0
0
0
0
0
0
0
0
0
0
0
0
0
0
0
0
0
0
0
0
0
0
0
0
0
0
0
0
0
0
0
0
0
0
0
0
0
0
0
0
0
0
0
0
0
0
0
0
0
0
0
0
0
0
0
0
0
0
0
0
0
0
0
0
0
0
0
0
0
0
0
0
0
0
0
0
0
0
0
0
0
0
0
0
0
0
0
0
0
0
0
0
0
0
0
0
0
0
0
0
0
0
0
0
0
0
0
0
0
0
0
0
0
0
0
0
0
0
0
0
0
0
0
0
0
0
0
0
0
0
0
0
0
0
0
0
0
0
0
0
0
0
0
0
0
0
0
0
0
0
0
0
0
0
0
0
0
0
0
0
0
0
0
0
0
0
0
0
0
0
0
0
0
0
0
0
0
0
0
0
0
0
0
0
0
0
0
0
0
0
0
0
0
0
0
0
0
0
0
0
0
0
0
0
0
0
0
0
0
0
0
0
0
0
0
0
0
0
0
0
0
0
0
0
0
0
0
0
0
0
0
0
0
0
0
0
0
0
0
0
0
0
0
0
0
0
0
0
0
0
0
0
0
0
0
0
0
0
0
0
0
0
0
0
0
0
0
0
0
0
0
0
0
0
0
0
0
0
0
0
0
0
0
0
0
0
0
0
0
0
0
0
0
0
0
0
0
0
0
0
0
0
0
0
0
0
0
0
0
0
0
0
0
0
0
0
0
0
0
0
0
0
0
0
0
0
0
0
0
0
0
0
0
0
0
0
0
0
0
0
0
0
0
0
0
0
0
0
0
0
0
0
0
0
0
0
0
0
0
0
0
0
0
0
0
0
0
0
0
0
0
0
0
0
0
0
0
0
0
0
0
0
0
0
0
0
0
0
0
0
0
0
0
0
0
0
0
0
0
0
0
0
0
0
0
0
0
0
0
0
0
0
0
0
0
0
0
0
0
0
0
0
0
0
0
0
0
0
0
0
0
0
0
0
0
0
0
0
0
0
0
0
0
0
0
0
0
0
0
0
0
0
0
0
0
0
0
0
0
0
0
0
0
0
0
0
0
0
0
0
0
0
0
0
0
0
0
0
0
0
0
0
0
0
0
0
0
0
0
0
0
0
0
0
0
0
0
0
0
0
0
0
0
0
0
0
0
0
0
0
0
0
0
0
0
0
0
0
0
0
0
0
0
0
0
0
0
0
0
0
0
0
0
0
0
0
0
0
0
0
0
0
0
0
0
0
0
0
0
0
0
0
0
0
0
0
0
0
0
0
0
0
0
0
0
0
0
0
0
0
0
0
0
0
0
0
0
0
0
0
0
0
0
0
0
0
0
0
0
0
0
0
0
0
0
0
0
0
0
0
0
0
0
0
0
0
0
0
0
0
0
0
0
0
0
0
0
0
0
0
0
0
0
0
0
0
0
0
0
0
0
0
0
0
0
0
0
0
0
0
0
0
0
0
0
0
0
0
0
0
0
0
0
0
0
0
0
0
0
0
0
0
0
0
0
0
0
0
0
0
0
0
0
0
0
0
0
0
0
0
0
0
0
0
0
0
0
0
0
0
0
0
0
0
0
0
0
0
0
0
0
0
0
0
0
0
0
0
0
0
0
0
0
0
0
0
0
0
0
0
0
0
0
0
0
0
0
0
0
0
0
0
0
0
0
0
0
0
0
0
0
0
0
0
0
0
0
0
0
0
0
0
0
0
0
0
0
0
0
0
0
0
0
0
0
0
0
0
0
0
0
0
0
0
0
0
0
0
0
0
0
0
0
0
0
0
0
0
0
0
0
0
0
0
0
0
0
0
0
0
0
0
0
0
0
0
0
0
0
0
0
0
0
0
0
0
0
0
0
0
0
0
0
0
0
0
0
0
0
0
0
0
0
0
0
0
0
0
0
0
0
0
0
0
0
0
0
0
0
0
0
0
0
0
0
0
0
0
0
0
0
0
0
0
0
0
0
0
0
0
0
0
0
0
0
0
0
0
0
0
0
0
0
0
0
0
0
0
0
0
0
0
0
0
0
0
0
0
0
0
0
0
0
0
0
0
0
0
0
0
0
0
0
0
0
0
0
0
0
0
0
0
0
0
0
0
0
0
0
0
0
0
0
0
0
0
0
0
0
0
0
0
0
0
0
0
0
0
0
0
0
0
0
0
0
0
0
0
0
0
0
0
0
0
0
0
0
0
0
0
0
0
0
0
0
0
0
0
0
0
0
0
0
0
0
0
0
0
0
0
0
0
0
0
0
0
0
0
0
0
0
0
0
0
0
0
0
0
0
0
0
0
0
0
0
0
0
0
0
0
0
0
0
0
0
0
0
0
0
0
0
0
0
0
0
0
0
0
0
0
0
0
0
0
0
0
0
0
0
0
0
0
0
0
0
0
0
0
0
0
0
0
0
0
0
0
0
0
0
0
0
0
0
0
0
0
0
0
0
0
0
0
0
0
0
0
0
0
0
0
0
0
0
0
0
0
0
0
0
0
0
0
0
0
0
0
0
0
0
0
0
0
0
0
0
0
0
0
0
0
0
0
0
0
0
0
0
0
0
0
0
0
0
0
0
0
0
0
0
0
0
0
0
0
0
0
0
0
0
0
0
0
0
0
0
0
0
0
0
0
0
0
0
0
0
0
0
0
0
0
0
0
0
0
0
0
0
0
0
0
0
0
0
0
0
0
0
0
0
0
0
0
0
0
0
0
0
0
0
0
0
0
0
0
0
0
0
0
0
0
0
0
0
0
0
0
0
0
0
0
0
0
0
0
0
0
0
0
0
0
0
0
0
0
0
0
0
0
0
0
0
0
0
0
0
0
0
0
0
0
0
0
0
0
0
0
0
0
0
0
0
0
0
0
0
0
0
0
0
0
0
0
0
0
0
0
0
0
0
0
0
0
0
0
0
0
0
0
0
0
0
0
0
0
0
0
0
0
0
0
0
0
0
0
0
0
0
0
0
0
0
0
0
0
0
0
0
0
0
0
0
0
0
0
0
0
0
0
0
0
0
0
0
0
0
0
0
0
0
0
0
0
0
0
0
0
0
0
0
0
0
0
0
0
0
0
0
0
0
0
0
0
0
0
0
0
0
0
0
0
0
0
0
0
0
0
0
0
0
0
0
0
0
0
0
0
0
0
0
0
0
0
0
0
0
0
0
0
0
0
0
0
0
0
0
0
0
0
0
0
0
0
0
0
0
0
0
0
0
0
0
0
0
0
0
0
0
0
0
0
0
0
0
0
0
0
0
0
0
0
0
0
0
0
0
0
0
0
0
0
0
0
0
0
0
0
0
0
0
0
0
0
0
0
0
0
0
0
0
0
0
0
0
0
0
0
0
0
0
0
0
0
0
0
0
0
0
0
0
0
0
0
0
0
0
0
0
0
0
0
0
0
0
0
0
0
0
0
0
0
0
0
0
0
0
0
0
0
0
0
0
0
0
0
0
0
0
0
0
0
0
0
0
0
0
0
0
0
0
0
0
0
0
0
0
0
0
0
0
0
0
0
0
0
0
0
0
0
0
0
0
0
0
0
0
0
0
0
0
0
0
0
0
0
0
0
0
0
0
0
0
0
0
0
0
0
0
0
0
0
0
0
0
0
0
0
0
0
0
0
0
0
0
0
0
0
0
0
0
0
0
0
0
0
0
0
0
0
0
0
0
0
0
0
0
0
0
0
0
0
0
0
0
0
0
0
0
0
0
0
0
0
0
0
0
0
0
0
0
0
0
0
0
0
0
0
0
0
0
0
0
0
0
0
0
0
0
0
0
0
0
0
0
0
0
0
0
0
0
0
0
0
0
0
0
0
0
0
0
0
0
0
0
0
0
0
0
0
0
0
0
0
0
0
0
0
0
0
0
0
0
0
0
0
0
0
0
0
0
0
0
0
0
0
0
0
0
0
0
0
0
0
0
0
0
0
0
0
0
0
0
0
0
0
0
0
0
0
0
0
0
0
0
0
0
0
0
0
0
0
0
0
0
0
0
0
0
0
0
0
0
0
0
0
0
0
0
0
0
0
0
0
0
0
0
0
0
0
0
0
0
0
0
0
0
0
0
0
0
0
0
0
0
0
0
0
0
0
0
0
0
0
0
0
0
0
0
0
0
0
0
0
0
0
0
0
0
0
0
0
0
0
0
0
0
0
0
0
0
0
0
0
0
0
0
0
0
0
0
0
0
0
0
0
0
0
0
0
0
0
0
0
0
0
0
0
0
0
0
0
0
0
0
0
0
0
0
0
0
0
0
0
0
0
0
0
0
0
0
0
0
0
0
0
0
0
0
0
0
0
0
0
0
0
0
0
0
0
0
0
0
0
0
0
0
0
0
0
0
0
0
0
0
0
0
0
0
0
0
0
0
0
0
0
0
0
0
0
0
0
0
0
0
0
0
0
0
0
0
0
0
0
0
0
0
0
0
0
0
0
0
0
0
0
0
0
0
0
0
0
0
0
0
0
0
0
0
0
0
0
0
0
0
0
0
0
0
0
0
0
0
0
0
0
0
0
0
0
0
0
0
0
0
0
0
0
0
0
0
0
0
0
0
0
0
0
0
0
0
0
0
0
0
0
0
0
0
0
0
0
0
0
0
0
0
0
0
0
0
0
0
0
0
0
0
0
0
0
0
0
0
0
0
0
0
0
0
0
0
0
0
0
0
0
0
0
0
0
0
0
0
0
0
0
0
0
0
0
0
0
0
0
0
0
0
0
0
0
0
0
0
0
0
0
0
0
0
0
0
0
0
0
0
0
0
0
0
0
0
0
0
0
0
0
0
0
0
0
0
0
0
0
0
0
0
0
0
0
0
0
0
0
0
0
0
0
0
0
0
0
0
0
0
0
0
0
0
0
0
0
0
0
0
0
0
0
0
0
0
0
0
0
0
0
0
0
0
0
0
0
0
0
0
0
0
0
0
0
0
0
0
0
0
0
0
0
0
0
0
0
0
0
0
0
0
0
0
0
0
0
0
0
0
0
0
0
0
0
0
0
0
0
0
0
0
0
0
0
0
0
0
0
0
0
0
0
0
0
0
0
0
0
0
0
0
0
0
0
0
0
0
0
0
0
0
0
0
0
0
0
0
0
0
0
0
0
0
0
0
0
0
0
0
0
0
0
0
0
0
0
0
0
0
0
0
0
0
0
0
0
0
0
0
0
0
0
0
0
0
0
0
0
0
0
0
0
0
0
0
0
0
0
0
0
0
0
0
0
0
0
0
0
0
0
0
0
0
0
0
0
0
0
0
0
0
0
0
0
0
0
0
0
0
0
0
0
0
0
0
0
0
0
0
0
0
0
0
0
0
0
0
0
0
0
0
0
0
0
0
0
0
0
0
0
0
0
0
0
0
0
0
0
0
0
0
0
0
0
0
0
0
0
0
0
0
0
0
0
0
0
0
0
0
0
0
0
0
0
0
0
0
0
0
0
0
0
0
0
0
0
0
0
0
0
0
0
0
0
0
0
0
0
0
0
0
0
0
0
0
0
0
0
0
0
0
0
0
0
0
0
0
0
0
0
0
0
0
0
0
0
0
0
0
0
0
0
0
0
0
0
0
0
0
0
0
0
0
0
0
0
0
0
0
0
0
0
0
0
0
0
0
0
0
0
0
0
0
0
0
0
0
0
0
0
0
0
0
0
0
0
0
0
0
0
0
0
0
0
0
0
0
0
0
0
0
0
0
0
0
0
0
0
0
0
0
0
0
0
0
0
0
0
0
0
0
0
0
0
0
0
0
0
0
0
0
0
0
0
0
0
0
0
0
0
0
0
0
0
0
0
0
0
0
0
0
0
0
0
0
0
0
0
0
0
0
0
0
0
0
0
0
0
0
0
0
0
0
0
0
0
0
0
0
0
0
0
0
0
0
0
0
0
0
0
0
0
0
0
0
0
0
0
0
0
0
0
0
0
0
0
0
0
0
0
0
0
0
0
0
0
0
0
0
0
0
0
0
0
0
0
0
0
0
0
0
0
0
0
0
0
0
0
0
0
0
0
0
0
0
0
0
0
0
0
0
0
0
0
0
0
0
0
0
0
0
0
0
0
0
0
0
0
0
0
0
0
0
0
0
0
0
0
0
0
0
0
0
0
0
0
0
0
0
0
0
0
0
0
0
0
0
0
0
0
0
0
0
0
0
0
0
0
0
0
0
0
0
0
0
0
0
0
0
0
0
0
0
0
0
0
0
0
0
0
0
0
0
0
0
0
0
0
0
0
0
0
0
0
0
0
0
0
0
0
0
0
0
0
0
0
0
0
0
0
0
0
0
0
0
0
0
0
0
0
0
0
0
0
0
0
0
0
0
0
0
0
0
0
0
0
0
0
0
0
0
0
0
0
0
0
0
0
0
0
0
0
0
0
0
0
0
0
0
0
0
0
0
0
0
0
0
0
0
0
0
0
0
0
0
0
0
0
0
0
0
0
0
0
0
0
0
0
0
0
0
0
0
0
0
0
0
0
0
0
0
0
0
0
0
0
0
0
0
0
0
0
0
0
0
0
0
0
0
0
0
0
0
0
0
0
0
0
0
0
0
0
0
0
0
0
0
0
0
0
0
0
0
0
0
0
0
0
0
0
0
0
0
0
0
0
0
0
0
0
0
0
0
0
0
0
0
0
0
0
0
0
0
0
0
0
0
0
0
0
0
0
0
0
0
0
0
0
0
0
0
0
0
0
0
0
0
0
0
0
0
0
0
0
0
0
0
0
0
0
0
0
0
0
0
0
0
0
0
0
0
0
0
0
0
0
0
0
0
0
0
0
0
0
0
0
0
0
0
0
0
0
0
0
0
0
0
0
0
0
0
0
0
0
0
0
0
0
0
0
0
0
0
0
0
0
0
0
0
0
0
0
0
0
0
0
0
0
0
0
0
0
0
0
0
0
0
0
0
0
0
0
0
0
0
0
0
0
0
0
0
0
0
0
0
0
0
0
0
0
0
0
0
0
0
0
0
0
0
0
0
0
0
0
0
0
0
0
0
0
0
0
0
0
0
0
0
0
0
0
0
0
0
0
0
0
0
0
0
0
0
0
0
0
0
0
0
0
0
0
0
0
0
0
0
0
0
0
0
0
0
0
0
0
0
0
0
0
0
0
0
0
0
0
0
0
0
0
0
0
0
0
0
0
0
0
0
0
0
0
0
0
0
0
0
0
0
0
0
0
0
0
0
0
0
0
0
0
0
0
0
0
0
0
0
0
0
0
0
0
0
0
0
0
0
0
0
0
0
0
0
0
0
0
0
0
0
0
0
0
0
0
0
0
0
0
0
0
0
0
0
0
0
0
0
0
0
0
0
0
0
0
0
0
0
0
0
0
0
0
0
0
0
0
0
0
0
0
0
0
0
0
0
0
0
0
0
0
0
0
0
0
0
0
0
0
0
0
0
0
0
0
0
0
0
0
0
0
0
0
0
0
0
0
0
0
0
0
0
0
0
0
0
0
0
0
0
0
0
0
0
0
0
0
0
0
0
0
0
0
0
0
0
0
0
0
0
0
0
0
0
0
0
0
0
0
0
0
0
0
0
0
0
0
0
0
0
0
0
0
0
0
0
0
0
0
0
0
0
0
0
0
0
0
0
0
0
0
0
0
0
0
0
0
0
0
0
0
0
0
0
0
0
0
0
0
0
0
0
0
0
0
0
0
0
0
0
0
0
0
0
0
0
0
0
0
0
0
0
0
0
0
0
0
0
0
0
0
0
0
0
0
0
0
0
0
0
0
0
0
0
0
0
0
0
0
0
0
0
0
0
0
0
0
0
0
0
0
0
0
0
0
0
0
0
0
0
0
0
0
0
0
0
0
0
0
0
0
0
0
0
0
0
0
0
0
0
0
0
0
0
0
0
0
0
0
0
0
0
0
0
0
0
0
0
0
0
0
0
0
0
0
0
0
0
0
0
0
0
0
0
0
0
0
0
0
0
0
0
0
0
0
0
0
0
0
0
0
0
0
0
0
0
0
0
0
0
0
0
0
0
0
0
0
0
0
0
0
0
0
0
0
0
0
0
0
0
0
0
0
0
0
0
0
0
0
0
0
0
0
0
0
0
0
0
0
0
0
0
0
0
0
0
0
0
0
0
0
0
0
0
0
0
0
0
0
0
0
0
0
0
0
0
0
0
0
0
0
0
0
0
0
0
0
0
0
0
0
0
0
0
0
0
0
0
0
0
0
0
0
0
0
0
0
0
0
0
0
0
0
0
0
0
0
0
0
0
0
0
0
0
0
0
0
0
0
0
0
0
0
0
0
0
0
0
0
0
0
0
0
0
0
0
0
0
0
0
0
0
0
0
0
0
0
0
0
0
0
0
0
0
0
0
0
0
0
0
0
0
0
0
0
0
0
0
0
0
0
0
0
0
0
0
0
0
0
0
0
0
0
0
0
0
0
0
0
0
0
0
0
0
0
0
0
0
0
0
0
0
0
0
0
0
0
0
0
0
0
0
0
0
0
0
0
0
0
0
0
0
0
0
0
0
0
0
0
0
0
0
0
0
0
0
0
0
0
0
0
0
0
0
0
0
0
0
0
0
0
0
0
0
0
0
0
0
0
0
0
0
0
0
0
0
0
0
0
0
0
0
0
0
0
0
0
0
0
0
0
0
0
0
0
0
0
0
0
0
0
0
0
0
0
0
0
0
0
0
0
0
0
0
0
0
0
0
0
0
0
0
0
0
0
0
0
0
0
0
0
0
0
0
0
0
0
0
0
0
0
0
0
0
0
0
0
0
0
0
0
0
0
0
0
0
0
0
0
0
0
0
0
0
0
0
0
0
0
0
0
0
0
0
0
0
0
0
0
0
0
0
0
0
0
0
0
0
0
0
0
0
0
0
0
0
0
0
0
0
0
0
0
0
0
0
0
0
0
0
0
0
0
0
0
0
0
0
0
0
0
0
0
0
0
0
0
0
0
0
0
0
0
0
0
0
0
0
0
0
0
0
0
0
0
0
0
0
0
0
0
0
0
0
0
0
0
0
0
0
0
0
0
0
0
0
0
0
0
0
0
0
0
0
0
0
0
0
0
0
0
0
0
0
0
0
0
0
0
0
0
0
0
0
0
0
0
0
0
0
0
0
0
0
0
0
0
0
0
0
0
0
0
0
0
0
0
0
0
0
0
0
0
0
0
0
0
0
0
0
0
0
0
0
0
0
0
0
0
0
0
0
0
0
0
0
0
0
0
0
0
0
0
0
0
0
0
0
0
0
0
0
0
0
0
0
0
0
0
0
0
0
0
0
0
0
0
0
0
0
0
0
0
0
0
0
0
0
0
0
0
0
0
0
0
0
0
0
0
0
0
0
0
0
0
0
0
0
0
0
0
0
0
0
0
0
0
0
0
0
0
0
0
0
0
0
0
0
0
0
0
0
0
0
0
0
0
0
0
0
0
0
0
0
0
0
0
0
0
0
0
0
0
0
0
0
0
0
0
0
0
0
0
0
0
0
0
0
0
0
0
0
0
0
0
0
0
0
0
0
0
0
0
0
0
0
0
0
0
0
0
0
0
0
0
0
0
0
0
0
0
0
0
0
0
0
0
0
0
0
0
0
0
0
0
0
0
0
0
0
0
0
0
0
0
0
0
0
0
0
0
0
0
0
0
0
0
0
0
0
0
0
0
0
0
0
0
0
0
0
0
0
0
0
0
0
0
0
0
0
0
0
0
0
0
0
0
0
0
0
0
0
0
0
0
0
0
0
0
0
0
0
0
0
0
0
0
0
0
0
0
0
0
0
0
0
0
0
0
0
0
0
0
0
0
0
0
0
0
0
0
0
0
0
0
0
0
0
0
0
0
0
0
0
0
0
0
0
0
0
0
0
0
0
0
0
0
0
0
0
0
0
0
0
0
0
0
0
0
0
0
0
0
0
0
0
0
0
0
0
0
0
0
0
0
0
0
0
0
0
0
0
0
0
0
0
0
0
0
0
0
0
0
0
0
0
0
0
0
0
0
0
0
0
0
0
0
0
0
0
0
0
0
0
0
0
0
0
0
0
0
0
0
0
0
0
0
0
0
0
0
0
0
0
0
0
0
0
0
0
0
0
0
0
0
0
0
0
0
0
0
0
0
0
0
0
0
0
0
0
0
0
0
0
0
0
0
0
0
0
0
0
0
0
0
0
0
0
0
0
0
0
0
0
0
0
0
0
0
0
0
0
0
0
0
0
0
0
0
0
0
0
0
0
0
0
0
0
0
0
0
0
0
0
0
0
0
0
0
0
0
0
0
0
0
0
0
0
0
0
0
0
0
0
0
0
0
0
0
0
0
0
0
0
0
0
0
0
0
0
0
0
0
0
0
0
0
0
0
0
0
0
0
0
0
0
0
0
0
0
0
0
0
0
0
0
0
0
0
0
0
0
0
0
0
0
0
0
0
0
0
0
0
0
0
0
0
0
0
0
0
0
0
0
0
0
0
0
0
0
0
0
0
0
0
0
0
0
0
0
0
0
0
0
0
0
0
0
0
0
0
0
0
0
0
0
0
0
0
0
0
0
0
0
0
0
0
0
0
0
0
0
0
0
0
0
0
0
0
0
0
0
0
0
0
0
0
0
0
0
0
0
0
0
0
0
0
0
0
0
0
0
0
0
0
0
0
0
0
0
0
0
0
0
0
0
0
0
0
0
0
0
0
0
0
0
0
0
0
0
0
0
0
0
0
0
0
0
0
0
0
0
0
0
0
0
0
0
0
0
0
0
0
0
0
0
0
0
0
0
0
0
0
0
0
0
0
0
0
0
0
0
0
0
0
0
0
0
0
0
0
0
0
0
0
0
0
0
0
0
0
0
0
0
0
0
0
0
0
0
0
0
0
0
0
0
0
0
0
0
0
0
0
0
0
0
0
0
0
0
0
0
0
0
0
0
0
0
0
0
0
0
0
0
0
0
0
0
0
0
0
0
0
0
0
0
0
0
0
0
0
0
0
0
0
0
0
0
0
0
0
0
0
0
0
0
0
0
0
0
0
0
0
0
0
0
0
0
0
0
0
0
0
0
0
0
0
0
0
0
0
0
0
0
0
0
0
0
0
0
0
0
0
0
0
0
0
0
0
0
0
0
0
0
0
0
0
0
0
0
0
0
0
0
0
0
0
0
0
0
0
0
0
0
0
0
0
0
0
0
0
0
0
0
0
0
0
0
0
0
0
0
0
0
0
0
0
0
0
0
0
0
0
0
0
0
0
0
0
0
0
0
0
0
0
0
0
0
0
0
0
0
0
0
0
0
0
0
0
0
0
0
0
0
0
0
0
0
0
0
0
0
0
0
0
0
0
0
0
0
0
0
0
0
0
0
0
0
0
0
0
0
0
0
0
0
0
0
0
0
0
0
0
0
0
0
0
0
0
0
0
0
0
0
0
0
0
0
0
0
0
0
0
0
0
0
0
0
0
0
0
0
0
0
0
0
0
0
0
0
0
0
0
0
0
0
0
0
0
0
0
0
0
0
0
0
0
0
0
0
0
0
0
0
0
0
0
0
0
0
0
0
0
0
0
0
0
0
0
0
0
0
0
0
0
0
0
0
0
0
0
0
0
0
0
0
0
0
0
0
0
0
0
0
0
0
0
0
0
0
0
0
0
0
0
0
0
0
0
0
0
0
0
0
0
0
0
0
0
0
0
0
0
0
0
0
0
0
0
0
0
0
0
0
0
0
0
0
0
0
0
0
0
0
0
0
0
0
0
0
0
0
0
0
0
0
0
0
0
0
0
0
0
0
0
0
0
0
0
0
0
0
0
0
0
0
0
0
0
0
0
0
0
0
0
0
0
0
0
0
0
0
0
0
0
0
0
0
0
0
0
0
0
0
0
0
0
0
0
0
0
0
0
0
0
0
0
0
0
0
0
0
0
0
0
0
0
0
0
0
0
0
0
0
0
0
0
0
0
0
0
0
0
0
0
0
0
0
0
0
0
0
0
0
0
0
0
0
0
0
0
0
0
0
0
0
0
0
0
0
0
0
0
0
0
0
0
0
0
0
0
0
0
0
0
0
0
0
0
0
0
0
0
0
0
0
0
0
0
0
0
0
0
0
0
0
0
0
0
0
0
0
0
0
0
0
0
0
0
0
0
0
0
0
0
0
0
0
0
0
0
0
0
0
0
0
0
0
0
0
0
0
0
0
0
0
0
0
0
0
0
0
0
0
0
0
0
0
0
0
0
0
0
0
0
0
0
0
0
0
0
0
0
0
0
0
0
0
0
0
0
0
0
0
0
0
0
0
0
0
0
0
0
0
0
0
0
0
0
0
0
0
0
0
0
0
0
0
0
0
0
0
0
0
0
0
0
0
0
0
0
0
0
0
0
0
0
0
0
0
0
0
0
0
0
0
0
0
0
0
0
0
0
0
0
0
0
0
0
0
0
0
0
0
0
0
0
0
0
0
0
0
0
0
0
0
0
0
0
0
0
0
0
0
0
0
0
0
0
0
0
0
0
0
0
0
0
0
0
0
0
0
0
0
0
0
0
0
0
0
0
0
0
0
0
0
0
0
0
0
0
0
0
0
0
0
0
0
0
0
0
0
0
0
0
0
0
0
0
0
0
0
0
0
0
0
0
0
0
0
0
0
0
0
0
0
0
0
0
0
0
0
0
0
0
0
0
0
0
0
0
0
0
0
0
0
0
0
0
0
0
0
0
0
0
0
0
0
0
0
0
0
0
0
0
0
0
0
0
0
0
0
0
0
0
0
0
0
0
0
0
0
0
0
0
0
0
0
0
0
0
0
0
0
0
0
0
0
0
0
0
0
0
0
0
0
0
0
0
0
0
0
0
0
0
0
0
0
0
0
0
0
0
0
0
0
0
0
0
0
0
0
0
0
0
0
0
0
0
0
0
0
0
0
0
0
0
0
0
0
0
0
0
0
0
0
0
0
0
0
0
0
0
0
0
0
0
0
0
0
0
0
0
0
0
0
0
0
0
0
0
0
0
0
0
0
0
0
0
0
0
0
0
0
0
0
0
0
0
0
0
0
0
0
0
0
0
0
0
0
0
0
0
0
0
0
0
0
0
0
0
0
0
0
0
0
0
0
0
0
0
0
0
0
0
0
0
0
0
0
0
0
0
0
0
0
0
0
0
0
0
0
0
0
0
0
0
0
0
0
0
0
0
0
0
0
0
0
0
0
0
0
0
0
0
0
0
0
0
0
0
0
0
0
0
0
0
0
0
0
0
0
0
0
0
0
0
0
0
0
0
0
0
0
0
0
0
0
0
0
0
0
0
0
0
0
0
0
0
0
0
0
0
0
0
0
0
0
0
0
0
0
0
0
0
0
0
0
0
0
0
0
0
0
0
0
0
0
0
0
0
0
0
0
0
0
0
0
0
0
0
0
0
0
0
0
0
0
0
0
0
0
0
0
0
0
0
0
0
0
0
0
0
0
0
0
0
0
0
0
0
0
0
0
0
0
0
0
0
0
0
0
0
0
0
0
0
0
0
0
0
0
0
0
0
0
0
0
0
0
0
0
0
0
0
0
0
0
0
0
0
0
0
0
0
0
0
0
0
0
0
0
0
0
0
0
0
0
0
0
0
0
0
0
0
0
0
0
0
0
0
0
0
0
0
0
0
0
0
0
0
0
0
0
0
0
0
0
0
0
0
0
0
0
0
0
0
0
0
0
0
0
0
0
0
0
0
0
0
0
0
0
0
0
0
0
0
0
0
0
0
0
0
0
0
0
0
0
0
0
0
0
0
0
0
0
0
0
0
0
0
0
0
0
0
0
0
0
0
0
0
0
0
0
0
0
0
0
0
0
0
0
0
0
0
0
0
0
0
0
0
0
0
0
0
0
0
0
0
0
0
0
0
0
0
0
0
0
0
0
0
0
0
0
0
0
0
0
0
0
0
0
0
0
0
0
0
0
0
0
0
0
0
0
0
0
0
0
0
0
0
0
0
0
0
0
0
0
0
0
0
0
0
0
0
0
0
0
0
0
0
0
0
0
0
0
0
0
0
0
0
0
0
0
0
0
0
0
0
0
0
0
0
0
0
0
0
0
0
0
0
0
0
0
0
0
0
0
0
0
0
0
0
0
0
0
0
0
0
0
0
0
0
0
0
0
0
0
0
0
0
0
0
0
0
0
0
0
0
0
0
0
0
0
0
0
0
0
0
0
0
0
0
0
0
0
0
0
0
0
0
0
0
0
0
0
0
0
0
0
0
0
0
0
0
0
0
0
0
0
0
0
0
0
0
0
0
0
0
0
0
0
0
0
0
0
0
0
0
0
0
0
0
0
0
0
0
0
0
0
0
0
0
0
0
0
0
0
0
0
0
0
0
0
0
0
0
0
0
0
0
0
0
0
0
0
0
0
0
0
0
0
0
0
0
0
0
0
0
0
0
0
0
0
0
0
0
0
0
0
0
0
0
0
0
0
0
0
0
0
0
0
0
0
0
0
0
0
0
0
0
0
0
0
0
0
0
0
0
0
0
0
0
0
0
0
0
0
0
0
0
0
0
0
0
0
0
0
0
0
0
0
0
0
0
0
0
0
0
0
0
0
0
0
0
0
0
0
0
0
0
0
0
0
0
0
0
0
0
0
0
0
0
0
0
0
0
0
0
0
0
0
0
0
0
0
0
0
0
0
0
0
0
0
0
0
0
0
0
0
0
0
0
0
0
0
0
0
0
0
0
0
0
0
0
0
0
0
0
0
0
0
0
0
0
0
0
0
0
0
0
0
0
0
0
0
0
0
0
0
0
0
0
0
0
0
0
0
0
0
0
0
0
0
0
0
0
0
0
0
0
0
0
0
0
0
0
0
0
0
0
0
0
0
0
0
0
0
0
0
0
0
0
0
0
0
0
0
0
0
0
0
0
0
0
0
0
0
0
0
0
0
0
0
0
0
0
0
0
0
0
0
0
0
0
0
0
0
0
0
0
0
0
0
0
0
0
0
0
0
0
0
0
0
0
0
0
0
0
0
0
0
0
0
0
0
0
0
0
0
0
0
0
0
0
0
0
0
0
0
0
0
0
0
0
0
0
0
0
0
0
0
0
0
0
0
0
0
0
0
0
0
0
0
0
0
0
0
0
0
0
0
0
0
0
0
0
0
0
0
0
0
0
0
0
0
0
0
0
0
0
0
0
0
0
0
0
0
0
0
0
0
0
0
0
0
0
0
0
0
0
0
0
0
0
0
0
0
0
0
0
0
0
0
0
0
0
0
0
0
0
0
0
0
0
0
0
0
0
0
0
0
0
0
0
0
0
0
0
0
0
0
0
0
0
0
0
0
0
0
0
0
0
0
0
0
0
0
0
0
0
0
0
0
0
0
0
0
0
0
0
0
0
0
0
0
0
0
0
0
0
0
0
0
0
0
0
0
0
0
0
0
0
0
0
0
0
0
0
0
0
0
0
0
0
0
0
0
0
0
0
0
0
0
0
0
0
0
0
0
0
0
0
0
0
0
0
0
0
0
0
0
0
0
0
0
0
0
0
0
0
0
0
0
0
0
0
0
0
0
0
0
0
0
0
0
0
0
0
0
0
0
0
0
0
0
0
0
0
0
0
0
0
0
0
0
0
0
0
0
0
0
0
0
0
0
0
0
0
0
0
0
0
0
0
0
0
0
0
0
0
0
0
0
0
0
0
0
0
0
0
0
0
0
0
0
0
0
0
0
0
0
0
0
0
0
0
0
0
0
0
0
0
0
0
0
0
0
0
0
0
0
0
0
0
0
0
0
0
0
0
0
0
0
0
0
0
0
0
0
0
0
0
0
0
0
0
0
0
0
0
0
0
0
0
0
0
0
0
0
0
0
0
0
0
0
0
0
0
0
0
0
0
0
0
0
0
0
0
0
0
0
0
0
0
0
0
0
0
0
0
0
0
0
0
0
0
0
0
0
0
0
0
0
0
0
0
0
0
0
0
0
0
0
0
0
0
0
0
0
0
0
0
0
0
0
0
0
0
0
0
0
0
0
0
0
0
0
0
0
0
0
0
0
0
0
0
0
0
0
0
0
0
0
0
0
0
0
0
0
0
0
0
0
0
0
0
0
0
0
0
0
0
0
0
0
0
0
0
0
0
0
0
0
0
0
0
0
0
0
0
0
0
0
0
0
0
0
0
0
0
0
0
0
0
0
0
0
0
0
0
0
0
0
0
0
0
0
0
0
0
0
0
0
0
0
0
0
0
0
0
0
0
0
0
0
0
0
0
0
0
0
0
0
0
0
0
0
0
0
0
0
0
0
0
0
0
0
0
0
0
0
0
0
0
0
0
0
0
0
0
0
0
0
0
0
0
0
0
0
0
0
0
0
0
0
0
0
0
0
0
0
0
0
0
0
0
0
0
0
0
0
0
0
0
0
0
0
0
0
0
0
0
0
0
0
0
0
0
0
0
0
0
0
0
0
0
0
0
0
0
0
0
0
0
0
0
0
0
0
0
0
0
0
0
0
0
0
0
0
0
0
0
0
0
0
0
0
0
0
0
0
0
0
0
0
0
0
0
0
0
0
0
0
0
0
0
0
0
0
0
0
0
0
0
0
0
0
0
0
0
0
0
0
0
0
0
0
0
0
0
0
0
0
0
0
0
0
0
0
0
0
0
0
0
0
0
0
0
0
0
0
0
0
0
0
0
0
0
0
0
0
0
0
0
0
0
0
0
0
0
0
0
0
0
0
0
0
0
0
0
0
0
0
0
0
0
0
0
0
0
0
0
0
0
0
0
0
0
0
0
0
0
0
0
0
0
0
0
0
0
0
0
0
0
0
0
0
0
0
0
0
0
0
0
0
0
0
0
0
0
0
0
0
0
0
0
0
0
0
0
0
0
0
0
0
0
0
0
0
0
0
0
0
0
0
0
0
0
0
0
0
0
0
0
0
0
0
0
0
0
0
0
0
0
0
0
0
0
0
0
0
0
0
0
0
0
0
0
0
0
0
0
0
0
0
0
0
0
0
0
0
0
0
0
0
0
0
0
0
0
0
0
0
0
0
0
0
0
0
0
0
0
0
0
0
0
0
0
0
0
0
0
0
0
0
0
0
0
0
0
0
0
0
0
0
0
0
0
0
0
0
0
0
0
0
0
0
0
0
0
0
0
0
0
0
0
0
0
0
0
0
0
0
0
0
0
0
0
0
0
0
0
0
0
0
0
0
0
0
0
0
0
0
0
0
0
0
0
0
0
0
0
0
0
0
0
0
0
0
0
0
0
0
0
0
0
0
0
0
0
0
0
0
0
0
0
0
0
0
0
0
0
0
0
0
0
0
0
0
0
0
0
0
0
0
0
0
0
0
0
0
0
0
0
0
0
0
0
0
0
0
0
0
0
0
0
0
0
0
0
0
0
0
0
0
0
0
0
0
0
0
0
0
0
0
0
0
0
0
0
0
0
0
0
0
0
0
0
0
0
0
0
0
0
0
0
0
0
0
0
0
0
0
0
0
0
0
0
0
0
0
0
0
0
0
0
0
0
0
0
0
0
0
0
0
0
0
0
0
0
0
0
0
0
0
0
0
0
0
0
0
0
0
0
0
0
0
0
0
0
0
0
0
0
0
0
0
0
0
0
0
0
0
0
0
0
0
0
0
0
0
0
0
0
0
0
0
0
0
0
0
0
0
0
0
0
0
0
0
0
0
0
0
0
0
0
0
0
0
0
0
0
0
0
0
0
0
0
0
0
0
0
0
0
0
0
0
0
0
0
0
0
0
0
0
0
0
0
0
0
0
0
0
0
0
0
0
0
0
0
0
0
0
0
0
0
0
0
0
0
0
0
0
0
0
0
0
0
0
0
0
0
0
0
0
0
0
0
0
0
0
0
0
0
0
0
0
0
0
0
0
0
0
0
0
0
0
0
0
0
0
0
0
0
0
0
0
0
0
0
0
0
0
0
0
0
0
0
0
0
0
0
0
0
0
0
0
0
0
0
0
0
0
0
0
0
0
0
0
0
0
0
0
0
0
0
0
0
0
0
0
0
0
0
0
0
0
0
0
0
0
0
0
0
0
0
0
0
0
0
0
0
0
0
0
0
0
0
0
0
0
0
0
0
0
0
0
0
0
0
0
0
0
0
0
0
0
0
0
0
0
0
0
0
0
0
0
0
0
0
0
0
0
0
0
0
0
0
0
0
0
0
0
0
0
0
0
0
0
0
0
0
0
0
0
0
0
0
0
0
0
0
0
0
0
0
0
0
0
0
0
0
0
0
0
0
0
0
0
0
0
0
0
0
0
0
0
0
0
0
0
0
0
0
0
0
0
0
0
0
0
0
0
0
0
0
0
0
0
0
0
0
0
0
0
0
0
0
0
0
0
0
0
0
0
0
0
0
0
0
0
0
0
0
0
0
0
0
0
0
0
0
0
0
0
0
0
0
0
0
0
0
0
0
0
0
0
0
0
0
0
0
0
0
0
0
0
0
0
0
0
0
0
0
0
0
0
0
0
0
0
0
0
0
0
0
0
0
0
0
0
0
0
0
0
0
0
0
0
0
0
0
0
0
0
0
0
0
0
0
0
0
0
0
0
0
0
0
0
0
0
0
0
0
0
0
0
0
0
0
0
0
0
0
0
0
0
0
0
0
0
0
0
0
0
0
0
0
0
0
0
0
0
0
0
0
0
0
0
0
0
0
0
0
0
0
0
0
0
0
0
0
0
0
0
0
0
0
0
0
0
0
0
0
0
0
0
0
0
0
0
0
0
0
0
0
0
0
0
0
0
0
0
0
0
0
0
0
0
0
0
0
0
0
0
0
0
0
0
0
0
0
0
0
0
0
0
0
0
0
0
0
0
0
0
0
0
0
0
0
0
0
0
0
0
0
0
0
0
0
0
0
0
0
0
0
0
0
0
0
0
0
0
0
0
0
0
0
0
0
0
0
0
0
0
0
0
0
0
0
0
0
0
0
0
0
0
0
0
0
0
0
0
0
0
0
0
0
0
0
0
0
0
0
0
0
0
0
0
0
0
0
0
0
0
0
0
0
0
0
0
0
0
0
0
0
0
0
0
0
0
0
0
0
0
0
0
0
0
0
0
0
0
0
0
0
0
0
0
0
0
0
0
0
0
0
0
0
0
0
0
0
0
0
0
0
0
0
0
0
0
0
0
0
0
0
0
0
0
0
0
0
0
0
0
0
0
0
0
0
0
0
0
0
0
0
0
0
0
0
0
0
0
0
0
0
0
0
0
0
0
0
0
0
0
0
0
0
0
0
0
0
0
0
0
0
0
0
0
0
0
0
0
0
0
0
0
0
0
0
0
0
0
0
0
0
0
0
0
0
0
0
0
0
0
0
0
0
0
0
0
0
0
0
0
0
0
0
0
0
0
0
0
0
0
0
0
0
0
0
0
0
0
0
0
0
0
0
0
0
0
0
0
0
0
0
0
0
0
0
0
0
0
0
0
0
0
0
0
0
0
0
0
0
0
0
0
0
0
0
0
0
0
0
0
0
0
0
0
0
0
0
0
0
0
0
0
0
0
0
0
0
0
0
0
0
0
0
0
0
0
0
0
0
0
0
0
0
0
0
0
0
0
0
0
0
0
0
0
0
0
0
0
0
0
0
0
0
0
0
0
0
0
0
0
0
0
0
0
0
0
0
0
0
0
0
0
0
0
0
0
0
0
0
0
0
0
0
0
0
0
0
0
0
0
0
0
0
0
0
0
0
0
0
0
0
0
0
0
0
0
0
0
0
0
0
0
0
0
0
0
0
0
0
0
0
0
0
0
0
0
0
0
0
0
0
0
0
0
0
0
0
0
0
0
0
0
0
0
0
0
0
0
0
0
0
0
0
0
0
0
0
0
0
0
0
0
0
0
0
0
0
0
0
0
0
0
0
0
0
0
0
0
0
0
0
0
0
0
0
0
0
0
0
0
0
0
0
0
0
0
0
0
0
0
0
0
0
0
0
0
0
0
0
0
0
0
0
0
0
0
0
0
0
0
0
0
0
0
0
0
0
0
0
0
0
0
0
0
0
0
0
0
0
0
0
0
0
0
0
0
0
0
0
0
0
0
0
0
0
0
0
0
0
0
0
0
0
0
0
0
0
0
0
0
0
0
0
0
0
0
0
0
0
0
0
0
0
0
0
0
0
0
0
0
0
0
0
0
0
0
0
0
0
0
0
0
0
0
0
0
0
0
0
0
0
0
0
0
0
0
0
0
0
0
0
0
0
0
0
0
0
0
0
0
0
0
0
0
0
0
0
0
0
0
0
0
0
0
0
0
0
0
0
0
0
0
0
0
0
0
0
0
0
0
0
0
0
0
0
0
0
0
0
0
0
0
0
0
0
0
0
0
0
0
0
0
0
0
0
0
0
0
0
0
0
0
0
0
0
0
0
0
0
0
0
0
0
0
0
0
0
0
0
0
0
0
0
0
0
0
0
0
0
0
0
0
0
0
0
0
0
0
0
0
0
0
0
0
0
0
0
0
0
0
0
0
0
0
0
0
0
0
0
0
0
0
0
0
0
0
0
0
0
0
0
0
0
0
0
0
0
0
0
0
0
0
0
0
0
0
0
0
0
0
0
0
0
0
0
0
0
0
0
0
0
0
0
0
0
0
0
0
0
0
0
0
0
0
0
0
0
0
0
0
0
0
0
0
0
0
0
0
0
0
0
0
0
0
0
0
0
0
0
0
0
0
0
0
0
0
0
0
0
0
0
0
0
0
0
0
0
0
0
0
0
0
0
0
0
0
0
0
0
0
0
0
0
0
0
0
0
0
0
0
0
0
0
0
0
0
0
0
0
0
0
0
0
0
0
0
0
0
0
0
0
0
0
0
0
0
0
0
0
0
0
0
0
0
0
0
0
0
0
0
0
0
0
0
0
0
0
0
0
0
0
0
0
0
0
0
0
0
0
0
0
0
0
0
0
0
0
0
0
0
0
0
0
0
0
0
0
0
0
0
0
0
0
0
0
0
0
0
0
0
0
0
0
0
0
0
0
0
0
0
0
0
0
0
0
0
0
0
0
0
0
0
0
0
0
0
0
0
0
0
0
0
0
0
0
0
0
0
0
0
0
0
0
0
0
0
0
0
0
0
0
0
0
0
0
0
0
0
0
0
0
0
0
0
0
0
0
0
0
0
0
0
0
0
0
0
0
0
0
0
0
0
0
0
0
0
0
0
0
0
0
0
0
0
0
0
0
0
0
0
0
0
0
0
0
0
0
0
0
0
0
0
0
0
0
0
0
0
0
0
0
0
0
0
0
0
0
0
0
0
0
0
0
0
0
0
0
0
0
0
0
0
0
0
0
0
0
0
0
0
0
0
0
0
0
0
0
0
0
0
0
0
0
0
0
0
0
0
0
0
0
0
0
0
0
0
0
0
0
0
0
0
0
0
0
0
0
0
0
0
0
0
0
0
0
0
0
0
0
0
0
0
0
0
0
0
0
0
0
0
0
0
0
0
0
0
0
0
0
0
0
0
0
0
0
0
0
0
0
0
0
0
0
0
0
0
0
0
0
0
0
0
0
0
0
0
0
0
0
0
0
0
0
0
0
0
0
0
0
0
0
0
0
0
0
0
0
0
0
0
0
0
0
0
0
0
0
0
0
0
0
0
0
0
0
0
0
0
0
0
0
0
0
0
0
0
0
0
0
0
0
0
0
0
0
0
0
0
0
0
0
0
0
0
0
0
0
0
0
0
0
0
0
0
0
0
0
0
0
0
0
0
0
0
0
0
0
0
0
0
0
0
0
0
0
0
0
0
0
0
0
0
0
0
0
0
0
0
0
0
0
0
0
0
0
0
0
0
0
0
0
0
0
0
0
0
0
0
0
0
0
0
0
0
0
0
0
0
0
0
0
0
0
0
0
0
0
0
0
0
0
0
0
0
0
0
0
0
0
0
0
0
0
0
0
0
0
0
0
0
0
0
0
0
0
0
0
0
0
0
0
0
0
0
0
0
0
0
0
0
0
0
0
0
0
0
0
0
0
0
0
0
0
0
0
0
0
0
0
0
0
0
0
0
0
0
0
0
0
0
0
0
0
0
0
0
0
0
0
0
0
0
0
0
0
0
0
0
0
0
0
0
0
0
0
0
0
0
0
0
0
0
0
0
0
0
0
0
0
0
0
0
0
0
0
0
0
0
0
0
0
0
0
0
0
0
0
0
0
0
0
0
0
0
0
0
0
0
0
0
0
0
0
0
0
0
0
0
0
0
0
0
0
0
0
0
0
0
0
0
0
0
0
0
0
0
0
0
0
0
0
0
0
0
0
0
0
0
0
0
0
0
0
0
0
0
0
0
0
0
0
0
0
0
0
0
0
0
0
0
0
0
0
0
0
0
0
0
0
0
0
0
0
0
0
0
0
0
0
0
0
0
0
0
0
0
0
0
0
0
0
0
0
0
0
0
0
0
0
0
0
0
0
0
0
0
0
0
0
0
0
0
0
0
0
0
0
0
0
0
0
0
0
0
0
0
0
0
0
0
0
0
0
0
0
0
0
0
0
0
0
0
0
0
0
0
0
0
0
0
0
0
0
0
0
0
0
0
0
0
0
0
0
0
0
0
0
0
0
0
0
0
0
0
0
0
0
0
0
0
0
0
0
0
0
0
0
0
0
0
0
0
0
0
0
0
0
0
0
0
0
0
0
0
0
0
0
0
0
0
0
0
0
0
0
0
0
0
0
0
0
0
0
0
0
0
0
0
0
0
0
0
0
0
0
0
0
0
0
0
0
0
0
0
0
0
0
0
0
0
0
0
0
0
0
0
0
0
0
0
0
0
0
0
0
0
0
0
0
0
0
0
0
0
0
0
0
0
0
0
0
0
0
0
0
0
0
0
0
0
0
0
0
0
0
0
0
0
0
0
0
0
0
0
0
0
0
0
0
0
0
0
0
0
0
0
0
0
0
0
0
0
0
0
0
0
0
0
0
0
0
0
0
0
0
0
0
0
0
0
0
0
0
0
0
0
0
0
0
0
0
0
0
0
0
0
0
0
0
0
0
0
0
0
0
0
0
0
0
0
0
0
0
0
0
0
0
0
0
0
0
0
0
0
0
0
0
0
0
0
0
0
0
0
0
0
0
0
0
0
0
0
0
0
0
0
0
0
0
0
0
0
0
0
0
0
0
0
0
0
0
0
0
0
0
0
0
0
0
0
0
0
0
0
0
0
0
0
0
0
0
0
0
0
0
0
0
0
0
0
0
0
0
0
0
0
0
0
0
0
0
0
0
0
0
0
0
0
0
0
0
0
0
0
0
0
0
0
0
0
0
0
0
0
0
0
0
0
0
0
0
0
0
0
0
0
0
0
0
0
0
0
0
0
0
0
0
0
0
0
0
0
0
0
0
0
0
0
0
0
0
0
0
0
0
0
0
0
0
0
0
0
0
0
0
0
0
0
0
0
0
0
0
0
0
0
0
0
0
0
0
0
0
0
0
0
0
0
0
0
0
0
0
0
0
0
0
0
0
0
0
0
0
0
0
0
0
0
0
0
0
0
0
0
0
0
0
0
0
0
0
0
0
0
0
0
0
0
0
0
0
0
0
0
0
0
0
0
0
0
0
0
0
0
0
0
0
0
0
0
0
0
0
0
0
0
0
0
0
0
0
0
0
0
0
0
0
0
0
0
0
0
0
0
0
0
0
0
0
0
0
0
0
0
0
0
0
0
0
0
0
0
0
0
0
0
0
0
0
0
0
0
0
0
0
0
0
0
0
0
0
0
0
0
0
0
0
0
0
0
0
0
0
0
0
0
0
0
0
0
0
0
0
0
0
0
0
0
0
0
0
0
0
0
0
0
0
0
0
0
0
0
0
0
0
0
0
0
0
0
0
0
0
0
0
0
0
0
0
0
0
0
0
0
0
0
0
0
0
0
0
0
0
0
0
0
0
0
0
0
0
0
0
0
0
0
0
0
0
0
0
0
0
0
0
0
0
0
0
0
0
0
0
0
0
0
0
0
0
0
0
0
0
0
0
0
0
0
0
0
0
0
0
0
0
0
0
0
0
0
0
0
0
0
0
0
0
0
0
0
0
0
0
0
0
0
0
0
0
0
0
0
0
0
0
0
0
0
0
0
0
0
0
0
0
0
0
0
0
0
0
0
0
0
0
0
0
0
0
0
0
0
0
0
0
0
0
0
0
0
0
0
0
0
0
0
0
0
0
0
0
0
0
0
0
0
0
0
0
0
0
0
0
0
0
0
0
0
0
0
0
0
0
0
0
0
0
0
0
0
0
0
0
0
0
0
0
0
0
0
0
0
0
0
0
0
0
0
0
0
0
0
0
0
0
0
0
0
0
0
0
0
0
0
0
0
0
0
0
0
0
0
0
0
0
0
0
0
0
0
0
0
0
0
0
0
0
0
0
0
0
0
0
0
0
0
0
0
0
0
0
0
0
0
0
0
0
0
0
0
0
0
0
0
0
0
0
0
0
0
0
0
0
0
0
0
0
0
0
0
0
0
0
0
0
0
0
0
0
0
0
0
0
0
0
0
0
0
0
0
0
0
0
0
0
0
0
0
0
0
0
0
0
0
0
0
0
0
0
0
0
0
0
0
0
0
0
0
0
0
0
0
0
0
0
0
0
0
0
0
0
0
0
0
0
0
0
0
0
0
0
0
0
0
0
0
0
0
0
0
0
0
0
0
0
0
0
0
0
0
0
0
0
0
0
0
0
0
0
0
0
0
0
0
0
0
0
0
0
0
0
0
0
0
0
0
0
0
0
0
0
0
0
0
0
0
0
0
0
0
0
0
0
0
0
0
0
0
0
0
0
0
0
0
0
0
0
0
0
0
0
0
0
0
0
0
0
0
0
0
0
0
0
0
0
0
0
0
0
0
0
0
0
0
0
0
0
0
0
0
0
0
0
0
0
0
0
0
0
0
0
0
0
0
0
0
0
0
0
0
0
0
0
0
0
0
0
0
0
0
0
0
0
0
0
0
0
0
0
0
0
0
0
0
0
0
0
0
0
0
0
0
0
0
0
0
0
0
0
0
0
0
0
0
0
0
0
0
0
0
0
0
0
0
0
0
0
0
0
0
0
0
0
0
0
0
0
0
0
0
0
0
0
0
0
0
0
0
0
0
0
0
0
0
0
0
0
0
0
0
0
0
0
0
0
0
0
0
0
0
0
0
0
0
0
0
0
0
0
0
0
0
0
0
0
0
0
0
0
0
0
0
0
0
0
0
0
0
0
0
0
0
0
0
0
0
0
0
0
0
0
0
0
0
0
0
0
0
0
0
0
0
0
0
0
0
0
0
0
0
0
0
0
0
0
0
0
0
0
0
0
0
0
0
0
0
0
0
0
0
0
0
0
0
0
0
0
0
0
0
0
0
0
0
0
0
0
0
0
0
0
0
0
0
0
0
0
0
0
0
0
0
0
0
0
0
0
0
0
0
0
0
0
0
0
0
0
0
0
0
0
0
0
0
0
0
0
0
0
0
0
0
0
0
0
0
0
0
0
0
0
0
0
0
0
0
0
0
0
0
0
0
0
0
0
0
0
0
0
0
0
0
0
0
0
0
0
0
0
0
0
0
0
0
0
0
0
0
0
0
0
0
0
0
0
0
0
0
0
0
0
0
0
0
0
0
0
0
0
0
0
0
0
0
0
0
0
0
0
0
0
0
0
0
0
0
0
0
0
0
0
0
0
0
0
0
0
0
0
0
0
0
0
0
0
0
0
0
0
0
0
0
0
0
0
0
0
0
0
0
0
0
0
0
0
0
0
0
0
0
0
0
0
0
0
0
0
0
0
0
0
0
0
0
0
0
0
0
0
0
0
0
0
0
0
0
0
0
0
0
0
0
0
0
0
0
0
0
0
0
0
0
0
0
0
0
0
0
0
0
0
0
0
0
0
0
0
0
0
0
0
0
0
0
0
0
0
0
0
0
0
0
0
0
0
0
0
0
0
0
0
0
0
0
0
0
0
0
0
0
0
0
0
0
0
0
0
0
0
0
0
0
0
0
0
0
0
0
0
0
0
0
0
0
0
0
0
0
0
0
0
0
0
0
0
0
0
0
0
0
0
0
0
0
0
0
0
0
0
0
0
0
0
0
0
0
0
0
0
0
0
0
0
0
0
0
0
0
0
0
0
0
0
0
0
0
0
0
0
0
0
0
0
0
0
0
0
0
0
0
0
0
0
0
0
0
0
0
0
0
0
0
0
0
0
0
0
0
0
0
0
0
0
0
0
0
0
0
0
0
0
0
0
0
0
0
0
0
0
0
0
0
0
0
0
0
0
0
0
0
0
0
0
0
0
0
0
0
0
0
0
0
0
0
0
0
0
0
0
0
0
0
0
0
0
0
0
0
0
0
0
0
0
0
0
0
0
0
0
0
0
0
0
0
0
0
0
0
0
0
0
0
0
0
0
0
0
0
0
0
0
0
0
0
0
0
0
0
0
0
0
0
0
0
0
0
0
0
0
0
0
0
0
0
0
0
0
0
0
0
0
0
0
0
0
0
0
0
0
0
0
0
0
0
0
0
0
0
0
0
0
0
0
0
0
0
0
0
0
0
0
0
0
0
0
0
0
0
0
0
0
0
0
0
0
0
0
0
0
0
0
0
0
0
0
0
0
0
0
0
0
0
0
0
0
0
0
0
0
0
0
0
0
0
0
0
0
0
0
0
0
0
0
0
0
0
0
0
0
0
0
0
0
0
0
0
0
0
0
0
0
0
0
0
0
0
0
0
0
0
0
0
0
0
0
0
0
0
0
0
0
0
0
0
0
0
0
0
0
0
0
0
0
0
0
0
0
0
0
0
0
0
0
0
0
0
0
0
0
0
0
0
0
0
0
0
0
0
0
0
0
0
0
0
0
0
0
0
0
0
0
0
0
0
0
0
0
0
0
0
0
0
0
0
0
0
0
0
0
0
0
0
0
0
0
0
0
0
0
0
0
0
0
0
0
0
0
0
0
0
0
0
0
0
0
0
0
0
0
0
0
0
0
0
0
0
0
0
0
0
0
0
0
0
0
0
0
0
0
0
0
0
0
0
0
0
0
0
0
0
0
0
0
0
0
0
0
0
0
0
0
0
0
0
0
0
0
0
0
0
0
0
0
0
0
0
0
0
0
0
0
0
0
0
0
0
0
0
0
0
0
0
0
0
0
0
0
0
0
0
0
0
0
0
0
0
0
0
0
0
0
0
0
0
0
0
0
0
0
0
0
0
0
0
0
0
0
0
0
0
0
0
0
0
0
0
0
0
0
0
0
0
0
0
0
0
0
0
0
0
0
0
0
0
0
0
0
0
0
0
0
0
0
0
0
0
0
0
0
0
0
0
0
0
0
0
0
0
0
0
0
0
0
0
0
0
0
0
0
0
0
0
0
0
0
0
0
0
0
0
0
0
0
0
0
0
0
0
0
0
0
0
0
0
0
0
0
0
0
0
0
0
0
0
0
0
0
0
0
0
0
0
0
0
0
0
0
0
0
0
0
0
0
0
0
0
0
0
0
0
0
0
0
0
0
0
0
0
0
0
0
0
0
0
0
0
0
0
0
0
0
0
0
0
0
0
0
0
0
0
0
0
0
0
0
0
0
0
0
0
0
0
0
0
0
0
0
0
0
0
0
0
0
0
0
0
0
0
0
0
0
0
0
0
0
0
0
0
0
0
0
0
0
0
0
0
0
0
0
0
0
0
0
0
0
0
0
0
0
0
0
0
0
0
0
0
0
0
0
0
0
0
0
0
0
0
0
0
0
0
0
0
0
0
0
0
0
0
0
0
0
0
0
0
0
0
0
0
0
0
0
0
0
0
0
0
0
0
0
0
0
0
0
0
0
0
0
0
0
0
0
0
0
0
0
0
0
0
0
0
0
0
0
0
0
0
0
0
0
0
0
0
0
0
0
0
0
0
0
0
0
0
0
0
0
0
0
0
0
0
0
0
0
0
0
0
0
0
0
0
0
0
0
0
0
0
0
0
0
0
0
0
0
0
0
0
0
0
0
0
0
0
0
0
0
0
0
0
0
0
0
0
0
0
0
0
0
0
0
0
0
0
0
0
0
0
0
0
0
0
0
0
0
0
0
0
0
0
0
0
0
0
0
0
0
0
0
0
0
0
0
0
0
0
0
0
0
0
0
0
0
0
0
0
0
0
0
0
0
0
0
0
0
0
0
0
0
0
0
0
0
0
0
0
0
0
0
0
0
0
0
0
0
0
0
0
0
0
0
0
0
0
0
0
0
0
0
0
0
0
0
0
0
0
0
0
0
0
0
0
0
0
0
0
0
0
0
0
0
0
0
0
0
0
0
0
0
0
0
0
0
0
0
0
0
0
0
0
0
0
0
0
0
0
0
0
0
0
0
0
0
0
0
0
0
0
0
0
0
0
0
0
0
0
0
0
0
0
0
0
0
0
0
0
0
0
0
0
0
0
0
0
0
0
0
0
0
0
0
0
0
0
0
0
0
0
0
0
0
0
0
0
0
0
0
0
0
0
0
0
0
0
0
0
0
0
0
0
0
0
0
0
0
0
0
0
0
0
0
0
0
0
0
0
0
0
0
0
0
0
0
0
0
0
0
0
0
0
0
0
0
0
0
0
0
0
0
0
0
0
0
0
0
0
0
0
0
0
0
0
0
0
0
0
0
0
0
0
0
0
0
0
0
0
0
0
0
0
0
0
0
0
0
0
0
0
0
0
0
0
0
0
0
0
0
0
0
0
0
0
0
0
0
0
0
0
0
0
0
0
0
0
0
0
0
0
0
0
0
0
0
0
0
0
0
0
0
0
0
0
0
0
0
0
0
0
0
0
0
0
0
0
0
0
0
0
0
0
0
0
0
0
0
0
0
0
0
0
0
0
0
0
0
0
0
0
0
0
0
0
0
0
0
0
0
0
0
0
0
0
0
0
0
0
0
0
0
0
0
0
0
0
0
0
0
0
0
0
0
0
0
0
0
0
0
0
0
0
0
0
0
0
0
0
0
0
0
0
0
0
0
0
0
0
0
0
0
0
0
0
0
0
0
0
0
0
0
0
0
0
0
0
0
0
0
0
0
0
0
0
0
0
0
0
0
0
0
0
0
0
0
0
0
0
0
0
0
0
0
0
0
0
0
0
0
0
0
0
0
0
0
0
0
0
0
0
0
0
0
0
0
0
0
0
0
0
0
0
0
0
0
0
0
0
0
0
0
0
0
0
0
0
0
0
0
0
0
0
0
0
0
0
0
0
0
0
0
0
0
0
0
0
0
0
0
0
0
0
0
0
0
0
0
0
0
0
0
0
0
0
0
0
0
0
0
0
0
0
0
0
0
0
0
0
0
0
0
0
0
0
0
0
0
0
0
0
0
0
0
0
0
0
0
0
0
0
0
0
0
0
0
0
0
0
0
0
0
0
0
0
0
0
0
0
0
0
0
0
0
0
0
0
0
0
0
0
0
0
0
0
0
0
0
0
0
0
0
0
0
0
0
0
0
0
0
0
0
0
0
0
0
0
0
0
0
0
0
0
0
0
0
0
0
0
0
0
0
0
0
0
0
0
0
0
0
0
0
0
0
0
0
0
0
0
0
0
0
0
0
0
0
0
0
0
0
0
0
0
0
0
0
0
0
0
0
0
0
0
0
0
0
0
0
0
0
0
0
0
0
0
0
0
0
0
0
0
0
0
0
0
0
0
0
0
0
0
0
0
0
0
0
0
0
0
0
0
0
0
0
0
0
0
0
0
0
0
0
0
0
0
0
0
0
0
0
0
0
0
0
0
0
0
0
0
0
0
0
0
0
0
0
0
0
0
0
0
0
0
0
0
0
0
0
0
0
0
0
0
0
0
0
0
0
0
0
0
0
0
0
0
0
0
0
0
0
0
0
0
0
0
0
0
0
0
0
0
0
0
0
0
0
0
0
0
0
0
0
0
0
0
0
0
0
0
0
0
0
0
0
0
0
0
0
0
0
0
0
0
0
0
0
0
0
0
0
0
0
0
0
0
0
0
0
0
0
0
0
0
0
0
0
0
0
0
0
0
0
0
0
0
0
0
0
0
0
0
0
0
0
0
0
0
0
0
0
0
0
0
0
0
0
0
0
0
0
0
0
0
0
0
0
0
0
0
0
0
0
0
0
0
0
0
0
0
0
0
0
0
0
0
0
0
0
0
0
0
0
0
0
0
0
0
0
0
0
0
0
0
0
0
0
0
0
0
0
0
0
0
0
0
0
0
0
0
0
0
0
0
0
0
0
0
0
0
0
0
0
0
0
0
0
0
0
0
0
0
0
0
0
0
0
0
0
0
0
0
0
0
0
0
0
0
0
0
0
0
0
0
0
0
0
0
0
0
0
0
0
0
0
0
0
0
0
0
0
0
0
0
0
0
0
0
0
0
0
0
0
0
0
0
0
0
0
0
0
0
0
0
0
0
0
0
0
0
0
0
0
0
0
0
0
0
0
0
0
0
0
0
0
0
0
0
0
0
0
0
0
0
0
0
0
0
0
0
0
0
0
0
0
0
0
0
0
0
0
0
0
0
0
0
0
0
0
0
0
0
0
0
0
0
0
0
0
0
0
0
0
0
0
0
0
0
0
0
0
0
0
0
0
0
0
0
0
0
0
0
0
0
0
0
0
0
0
0
0
0
0
0
0
0
0
0
0
0
0
0
0
0
0
0
0
0
0
0
0
0
0
0
0
0
0
0
0
0
0
0
0
0
0
0
0
0
0
0
0
0
0
0
0
0
0
0
0
0
0
0
0
0
0
0
0
0
0
0
0
0
0
0
0
0
0
0
0
0
0
0
0
0
0
0
0
0
0
0
0
0
0
0
0
0
0
0
0
0
0
0
0
0
0
0
0
0
0
0
0
0
0
0
0
0
0
0
0
0
0
0
0
0
0
0
0
0
0
0
0
0
0
0
0
0
0
0
0
0
0
0
0
0
0
0
0
0
0
0
0
0
0
0
0
0
0
0
0
0
0
0
0
0
0
0
0
0
0
0
0
0
0
0
0
0
0
0
0
0
0
0
0
0
0
0
0
0
0
0
0
0
0
0
0
0
0
0
0
0
0
0
0
0
0
0
0
0
0
0
0
0
0
0
0
0
0
0
0
0
0
0
0
0
0
0
0
0
0
0
0
0
0
0
0
0
0
0
0
0
0
0
0
0
0
0
0
0
0
0
0
0
0
0
0
0
0
0
0
0
0
0
0
0
0
0
0
0
0
0
0
0
0
0
0
0
0
0
0
0
0
0
0
0
0
0
0
0
0
0
0
0
0
0
0
0
0
0
0
0
0
0
0
0
0
0
0
0
0
0
0
0
0
0
0
0
0
0
0
0
0
0
0
0
0
0
0
0
0
0
0
0
0
0
0
0
0
0
0
0
0
0
0
0
0
0
0
0
0
0
0
0
0
0
0
0
0
0
0
0
0
0
0
0
0
0
0
0
0
0
0
0
0
0
0
0
0
0
0
0
0
0
0
0
0
0
0
0
0
0
0
0
0
0
0
0
0
0
0
0
0
0
0
0
0
0
0
0
0
0
0
0
0
0
0
0
0
0
0
0
0
0
0
0
0
0
0
0
0
0
0
0
0
0
0
0
0
0
0
0
0
0
0
0
0
0
0
0
0
0
0
0
0
0
0
0
0
0
0
0
0
0
0
0
0
0
0
0
0
0
0
0
0
0
0
0
0
0
0
0
0
0
0
0
0
0
0
0
0
0
0
0
0
0
0
0
0
0
0
0
0
0
0
0
0
0
0
0
0
0
0
0
0
0
0
0
0
0
0
0
0
0
0
0
0
0
0
0
0
0
0
0
0
0
0
0
0
0
0
0
0
0
0
0
0
0
0
0
0
0
0
0
0
0
0
0
0
0
0
0
0
0
0
0
0
0
0
0
0
0
0
0
0
0
0
0
0
0
0
0
0
0
0
0
0
0
0
0
0
0
0
0
0
0
0
0
0
0
0
0
0
0
0
0
0
0
0
0
0
0
0
0
0
0
0
0
0
0
0
0
0
0
0
0
0
0
0
0
0
0
0
0
0
0
0
0
0
0
0
0
0
0
0
0
0
0
0
0
0
0
0
0
0
0
0
0
0
0
0
0
0
0
0
0
0
0
0
0
0
0
0
0
0
0
0
0
0
0
0
0
0
0
0
0
0
0
0
0
0
0
0
0
0
0
0
0
0
0
0
0
0
0
0
0
0
0
0
0
0
0
0
0
0
0
0
0
0
0
0
0
0
0
0
0
0
0
0
0
0
0
0
0
0
0
0
0
0
0
0
0
0
0
0
0
0
0
0
0
0
0
0
0
0
0
0
0
0
0
0
0
0
0
0
0
0
0
0
0
0
0
0
0
0
0
0
0
0
0
0
0
0
0
0
0
0
0
0
0
0
0
0
0
0
0
0
0
0
0
0
0
0
0
0
0
0
0
0
0
0
0
0
0
0
0
0
0
0
0
0
0
0
0
0
0
0
0
0
0
0
0
0
0
0
0
0
0
0
0
0
0
0
0
0
0
0
0
0
0
0
0
0
0
0
0
0
0
0
0
0
0
0
0
0
0
0
0
0
0
0
0
0
0
0
0
0
0
0
0
0
0
0
0
0
0
0
0
0
0
0
0
0
0
0
0
0
0
0
0
0
0
0
0
0
0
0
0
0
0
0
0
0
0
0
0
0
0
0
0
0
0
0
0
0
0
0
0
0
0
0
0
0
0
0
0
0
0
0
0
0
0
0
0
0
0
0
0
0
0
0
0
0
0
0
0
0
0
0
0
0
0
0
0
0
0
0
0
0
0
0
0
0
0
0
0
0
0
0
0
0
0
0
0
0
0
0
0
0
0
0
0
0
0
0
0
0
0
0
0
0
0
0
0
0
0
0
0
0
0
0
0
0
0
0
0
0
0
0
0
0
0
0
0
0
0
0
0
0
0
0
0
0
0
0
0
0
0
0
0
0
0
0
0
0
0
0
0
0
0
0
0
0
0
0
0
0
0
0
0
0
0
0
0
0
0
0
0
0
0
0
0
0
0
0
0
0
0
0
0
0
0
0
0
0
0
0
0
0
0
0
0
0
0
0
0
0
0
0
0
0
0
0
0
0
0
0
0
0
0
0
0
0
0
0
0
0
0
0
0
0
0
0
0
0
0
0
0
0
0
0
0
0
0
0
0
0
0
0
0
0
0
0
0
0
0
0
0
0
0
0
0
0
0
0
0
0
0
0
0
0
0
0
0
0
0
0
0
0
0
0
0
0
0
0
0
0
0
0
0
0
0
0
0
0
0
0
0
0
0
0
0
0
0
0
0
0
0
0
0
0
0
0
0
0
0
0
0
0
0
0
0
0
0
0
0
0
0
0
0
0
0
0
0
0
0
0
0
0
0
0
0
0
0
0
0
0
0
0
0
0
0
0
0
0
0
0
0
0
0
0
0
0
0
0
0
0
0
0
0
0
0
0
0
0
0
0
0
0
0
0
0
0
0
0
0
0
0
0
0
0
0
0
0
0
0
0
0
0
0
0
0
0
0
0
0
0
0
0
0
0
0
0
0
0
0
0
0
0
0
0
0
0
0
0
0
0
0
0
0
0
0
0
0
0
0
0
0
0
0
0
0
0
0
0
0
0
0
0
0
0
0
0
0
0
0
0
0
0
0
0
0
0
0
0
0
0
0
0
0
0
0
0
0
0
0
0
0
0
0
0
0
0
0
0
0
0
0
0
0
0
0
0
0
0
0
0
0
0
0
0
0
0
0
0
0
0
0
0
0
0
0
0
0
0
0
0
0
0
0
0
0
0
0
0
0
0
0
0
0
0
0
0
0
0
0
0
0
0
0
0
0
0
0
0
0
0
0
0
0
0
0
0
0
0
0
0
0
0
0
0
0
0
0
0
0
0
0
0
0
0
0
0
0
0
0
0
0
0
0
0
0
0
0
0
0
0
0
0
0
0
0
0
0
0
0
0
0
0
0
0
0
0
0
0
0
0
0
0
0
0
0
0
0
0
0
0
0
0
0
0
0
0
0
0
0
0
0
0
0
0
0
0
0
0
0
0
0
0
0
0
0
0
0
0
0
0
0
0
0
0
0
0
0
0
0
0
0
0
0
0
0
0
0
0
0
0
0
0
0
0
0
0
0
0
0
0
0
0
0
0
0
0
0
0
0
0
0
0
0
0
0
0
0
0
0
0
0
0
0
0
0
0
0
0
0
0
0
0
0
0
0
0
0
0
0
0
0
0
0
0
0
0
0
0
0
0
0
0
0
0
0
0
0
0
0
0
0
0
0
0
0
0
0
0
0
0
0
0
0
0
0
0
0
0
0
0
0
0
0
0
0
0
0
0
0
0
0
0
0
0
0
0
0
0
0
0
0
0
0
0
0
0
0
0
0
0
0
0
0
0
0
0
0
0
0
0
0
0
0
0
0
0
0
0
0
0
0
0
0
0
0
0
0
0
0
0
0
0
0
0
0
0
0
0
0
0
0
0
0
0
0
0
0
0
0
0
0
0
0
0
0
0
0
0
0
0
0
0
0
0
0
0
0
0
0
0
0
0
0
0
0
0
0
0
0
0
0
0
0
0
0
0
0
0
0
0
0
0
0
0
0
0
0
0
0
0
0
0
0
0
0
0
0
0
0
0
0
0
0
0
0
0
0
0
0
0
0
0
0
0
0
0
0
0
0
0
0
0
0
0
0
0
0
0
0
0
0
0
0
0
0
0
0
0
0
0
0
0
0
0
0
0
0
0
0
0
0
0
0
0
0
0
0
0
0
0
0
0
0
0
0
0
0
0
0
0
0
0
0
0
0
0
0
0
0
0
0
0
0
0
0
0
0
0
0
0
0
0
0
0
0
0
0
0
0
0
0
0
0
0
0
0
0
0
0
0
0
0
0
0
0
0
0
0
0
0
0
0
0
0
0
0
0
0
0
0
0
0
0
0
0
0
0
0
0
0
0
0
0
0
0
0
0
0
0
0
0
0
0
0
0
0
0
0
0
0
0
0
0
0
0
0
0
0
0
0
0
0
0
0
0
0
0
0
0
0
0
0
0
0
0
0
0
0
0
0
0
0
0
0
0
0
0
0
0
0
0
0
0
0
0
0
0
0
0
0
0
0
0
0
0
0
0
0
0
0
0
0
0
0
0
0
0
0
0
0
0
0
0
0
0
0
0
0
0
0
0
0
0
0
0
0
0
0
0
0
0
0
0
0
0
0
0
0
0
0
0
0
0
0
0
0
0
0
0
0
0
0
0
0
0
0
0
0
0
0
0
0
0
0
0
0
0
0
0
0
0
0
0
0
0
0
0
0
0
0
0
0
0
0
0
0
0
0
0
0
0
0
0
0
0
0
0
0
0
0
0
0
0
0
0
0
0
0
0
0
0
0
0
0
0
0
0
0
0
0
0
0
0
0
0
0
0
0
0
0
0
0
0
0
0
0
0
0
0
0
0
0
0
0
0
0
0
0
0
0
0
0
0
0
0
0
0
0
0
0
0
0
0
0
0
0
0
0
0
0
0
0
0
0
0
0
0
0
0
0
0
0
0
0
0
0
0
0
0
0
0
0
0
0
0
0
0
0
0
0
0
0
0
0
0
0
0
0
0
0
0
0
0
0
0
0
0
0
0
0
0
0
0
0
0
0
0
0
0
0
0
0
0
0
0
0
0
0
0
0
0
0
0
0
0
0
0
0
0
0
0
0
0
0
0
0
0
0
0
0
0
0
0
0
0
0
0
0
0
0
0
0
0
0
0
0
0
0
0
0
0
0
0
0
0
0
0
0
0
0
0
0
0
0
0
0
0
0
0
0
0
0
0
0
0
0
0
0
0
0
0
0
0
0
0
0
0
0
0
0
0
0
0
0
0
0
0
0
0
0
0
0
0
0
0
0
0
0
0
0
0
0
0
0
0
0
0
0
0
0
0
0
0
0
0
0
0
0
0
0
0
0
0
0
0
0
0
0
0
0
0
0
0
0
0
0
0
0
0
0
0
0
0
0
0
0
0
0
0
0
0
0
0
0
0
0
0
0
0
0
0
0
0
0
0
0
0
0
0
0
0
0
0
0
0
0
0
0
0
0
0
0
0
0
0
0
0
0
0
0
0
0
0
0
0
0
0
0
0
0
0
0
0
0
0
0
0
0
0
0
0
0
0
0
0
0
0
0
0
0
0
0
0
0
0
0
0
0
0
0
0
0
0
0
0
0
0
0
0
0
0
0
0
0
0
0
0
0
0
0
0
0
0
0
0
0
0
0
0
0
0
0
0
0
0
0
0
0
0
0
0
0
0
0
0
0
0
0
0
0
0
0
0
0
0
0
0
0
0
0
0
0
0
0
0
0
0
0
0
0
0
0
0
0
0
0
0
0
0
0
0
0
0
0
0
0
0
0
0
0
0
0
0
0
0
0
0
0
0
0
0
0
0
0
0
0
0
0
0
0
0
0
0
0
0
0
0
0
0
0
0
0
0
0
0
0
0
0
0
0
0
0
0
0
0
0
0
0
0
0
0
0
0
0
0
0
0
0
0
0
0
0
0
0
0
0
0
0
0
0
0
0
0
0
0
0
0
0
0
0
0
0
0
0
0
0
0
0
0
0
0
0
0
0
0
0
0
0
0
0
0
0
0
0
0
0
0
0
0
0
0
0
0
0
0
0
0
0
0
0
0
0
0
0
0
0
0
0
0
0
0
0
0
0
0
0
0
0
0
0
0
0
0
0
0
0
0
0
0
0
0
0
0
0
0
0
0
0
0
0
0
0
0
0
0
0
0
0
0
0
0
0
0
0
0
0
0
0
0
0
0
0
0
0
0
0
0
0
0
0
0
0
0
0
0
0
0
0
0
0
0
0
0
0
0
0
0
0
0
0
0
0
0
0
0
0
0
0
0
0
0
0
0
0
0
0
0
0
0
0
0
0
0
0
0
0
0
0
0
0
0
0
0
0
0
0
0
0
0
0
0
0
0
0
0
0
0
0
0
0
0
0
0
0
0
0
0
0
0
0
0
0
0
0
0
0
0
0
0
0
0
0
0
0
0
0
0
0
0
0
0
0
0
0
0
0
0
0
0
0
0
0
0
0
0
0
0
0
0
0
0
0
0
0
0
0
0
0
0
0
0
0
0
0
0
0
0
0
0
0
0
0
0
0
0
0
0
0
0
0
0
0
0
0
0
0
0
0
0
0
0
0
0
0
0
0
0
0
0
0
0
0
0
0
0
0
0
0
0
0
0
0
0
0
0
0
0
0
0
0
0
0
0
0
0
0
0
0
0
0
0
0
0
0
0
0
0
0
0
0
0
0
0
0
0
0
0
0
0
0
0
0
0
0
0
0
0
0
0
0
0
0
0
0
0
0
0
0
0
0
0
0
0
0
0
0
0
0
0
0
0
0
0
0
0
0
0
0
0
0
0
0
0
0
0
0
0
0
0
0
0
0
0
0
0
0
0
0
0
0
0
0
0
0
0
0
0
0
0
0
0
0
0
0
0
0
0
0
0
0
0
0
0
0
0
0
0
0
0
0
0
0
0
0
0
0
0
0
0
0
0
0
0
0
0
0
0
0
0
0
0
0
0
0
0
0
0
0
0
0
0
0
0
0
0
0
0
0
0
0
0
0
0
0
0
0
0
0
0
0
0
0
0
0
0
0
0
0
0
0
0
0
0
0
0
0
0
0
0
0
0
0
0
0
0
0
0
0
0
0
0
0
0
0
0
0
0
0
0
0
0
0
0
0
0
0
0
0
0
0
0
0
0
0
0
0
0
0
0
0
0
0
0
0
0
0
0
0
0
0
0
0
0
0
0
0
0
0
0
0
0
0
0
0
0
0
0
0
0
0
0
0
0
0
0
0
0
0
0
0
0
0
0
0
0
0
0
0
0
0
0
0
0
0
0
0
0
0
0
0
0
0
0
0
0
0
0
0
0
0
0
0
0
0
0
0
0
0
0
0
0
0
0
0
0
0
0
0
0
0
0
0
0
0
0
0
0
0
0
0
0
0
0
0
0
0
0
0
0
0
0
0
0
0
0
0
0
0
0
0
0
0
0
0
0
0
0
0
0
0
0
0
0
0
0
0
0
0
0
0
0
0
0
0
0
0
0
0
0
0
0
0
0
0
0
0
0
0
0
0
0
0
0
0
0
0
0
0
0
0
0
0
0
0
0
0
0
0
0
0
0
0
0
0
0
0
0
0
0
0
0
0
0
0
0
0
0
0
0
0
0
0
0
0
0
0
0
0
0
0
0
0
0
0
0
0
0
0
0
0
0
0
0
0
0
0
0
0
0
0
0
0
0
0
0
0
0
0
0
0
0
0
0
0
0
0
0
0
0
0
0
0
0
0
0
0
0
0
0
0
0
0
0
0
0
0
0
0
0
0
0
0
0
0
0
0
0
0
0
0
0
0
0
0
0
0
0
0
0
0
0
0
0
0
0
0
0
0
0
0
0
0
0
0
0
0
0
0
0
0
0
0
0
0
0
0
0
0
0
0
0
0
0
0
0
0
0
0
0
0
0
0
0
0
0
0
0
0
0
0
0
0
0
0
0
0
0
0
0
0
0
0
0
0
0
0
0
0
0
0
0
0
0
0
0
0
0
0
0
0
0
0
0
0
0
0
0
0
0
0
0
0
0
0
0
0
0
0
0
0
0
0
0
0
0
0
0
0
0
0
0
0
0
0
0
0
0
0
0
0
0
0
0
0
0
0
0
0
0
0
0
0
0
0
0
0
0
0
0
0
0
0
0
0
0
0
0
0
0
0
0
0
0
0
0
0
0
0
0
0
0
0
0
0
0
0
0
0
0
0
0
0
0
0
0
0
0
0
0
0
0
0
0
0
0
0
0
0
0
0
0
0
0
0
0
0
0
0
0
0
0
0
0
0
0
0
0
0
0
0
0
0
0
0
0
0
0
0
0
0
0
0
0
0
0
0
0
0
0
0
0
0
0
0
0
0
0
0
0
0
0
0
0
0
0
0
0
0
0
0
0
0
0
0
0
0
0
0
0
0
0
0
0
0
0
0
0
0
0
0
0
0
0
0
0
0
0
0
0
0
0
0
0
0
0
0
0
0
0
0
0
0
0
0
0
0
0
0
0
0
0
0
0
0
0
0
0
0
0
0
0
0
0
0
0
0
0
0
0
0
0
0
0
0
0
0
0
0
0
0
0
0
0
0
0
0
0
0
0
0
0
0
0
0
0
0
0
0
0
0
0
0
0
0
0
0
0
0
0
0
0
0
0
0
0
0
0
0
0
0
0
0
0
0
0
0
0
0
0
0
0
0
0
0
0
0
0
0
0
0
0
0
0
0
0
0
0
0
0
0
0
0
0
0
0
0
0
0
0
0
0
0
0
0
0
0
0
0
0
0
0
0
0
0
0
0
0
0
0
0
0
0
0
0
0
0
0
0
0
0
0
0
0
0
0
0
0
0
0
0
0
0
0
0
0
0
0
0
0
0
0
0
0
0
0
0
0
0
0
0
0
0
0
0
0
0
0
0
0
0
0
0
0
0
0
0
0
0
0
0
0
0
0
0
0
0
0
0
0
0
0
0
0
0
0
0
0
0
0
0
0
0
0
0
0
0
0
0
0
0
0
0
0
0
0
0
0
0
0
0
0
0
0
0
0
0
0
0
0
0
0
0
0
0
0
0
0
0
0
0
0
0
0
0
0
0
0
0
0
0
0
0
0
0
0
0
0
0
0
0
0
0
0
0
0
0
0
0
0
0
0
0
0
0
0
0
0
0
0
0
0
0
0
0
0
0
0
0
0
0
0
0
0
0
0
0
0
0
0
0
0
0
0
0
0
0
0
0
0
0
0
0
0
0
0
0
0
0
0
0
0
0
0
0
0
0
0
0
0
0
0
0
0
0
0
0
0
0
0
0
0
0
0
0
0
0
0
0
0
0
0
0
0
0
0
0
0
0
0
0
0
0
0
0
0
0
0
0
0
0
0
0
0
0
0
0
0
0
0
0
0
0
0
0
0
0
0
0
0
0
0
0
0
0
0
0
0
0
0
0
0
0
0
0
0
0
0
0
0
0
0
0
0
0
0
0
0
0
0
0
0
0
0
0
0
0
0
0
0
0
0
0
0
0
0
0
0
0
0
0
0
0
0
0
0
0
0
0
0
0
0
0
0
0
0
0
0
0
0
0
0
0
0
0
0
0
0
0
0
0
0
0
0
0
0
0
0
0
0
0
0
0
0
0
0
0
0
0
0
0
0
0
0
0
0
0
0
0
0
0
0
0
0
0
0
0
0
0
0
0
0
0
0
0
0
0
0
0
0
0
0
0
0
0
0
0
0
0
0
0
0
0
0
0
0
0
0
0
0
0
0
0
0
0
0
0
0
0
0
0
0
0
0
0
0
0
0
0
0
0
0
0
0
0
0
0
0
0
0
0
0
0
0
0
0
0
0
0
0
0
0
0
0
0
0
0
0
0
0
0
0
0
0
0
0
0
0
0
0
0
0
0
0
0
0
0
0
0
0
0
0
0
0
0
0
0
0
0
0
0
0
0
0
0
0
0
0
0
0
0
0
0
0
0
0
0
0
0
0
0
0
0
0
0
0
0
0
0
0
0
0
0
0
0
0
0
0
0
0
0
0
0
0
0
0
0
0
0
0
0
0
0
0
0
0
0
0
0
0
0
0
0
0
0
0
0
0
0
0
0
0
0
0
0
0
0
0
0
0
0
0
0
0
0
0
0
0
0
0
0
0
0
0
0
0
0
0
0
0
0
0
0
0
0
0
0
0
0
0
0
0
0
0
0
0
0
0
0
0
0
0
0
0
0
0
0
0
0
0
0
0
0
0
0
0
0
0
0
0
0
0
0
0
0
0
0
0
0
0
0
0
0
0
0
0
0
0
0
0
0
0
0
0
0
0
0
0
0
0
0
0
0
0
0
0
0
0
0
0
0
0
0
0
0
0
0
0
0
0
0
0
0
0
0
0
0
0
0
0
0
0
0
0
0
0
0
0
0
0
0
0
0
0
0
0
0
0
0
0
0
0
0
0
0
0
0
0
0
0
0
0
0
0
0
0
0
0
0
0
0
0
0
0
0
0
0
0
0
0
0
0
0
0
0
0
0
0
0
0
0
0
0
0
0
0
0
0
0
0
0
0
0
0
0
0
0
0
0
0
0
0
0
0
0
0
0
0
0
0
0
0
0
0
0
0
0
0
0
0
0
0
0
0
0
0
0
0
0
0
0
0
0
0
0
0
0
0
0
0
0
0
0
0
0
0
0
0
0
0
0
0
0
0
0
0
0
0
0
0
0
0
0
0
0
0
0
0
0
0
0
0
0
0
0
0
0
0
0
0
0
0
0
0
0
0
0
0
0
0
0
0
0
0
0
0
0
0
0
0
0
0
0
0
0
0
0
0
0
0
0
0
0
0
0
0
0
0
0
0
0
0
0
0
0
0
0
0
0
0
0
0
0
0
0
0
0
0
0
0
0
0
0
0
0
0
0
0
0
0
0
0
0
0
0
0
0
0
0
0
0
0
0
0
0
0
0
0
0
0
0
0
0
0
0
0
0
0
0
0
0
0
0
0
0
0
0
0
0
0
0
0
0
0
0
0
0
0
0
0
0
0
0
0
0
0
0
0
0
0
0
0
0
0
0
0
0
0
0
0
0
0
0
0
0
0
0
0
0
0
0
0
0
0
0
0
0
0
0
0
0
0
0
0
0
0
0
0
0
0
0
0
0
0
0
0
0
0
0
0
0
0
0
0
0
0
0
0
0
0
0
0
0
0
0
0
0
0
0
0
0
0
0
0
0
0
0
0
0
0
0
0
0
0
0
0
0
0
0
0
0
0
0
0
0
0
0
0
0
0
0
0
0
0
0
0
0
0
0
0
0
0
0
0
0
0
0
0
0
0
0
0
0
0
0
0
0
0
0
0
0
0
0
0
0
0
0
0
0
0
0
0
0
0
0
0
0
0
0
0
0
0
0
0
0
0
0
0
0
0
0
0
0
0
0
0
0
0
0
0
0
0
0
0
0
0
0
0
0
0
0
0
0
0
0
0
0
0
0
0
0
0
0
0
0
0
0
0
0
0
0
0
0
0
0
0
0
0
0
0
0
0
0
0
0
0
0
0
0
0
0
0
0
0
0
0
0
0
0
0
0
0
0
0
0
0
0
0
0
0
0
0
0
0
0
0
0
0
0
0
0
0
0
0
0
0
0
0
0
0
0
0
0
0
0
0
0
0
0
0
0
0
0
0
0
0
0
0
0
0
0
0
0
0
0
0
0
0
0
0
0
0
0
0
0
0
0
0
0
0
0
0
0
0
0
0
0
0
0
0
0
0
0
0
0
0
0
0
0
0
0
0
0
0
0
0
0
0
0
0
0
0
0
0
0
0
0
0
0
0
0
0
0
0
0
0
0
0
0
0
0
0
0
0
0
0
0
0
0
0
0
0
0
0
0
0
0
0
0
0
0
0
0
0
0
0
0
0
0
0
0
0
0
0
0
0
0
0
0
0
0
0
0
0
0
0
0
0
0
0
0
0
0
0
0
0
0
0
0
0
0
0
0
0
0
0
0
0
0
0
0
0
0
0
0
0
0
0
0
0
0
0
0
0
0
0
0
0
0
0
0
0
0
0
0
0
0
0
0
0
0
0
0
0
0
0
0
0
0
0
0
0
0
0
0
0
0
0
0
0
0
0
0
0
0
0
0
0
0
0
0
0
0
0
0
0
0
0
0
0
0
0
0
0
0
0
0
0
0
0
0
0
0
0
0
0
0
0
0
0
0
0
0
0
0
0
0
0
0
0
0
0
0
0
0
0
0
0
0
0
0
0
0
0
0
0
0
0
0
0
0
0
0
0
0
0
0
0
0
0
0
0
0
0
0
0
0
0
0
0
0
0
0
0
0
0
0
0
0
0
0
0
0
0
0
0
0
0
0
0
0
0
0
0
0
0
0
0
0
0
0
0
0
0
0
0
0
0
0
0
0
0
0
0
0
0
0
0
0
0
0
0
0
0
0
0
0
0
0
0
0
0
0
0
0
0
0
0
0
0
0
0
0
0
0
0
0
0
0
0
0
0
0
0
0
0
0
0
0
0
0
0
0
0
0
0
0
0
0
0
0
0
0
0
0
0
0
0
0
0
0
0
0
0
0
0
0
0
0
0
0
0
0
0
0
0
0
0
0
0
0
0
0
0
0
0
0
0
0
0
0
0
0
0
0
0
0
0
0
0
0
0
0
0
0
0
0
0
0
0
0
0
0
0
0
0
0
0
0
0
0
0
0
0
0
0
0
0
0
0
0
0
0
0
0
0
0
0
0
0
0
0
0
0
0
0
0
0
0
0
0
0
0
0
0
0
0
0
0
0
0
0
0
0
0
0
0
0
0
0
0
0
0
0
0
0
0
0
0
0
0
0
0
0
0
0
0
0
0
0
0
0
0
0
0
0
0
0
0
0
0
0
0
0
0
0
0
0
0
0
0
0
0
0
0
0
0
0
0
0
0
0
0
0
0
0
0
0
0
0
0
0
0
0
0
0
0
0
0
0
0
0
0
0
0
0
0
0
0
0
0
0
0
0
0
0
0
0
0
0
0
0
0
0
0
0
0
0
0
0
0
0
0
0
0
0
0
0
0
0
0
0
0
0
0
0
0
0
0
0
0
0
0
0
0
0
0
0
0
0
0
0
0
0
0
0
0
0
0
0
0
0
0
0
0
0
0
0
0
0
0
0
0
0
0
0
0
0
0
0
0
0
0
0
0
0
0
0
0
0
0
0
0
0
0
0
0
0
0
0
0
0
0
0
0
0
0
0
0
0
0
0
0
0
0
0
0
0
0
0
0
0
0
0
0
0
0
0
0
0
0
0
0
0
0
0
0
0
0
0
0
0
0
0
0
0
0
0
0
0
0
0
0
0
0
0
0
0
0
0
0
0
0
0
0
0
0
0
0
0
0
0
0
0
0
0
0
0
0
0
0
0
0
0
0
0
0
0
0
0
0
0
0
0
0
0
0
0
0
0
0
0
0
0
0
0
0
0
0
0
0
0
0
0
0
0
0
0
0
0
0
0
0
0
0
0
0
0
0
0
0
0
0
0
0
0
0
0
0
0
0
0
0
0
0
0
0
0
0
0
0
0
0
0
0
0
0
0
0
0
0
0
0
0
0
0
0
0
0
0
0
0
0
0
0
0
0
0
0
0
0
0
0
0
0
0
0
0
0
0
0
0
0
0
0
0
0
0
0
0
0
0
0
0
0
0
0
0
0
0
0
0
0
0
0
0
0
0
0
0
0
0
0
0
0
0
0
0
0
0
0
0
0
0
0
0
0
0
0
0
0
0
0
0
0
0
0
0
0
0
0
0
0
0
0
0
0
0
0
0
0
0
0
0
0
0
0
0
0
0
0
0
0
0
0
0
0
0
0
0
0
0
0
0
0
0
0
0
0
0
0
0
0
0
0
0
0
0
0
0
0
0
0
0
0
0
0
0
0
0
0
0
0
0
0
0
0
0
0
0
0
0
0
0
0
0
0
0
0
0
0
0
0
0
0
0
0
0
0
0
0
0
0
0
0
0
0
0
0
0
0
0
0
0
0
0
0
0
0
0
0
0
0
0
0
0
0
0
0
0
0
0
0
0
0
0
0
0
0
0
0
0
0
0
0
0
0
0
0
0
0
0
0
0
0
0
0
0
0
0
0
0
0
0
0
0
0
0
0
0
0
0
0
0
0
0
0
0
0
0
0
0
0
0
0
0
0
0
0
0
0
0
0
0
0
0
0
0
0
0
0
0
0
0
0
0
0
0
0
0
0
0
0
0
0
0
0
0
0
0
0
0
0
0
0
0
0
0
0
0
0
0
0
0
0
0
0
0
0
0
0
0
0
0
0
0
0
0
0
0
0
0
0
0
0
0
0
0
0
0
0
0
0
0
0
0
0
0
0
0
0
0
0
0
0
0
0
0
0
0
0
0
0
0
0
0
0
0
0
0
0
0
0
0
0
0
0
0
0
0
0
0
0
0
0
0
0
0
0
0
0
0
0
0
0
0
0
0
0
0
0
0
0
0
0
0
0
0
0
0
0
0
0
0
0
0
0
0
0
0
0
0
0
0
0
0
0
0
0
0
0
0
0
0
0
0
0
0
0
0
0
0
0
0
0
0
0
0
0
0
0
0
0
0
0
0
0
0
0
0
0
0
0
0
0
0
0
0
0
0
0
0
0
0
0
0
0
0
0
0
0
0
0
0
0
0
0
0
0
0
0
0
0
0
0
0
0
0
0
0
0
0
0
0
0
0
0
0
0
0
0
0
0
0
0
0
0
0
0
0
0
0
0
0
0
0
0
0
0
0
0
0
0
0
0
0
0
0
0
0
0
0
0
0
0
0
0
0
0
0
0
0
0
0
0
0
0
0
0
0
0
0
0
0
0
0
0
0
0
0
0
0
0
0
0
0
0
0
0
0
0
0
0
0
0
0
0
0
0
0
0
0
0
0
0
0
0
0
0
0
0
0
0
0
0
0
0
0
0
0
0
0
0
0
0
0
0
0
0
0
0
0
0
0
0
0
0
0
0
0
0
0
0
0
0
0
0
0
0
0
0
0
0
0
0
0
0
0
0
0
0
0
0
0
0
0
0
0
0
0
0
0
0
0
0
0
0
0
0
0
0
0
0
0
0
0
0
0
0
0
0
0
0
0
0
0
0
0
0
0
0
0
0
0
0
0
0
0
0
0
0
0
0
0
0
0
0
0
0
0
0
0
0
0
0
0
0
0
0
0
0
0
0
0
0
0
0
0
0
0
0
0
0
0
0
0
0
0
0
0
0
0
0
0
0
0
0
0
0
0
0
0
0
0
0
0
0
0
0
0
0
0
0
0
0
0
0
0
0
0
0
0
0
0
0
0
0
0
0
0
0
0
0
0
0
0
0
0
0
0
0
0
0
0
0
0
0
0
0
0
0
0
0
0
0
0
0
0
0
0
0
0
0
0
0
0
0
0
0
0
0
0
0
0
0
0
0
0
0
0
0
0
0
0
0
0
0
0
0
0
0
0
0
0
0
0
0
0
0
0
0
0
0
0
0
0
0
0
0
0
0
0
0
0
0
0
0
0
0
0
0
0
0
0
0
0
0
0
0
0
0
0
0
0
0
0
0
0
0
0
0
0
0
0
0
0
0
0
0
0
0
0
0
0
0
0
0
0
0
0
0
0
0
0
0
0
0
0
0
0
0
0
0
0
0
0
0
0
0
0
0
0
0
0
0
0
0
0
0
0
0
0
0
0
0
0
0
0
0
0
0
0
0
0
0
0
0
0
0
0
0
0
0
0
0
0
0
0
0
0
0
0
0
0
0
0
0
0
0
0
0
0
0
0
0
0
0
0
0
0
0
0
0
0
0
0
0
0
0
0
0
0
0
0
0
0
0
0
0
0
0
0
0
0
0
0
0
0
0
0
0
0
0
0
0
0
0
0
0
0
0
0
0
0
0
0
0
0
0
0
0
0
0
0
0
0
0
0
0
0
0
0
0
0
0
0
0
0
0
0
0
0
0
0
0
0
0
0
0
0
0
0
0
0
0
0
0
0
0
0
0
0
0
0
0
0
0
0
0
0
0
0
0
0
0
0
0
0
0
0
0
0
0
0
0
0
0
0
0
0
0
0
0
0
0
0
0
0
0
0
0
0
0
0
0
0
0
0
0
0
0
0
0
0
0
0
0
0
0
0
0
0
0
0
0
0
0
0
0
0
0
0
0
0
0
0
0
0
0
0
0
0
0
0
0
0
0
0
0
0
0
0
0
0
0
0
0
0
0
0
0
0
0
0
0
0
0
0
0
0
0
0
0
0
0
0
0
0
0
0
0
0
0
0
0
0
0
0
0
0
0
0
0
0
0
0
0
0
0
0
0
0
0
0
0
0
0
0
0
0
0
0
0
0
0
0
0
0
0
0
0
0
0
0
0
0
0
0
0
0
0
0
0
0
0
0
0
0
0
0
0
0
0
0
0
0
0
0
0
0
0
0
0
0
0
0
0
0
0
0
0
0
0
0
0
0
0
0
0
0
0
0
0
0
0
0
0
0
0
0
0
0
0
0
0
0
0
0
0
0
0
0
0
0
0
0
0
0
0
0
0
0
0
0
0
0
0
0
0
0
0
0
0
0
0
0
0
0
0
0
0
0
0
0
0
0
0
0
0
0
0
0
0
0
0
0
0
0
0
0
0
0
0
0
0
0
0
0
0
0
0
0
0
0
0
0
0
0
0
0
0
0
0
0
0
0
0
0
0
0
0
0
0
0
0
0
0
0
0
0
0
0
0
0
0
0
0
0
0
0
0
0
0
0
0
0
0
0
0
0
0
0
0
0
0
0
0
0
0
0
0
0
0
0
0
0
0
0
0
0
0
0
0
0
0
0
0
0
0
0
0
0
0
0
0
0
0
0
0
0
0
0
0
0
0
0
0
0
0
0
0
0
0
0
0
0
0
0
0
0
0
0
0
0
0
0
0
0
0
0
0
0
0
0
0
0
0
0
0
0
0
0
0
0
0
0
0
0
0
0
0
0
0
0
0
0
0
0
0
0
0
0
0
0
0
0
0
0
0
0
0
0
0
0
0
0
0
0
0
0
0
0
0
0
0
0
0
0
0
0
0
0
0
0
0
0
0
0
0
0
0
0
0
0
0
0
0
0
0
0
0
0
0
0
0
0
0
0
0
0
0
0
0
0
0
0
0
0
0
0
0
0
0
0
0
0
0
0
0
0
0
0
0
0
0
0
0
0
0
0
0
0
0
0
0
0
0
0
0
0
0
0
0
0
0
0
0
0
0
0
0
0
0
0
0
0
0
0
0
0
0
0
0
0
0
0
0
0
0
0
0
0
0
0
0
0
0
0
0
0
0
0
0
0
0
0
0
0
0
0
0
0
0
0
0
0
0
0
0
0
0
0
0
0
0
0
0
0
0
0
0
0
0
0
0
0
0
0
0
0
0
0
0
0
0
0
0
0
0
0
0
0
0
0
0
0
0
0
0
0
0
0
0
0
0
0
0
0
0
0
0
0
0
0
0
0
0
0
0
0
0
0
0
0
0
0
0
0
0
0
0
0
0
0
0
0
0
0
0
0
0
0
0
0
0
0
0
0
0
0
0
0
0
0
0
0
0
0
0
0
0
0
0
0
0
0
0
0
0
0
0
0
0
0
0
0
0
0
0
0
0
0
0
0
0
0
0
0
0
0
0
0
0
0
0
0
0
0
0
0
0
0
0
0
0
0
0
0
0
0
0
0
0
0
0
0
0
0
0
0
0
0
0
0
0
0
0
0
0
0
0
0
0
0
0
0
0
0
0
0
0
0
0
0
0
0
0
0
0
0
0
0
0
0
0
0
0
0
0
0
0
0
0
0
0
0
0
0
0
0
0
0
0
0
0
0
0
0
0
0
0
0
0
0
0
0
0
0
0
0
0
0
0
0
0
0
0
0
0
0
0
0
0
0
0
0
0
0
0
0
0
0
0
0
0
0
0
0
0
0
0
0
0
0
0
0
0
0
0
0
0
0
0
0
0
0
0
0
0
0
0
0
0
0
0
0
0
0
0
0
0
0
0
0
0
0
0
0
0
0
0
0
0
0
0
0
0
0
0
0
0
0
0
0
0
0
0
0
0
0
0
0
0
0
0
0
0
0
0
0
0
0
0
0
0
0
0
0
0
0
0
0
0
0
0
0
0
0
0
0
0
0
0
0
0
0
0
0
0
0
0
0
0
0
0
0
0
0
0
0
0
0
0
0
0
0
0
0
0
0
0
0
0
0
0
0
0
0
0
0
0
0
0
0
0
0
0
0
0
0
0
0
0
0
0
0
0
0
0
0
0
0
0
0
0
0
0
0
0
0
0
0
0
0
0
0
0
0
0
0
0
0
0
0
0
0
0
0
0
0
0
0
0
0
0
0
0
0
0
0
0
0
0
0
0
0
0
0
0
0
0
0
0
0
0
0
0
0
0
0
0
0
0
0
0
0
0
0
0
0
0
0
0
0
0
0
0
0
0
0
0
0
0
0
0
0
0
0
0
0
0
0
0
0
0
0
0
0
0
0
0
0
0
0
0
0
0
0
0
0
0
0
0
0
0
0
0
0
0
0
0
0
0
0
0
0
0
0
0
0
0
0
0
0
0
0
0
0
0
0
0
0
0
0
0
0
0
0
0
0
0
0
0
0
0
0
0
0
0
0
0
0
0
0
0
0
0
0
0
0
0
0
0
0
0
0
0
0
0
0
0
0
0
0
0
0
0
0
0
0
0
0
0
0
0
0
0
0
0
0
0
0
0
0
0
0
0
0
0
0
0
0
0
0
0
0
0
0
0
0
0
0
0
0
0
0
0
0
0
0
0
0
0
0
0
0
0
0
0
0
0
0
0
0
0
0
0
0
0
0
0
0
0
0
0
0
0
0
0
0
0
0
0
0
0
0
0
0
0
0
0
0
0
0
0
0
0
0
0
0
0
0
0
0
0
0
0
0
0
0
0
0
0
0
0
0
0
0
0
0
0
0
0
0
0
0
0
0
0
0
0
0
0
0
0
0
0
0
0
0
0
0
0
0
0
0
0
0
0
0
0
0
0
0
0
0
0
0
0
0
0
0
0
0
0
0
0
0
0
0
0
0
0
0
0
0
0
0
0
0
0
0
0
0
0
0
0
0
0
0
0
0
0
0
0
0
0
0
0
0
0
0
0
0
0
0
0
0
0
0
0
0
0
0
0
0
0
0
0
0
0
0
0
0
0
0
0
0
0
0
0
0
0
0
0
0
0
0
0
0
0
0
0
0
0
0
0
0
0
0
0
0
0
0
0
0
0
0
0
0
0
0
0
0
0
0
0
0
0
0
0
0
0
0
0
0
0
0
0
0
0
0
0
0
0
0
0
0
0
0
0
0
0
0
0
0
0
0
0
0
0
0
0
0
0
0
0
0
0
0
0
0
0
0
0
0
0
0
0
0
0
0
0
0
0
0
0
0
0
0
0
0
0
0
0
0
0
0
0
0
0
0
0
0
0
0
0
0
0
0
0
0
0
0
0
0
0
0
0
0
0
0
0
0
0
0
0
0
0
0
0
0
0
0
0
0
0
0
0
0
0
0
0
0
0
0
0
0
0
0
0
0
0
0
0
0
0
0
0
0
0
0
0
0
0
0
0
0
0
0
0
0
0
0
0
0
0
0
0
0
0
0
0
0
0
0
0
0
0
0
0
0
0
0
0
0
0
0
0
0
0
0
0
0
0
0
0
0
0
0
0
0
0
0
0
0
0
0
0
0
0
0
0
0
0
0
0
0
0
0
0
0
0
0
0
0
0
0
0
0
0
0
0
0
0
0
0
0
0
0
0
0
0
0
0
0
0
0
0
0
0
0
0
0
0
0
0
0
0
0
0
0
0
0
0
0
0
0
0
0
0
0
0
0
0
0
0
0
0
0
0
0
0
0
0
0
0
0
0
0
0
0
0
0
0
0
0
0
0
0
0
0
0
0
0
0
0
0
0
0
0
0
0
0
0
0
0
0
0
0
0
0
0
0
0
0
0
0
0
0
0
0
0
0
0
0
0
0
0
0
0
0
0
0
0
0
0
0
0
0
0
0
0
0
0
0
0
0
0
0
0
0
0
0
0
0
0
0
0
0
0
0
0
0
0
0
0
0
0
0
0
0
0
0
0
0
0
0
0
0
0
0
0
0
0
0
0
0
0
0
0
0
0
0
0
0
0
0
0
0
0
0
0
0
0
0
0
0
0
0
0
0
0
0
0
0
0
0
0
0
0
0
0
0
0
0
0
0
0
0
0
0
0
0
0
0
0
0
0
0
0
0
0
0
0
0
0
0
0
0
0
0
0
0
0
0
0
0
0
0
0
0
0
0
0
0
0
0
0
0
0
0
0
0
0
0
0
0
0
0
0
0
0
0
0
0
0
0
0
0
0
0
0
0
0
0
0
0
0
0
0
0
0
0
0
0
0
0
0
0
0
0
0
0
0
0
0
0
0
0
0
0
0
0
0
0
0
0
0
0
0
0
0
0
0
0
0
0
0
0
0
0
0
0
0
0
0
0
0
0
0
0
0
0
0
0
0
0
0
0
0
0
0
0
0
0
0
0
0
0
0
0
0
0
0
0
0
0
0
0
0
0
0
0
0
0
0
0
0
0
0
0
0
0
0
0
0
0
0
0
0
0
0
0
0
0
0
0
0
0
0
0
0
0
0
0
0
0
0
0
0
0
0
0
0
0
0
0
0
0
0
0
0
0
0
0
0
0
0
0
0
0
0
0
0
0
0
0
0
0
0
0
0
0
0
0
0
0
0
0
0
0
0
0
0
0
0
0
0
0
0
0
0
0
0
0
0
0
0
0
0
0
0
0
0
0
0
0
0
0
0
0
0
0
0
0
0
0
0
0
0
0
0
0
0
0
0
0
0
0
0
0
0
0
0
0
0
0
0
0
0
0
0
0
0
0
0
0
0
0
0
0
0
0
0
0
0
0
0
0
0
0
0
0
0
0
0
0
0
0
0
0
0
0
0
0
0
0
0
0
0
0
0
0
0
0
0
0
0
0
0
0
0
0
0
0
0
0
0
0
0
0
0
0
0
0
0
0
0
0
0
0
0
0
0
0
0
0
0
0
0
0
0
0
0
0
0
0
0
0
0
0
0
0
0
0
0
0
0
0
0
0
0
0
0
0
0
0
0
0
0
0
0
0
0
0
0
0
0
0
0
0
0
0
0
0
0
0
0
0
0
0
0
0
0
0
0
0
0
0
0
0
0
0
0
0
0
0
0
0
0
0
0
0
0
0
0
0
0
0
0
0
0
0
0
0
0
0
0
0
0
0
0
0
0
0
0
0
0
0
0
0
0
0
0
0
0
0
0
0
0
0
0
0
0
0
0
0
0
0
0
0
0
0
0
0
0
0
0
0
0
0
0
0
0
0
0
0
0
0
0
0
0
0
0
0
0
0
0
0
0
0
0
0
0
0
0
0
0
0
0
0
0
0
0
0
0
0
0
0
0
0
0
0
0
0
0
0
0
0
0
0
0
0
0
0
0
0
0
0
0
0
0
0
0
0
0
0
0
0
0
0
0
0
0
0
0
0
0
0
0
0
0
0
0
0
0
0
0
0
0
0
0
0
0
0
0
0
0
0
0
0
0
0
0
0
0
0
0
0
0
0
0
0
0
0
0
0
0
0
0
0
0
0
0
0
0
0
0
0
0
0
0
0
0
0
0
0
0
0
0
0
0
0
0
0
0
0
0
0
0
0
0
0
0
0
0
0
0
0
0
0
0
0
0
0
0
0
0
0
0
0
0
0
0
0
0
0
0
0
0
0
0
0
0
0
0
0
0
0
0
0
0
0
0
0
0
0
0
0
0
0
0
0
0
0
0
0
0
0
0
0
0
0
0
0
0
0
0
0
0
0
0
0
0
0
0
0
0
0
0
0
0
0
0
0
0
0
0
0
0
0
0
0
0
0
0
0
0
0
0
0
0
0
0
0
0
0
0
0
0
0
0
0
0
0
0
0
0
0
0
0
0
0
0
0
0
0
0
0
0
0
0
0
0
0
0
0
0
0
0
0
0
0
0
0
0
0
0
0
0
0
0
0
0
0
0
0
0
0
0
0
0
0
0
0
0
0
0
0
0
0
0
0
0
0
0
0
0
0
0
0
0
0
0
0
0
0
0
0
0
0
0
0
0
0
0
0
0
0
0
0
0
0
0
0
0
0
0
0
0
0
0
0
0
0
0
0
0
0
0
0
0
0
0
0
0
0
0
0
0
0
0
0
0
0
0
0
0
0
0
0
0
0
0
0
0
0
0
0
0
0
0
0
0
0
0
0
0
0
0
0
0
0
0
0
0
0
0
0
0
0
0
0
0
0
0
0
0
0
0
0
0
0
0
0
0
0
0
0
0
0
0
0
0
0
0
0
0
0
0
0
0
0
0
0
0
0
0
0
0
0
0
0
0
0
0
0
0
0
0
0
0
0
0
0
0
0
0
0
0
0
0
0
0
0
0
0
0
0
0
0
0
0
0
0
0
0
0
0
0
0
0
0
0
0
0
0
0
0
0
0
0
0
0
0
0
0
0
0
0
0
0
0
0
0
0
0
0
0
0
0
0
0
0
0
0
0
0
0
0
0
0
0
0
0
0
0
0
0
0
0
0
0
0
0
0
0
0
0
0
0
0
0
0
0
0
0
0
0
0
0
0
0
0
0
0
0
0
0
0
0
0
0
0
0
0
0
0
0
0
0
0
0
0
0
0
0
0
0
0
0
0
0
0
0
0
0
0
0
0
0
0
0
0
0
0
0
0
0
0
0
0
0
0
0
0
0
0
0
0
0
0
0
0
0
0
0
0
0
0
0
0
0
0
0
0
0
0
0
0
0
0
0
0
0
0
0
0
0
0
0
0
0
0
0
0
0
0
0
0
0
0
0
0
0
0
0
0
0
0
0
0
0
0
0
0
0
0
0
0
0
0
0
0
0
0
0
0
0
0
0
0
0
0
0
0
0
0
0
0
0
0
0
0
0
0
0
0
0
0
0
0
0
0
0
0
0
0
0
0
0
0
0
0
0
0
0
0
0
0
0
0
0
0
0
0
0
0
0
0
0
0
0
0
0
0
0
0
0
0
0
0
0
0
0
0
0
0
0
0
0
0
0
0
0
0
0
0
0
0
0
0
0
0
0
0
0
0
0
0
0
0
0
0
0
0
0
0
0
0
0
0
0
0
0
0
0
0
0
0
0
0
0
0
0
0
0
0
0
0
0
0
0
0
0
0
0
0
0
0
0
0
0
0
0
0
0
0
0
0
0
0
0
0
0
0
0
0
0
0
0
0
0
0
0
0
0
0
0
0
0
0
0
0
0
0
0
0
0
0
0
0
0
0
0
0
0
0
0
0
0
0
0
0
0
0
0
0
0
0
0
0
0
0
0
0
0
0
0
0
0
0
0
0
0
0
0
0
0
0
0
0
0
0
0
0
0
0
0
0
0
0
0
0
0
0
0
0
0
0
0
0
0
0
0
0
0
0
0
0
0
0
0
0
0
0
0
0
0
0
0
0
0
0
0
0
0
0
0
0
0
0
0
0
0
0
0
0
0
0
0
0
0
0
0
0
0
0
0
0
0
0
0
0
0
0
0
0
0
0
0
0
0
0
0
0
0
0
0
0
0
0
0
0
0
0
0
0
0
0
0
0
0
0
0
0
0
0
0
0
0
0
0
0
0
0
0
0
0
0
0
0
0
0
0
0
0
0
0
0
0
0
0
0
0
0
0
0
0
0
0
0
0
0
0
0
0
0
0
0
0
0
0
0
0
0
0
0
0
0
0
0
0
0
0
0
0
0
0
0
0
0
0
0
0
0
0
0
0
0
0
0
0
0
0
0
0
0
0
0
0
0
0
0
0
0
0
0
0
0
0
0
0
0
0
0
0
0
0
0
0
0
0
0
0
0
0
0
0
0
0
0
0
0
0
0
0
0
0
0
0
0
0
0
0
0
0
0
0
0
0
0
0
0
0
0
0
0
0
0
0
0
0
0
0
0
0
0
0
0
0
0
0
0
0
0
0
0
0
0
0
0
0
0
0
0
0
0
0
0
0
0
0
0
0
0
0
0
0
0
0
0
0
0
0
0
0
0
0
0
0
0
0
0
0
0
0
0
0
0
0
0
0
0
0
0
0
0
0
0
0
0
0
0
0
0
0
0
0
0
0
0
0
0
0
0
0
0
0
0
0
0
0
0
0
0
0
0
0
0
0
0
0
0
0
0
0
0
0
0
0
0
0
0
0
0
0
0
0
0
0
0
0
0
0
0
0
0
0
0
0
0
0
0
0
0
0
0
0
0
0
0
0
0
0
0
0
0
0
0
0
0
0
0
0
0
0
0
0
0
0
0
0
0
0
0
0
0
0
0
0
0
0
0
0
0
0
0
0
0
0
0
0
0
0
0
0
0
0
0
0
0
0
0
0
0
0
0
0
0
0
0
0
0
0
0
0
0
0
0
0
0
0
0
0
0
0
0
0
0
0
0
0
0
0
0
0
0
0
0
0
0
0
0
0
0
0
0
0
0
0
0
0
0
0
0
0
0
0
0
0
0
0
0
0
0
0
0
0
0
0
0
0
0
0
0
0
0
0
0
0
0
0
0
0
0
0
0
0
0
0
0
0
0
0
0
0
0
0
0
0
0
0
0
0
0
0
0
0
0
0
0
0
0
0
0
0
0
0
0
0
0
0
0
0
0
0
0
0
0
0
0
0
0
0
0
0
0
0
0
0
0
0
0
0
0
0
0
0
0
0
0
0
0
0
0
0
0
0
0
0
0
0
0
0
0
0
0
0
0
0
0
0
0
0
0
0
0
0
0
0
0
0
0
0
0
0
0
0
0
0
0
0
0
0
0
0
0
0
0
0
0
0
0
0
0
0
0
0
0
0
0
0
0
0
0
0
0
0
0
0
0
0
0
0
0
0
0
0
0
0
0
0
0
0
0
0
0
0
0
0
0
0
0
0
0
0
0
0
0
0
0
0
0
0
0
0
0
0
0
0
0
0
0
0
0
0
0
0
0
0
0
0
0
0
0
0
0
0
0
0
0
0
0
0
0
0
0
0
0
0
0
0
0
0
0
0
0
0
0
0
0
0
0
0
0
0
0
0
0
0
0
0
0
0
0
0
0
0
0
0
0
0
0
0
0
0
0
0
0
0
0
0
0
0
0
0
0
0
0
0
0
0
0
0
0
0
0
0
0
0
0
0
0
0
0
0
0
0
0
0
0
0
0
0
0
0
0
0
0
0
0
0
0
0
0
0
0
0
0
0
0
0
0
0
0
0
0
0
0
0
0
0
0
0
0
0
0
0
0
0
0
0
0
0
0
0
0
0
0
0
0
0
0
0
0
0
0
0
0
0
0
0
0
0
0
0
0
0
0
0
0
0
0
0
0
0
0
0
0
0
0
0
0
0
0
0
0
0
0
0
0
0
0
0
0
0
0
0
0
0
0
0
0
0
0
0
0
0
0
0
0
0
0
0
0
0
0
0
0
0
0
0
0
0
0
0
0
0
0
0
0
0
0
0
0
0
0
0
0
0
0
0
0
0
0
0
0
0
0
0
0
0
0
0
0
0
0
0
0
0
0
0
0
0
0
0
0
0
0
0
0
0
0
0
0
0
0
0
0
0
0
0
0
0
0
0
0
0
0
0
0
0
0
0
0
0
0
0
0
0
0
0
0
0
0
0
0
0
0
0
0
0
0
0
0
0
0
0
0
0
0
0
0
0
0
0
0
0
0
0
0
0
0
0
0
0
0
0
0
0
0
0
0
0
0
0
0
0
0
0
0
0
0
0
0
0
0
0
0
0
0
0
0
0
0
0
0
0
0
0
0
0
0
0
0
0
0
0
0
0
0
0
0
0
0
0
0
0
0
0
0
0
0
0
0
0
0
0
0
0
0
0
0
0
0
0
0
0
0
0
0
0
0
0
0
0
0
0
0
0
0
0
0
0
0
0
0
0
0
0
0
0
0
0
0
0
0
0
0
0
0
0
0
0
0
0
0
0
0
0
0
0
0
0
0
0
0
0
0
0
0
0
0
0
0
0
0
0
0
0
0
0
0
0
0
0
0
0
0
0
0
0
0
0
0
0
0
0
0
0
0
0
0
0
0
0
0
0
0
0
0
0
0
0
0
0
0
0
0
0
0
0
0
0
0
0
0
0
0
0
0
0
0
0
0
0
0
0
0
0
0
0
0
0
0
0
0
0
0
0
0
0
0
0
0
0
0
0
0
0
0
0
0
0
0
0
0
0
0
0
0
0
0
0
0
0
0
0
0
0
0
0
0
0
0
0
0
0
0
0
0
0
0
0
0
0
0
0
0
0
0
0
0
0
0
0
0
0
0
0
0
0
0
0
0
0
0
0
0
0
0
0
0
0
0
0
0
0
0
0
0
0
0
0
0
0
0
0
0
0
0
0
0
0
0
0
0
0
0
0
0
0
0
0
0
0
0
0
0
0
0
0
0
0
0
0
0
0
0
0
0
0
0
0
0
0
0
0
0
0
0
0
0
0
0
0
0
0
0
0
0
0
0
0
0
0
0
0
0
0
0
0
0
0
0
0
0
0
0
0
0
0
0
0
0
0
0
0
0
0
0
0
0
0
0
0
0
0
0
0
0
0
0
0
0
0
0
0
0
0
0
0
0
0
0
0
0
0
0
0
0
0
0
0
0
0
0
0
0
0
0
0
0
0
0
0
0
0
0
0
0
0
0
0
0
0
0
0
0
0
0
0
0
0
0
0
0
0
0
0
0
0
0
0
0
0
0
0
0
0
0
0
0
0
0
0
0
0
0
0
0
0
0
0
0
0
0
0
0
0
0
0
0
0
0
0
0
0
0
0
0
0
0
0
0
0
0
0
0
0
0
0
0
0
0
0
0
0
0
0
0
0
0
0
0
0
0
0
0
0
0
0
0
0
0
0
0
0
0
0
0
0
0
0
0
0
0
0
0
0
0
0
0
0
0
0
0
0
0
0
0
0
0
0
0
0
0
0
0
0
0
0
0
0
0
0
0
0
0
0
0
0
0
0
0
0
0
0
0
0
0
0
0
0
0
0
0
0
0
0
0
0
0
0
0
0
0
0
0
0
0
0
0
0
0
0
0
0
0
0
0
0
0
0
0
0
0
0
0
0
0
0
0
0
0
0
0
0
0
0
0
0
0
0
0
0
0
0
0
0
0
0
0
0
0
0
0
0
0
0
0
0
0
0
0
0
0
0
0
0
0
0
0
0
0
0
0
0
0
0
0
0
0
0
0
0
0
0
0
0
0
0
0
0
0
0
0
0
0
0
0
0
0
0
0
0
0
0
0
0
0
0
0
0
0
0
0
0
0
0
0
0
0
0
0
0
0
0
0
0
0
0
0
0
0
0
0
0
0
0
0
0
0
0
0
0
0
0
0
0
0
0
0
0
0
0
0
0
0
0
0
0
0
0
0
0
0
0
0
0
0
0
0
0
0
0
0
0
0
0
0
0
0
0
0
0
0
0
0
0
0
0
0
0
0
0
0
0
0
0
0
0
0
0
0
0
0
0
0
0
0
0
0
0
0
0
0
0
0
0
0
0
0
0
0
0
0
0
0
0
0
0
0
0
0
0
0
0
0
0
0
0
0
0
0
0
0
0
0
0
0
0
0
0
0
0
0
0
0
0
0
0
0
0
0
0
0
0
0
0
0
0
0
0
0
0
0
0
0
0
0
0
0
0
0
0
0
0
0
0
0
0
0
0
0
0
0
0
0
0
0
0
0
0
0
0
0
0
0
0
0
0
0
0
0
0
0
0
0
0
0
0
0
0
0
0
0
0
0
0
0
0
0
0
0
0
0
0
0
0
0
0
0
0
0
0
0
0
0
0
0
0
0
0
0
0
0
0
0
0
0
0
0
0
0
0
0
0
0
0
0
0
0
0
0
0
0
0
0
0
0
0
0
0
0
0
0
0
0
0
0
0
0
0
0
0
0
0
0
0
0
0
0
0
0
0
0
0
0
0
0
0
0
0
0
0
0
0
0
0
0
0
0
0
0
0
0
0
0
0
0
0
0
0
0
0
0
0
0
0
0
0
0
0
0
0
0
0
0
0
0
0
0
0
0
0
0
0
0
0
0
0
0
0
0
0
0
0
0
0
0
0
0
0
0
0
0
0
0
0
0
0
0
0
0
0
0
0
0
0
0
0
0
0
0
0
0
0
0
0
0
0
0
0
0
0
0
0
0
0
0
0
0
0
0
0
0
0
0
0
0
0
0
0
0
0
0
0
0
0
0
0
0
0
0
0
0
0
0
0
0
0
0
0
0
0
0
0
0
0
0
0
0
0
0
0
0
0
0
0
0
0
0
0
0
0
0
0
0
0
0
0
0
0
0
0
0
0
0
0
0
0
0
0
0
0
0
0
0
0
0
0
0
0
0
0
0
0
0
0
0
0
0
0
0
0
0
0
0
0
0
0
0
0
0
0
0
0
0
0
0
0
0
0
0
0
0
0
0
0
0
0
0
0
0
0
0
0
0
0
0
0
0
0
0
0
0
0
0
0
0
0
0
0
0
0
0
0
0
0
0
0
0
0
0
0
0
0
0
0
0
0
0
0
0
0
0
0
0
0
0
0
0
0
0
0
0
0
0
0
0
0
0
0
0
0
0
0
0
0
0
0
0
0
0
0
0
0
0
0
0
0
0
0
0
0
0
0
0
0
0
0
0
0
0
0
0
0
0
0
0
0
0
0
0
0
0
0
0
0
0
0
0
0
0
0
0
0
0
0
0
0
0
0
0
0
0
0
0
0
0
0
0
0
0
0
0
0
0
0
0
0
0
0
0
0
0
0
0
0
0
0
0
0
0
0
0
0
0
0
0
0
0
0
0
0
0
0
0
0
0
0
0
0
0
0
0
0
0
0
0
0
0
0
0
0
0
0
0
0
0
0
0
0
0
0
0
0
0
0
0
0
0
0
0
0
0
0
0
0
0
0
0
0
0
0
0
0
0
0
0
0
0
0
0
0
0
0
0
0
0
0
0
0
0
0
0
0
0
0
0
0
0
0
0
0
0
0
0
0
0
0
0
0
0
0
0
0
0
0
0
0
0
0
0
0
0
0
0
0
0
0
0
0
0
0
0
0
0
0
0
0
0
0
0
0
0
0
0
0
0
0
0
0
0
0
0
0
0
0
0
0
0
0
0
0
0
0
0
0
0
0
0
0
0
0
0
0
0
0
0
0
0
0
0
0
0
0
0
0
0
0
0
0
0
0
0
0
0
0
0
0
0
0
0
0
0
0
0
0
0
0
0
0
0
0
0
0
0
0
0
0
0
0
0
0
0
0
0
0
0
0
0
0
0
0
0
0
0
0
0
0
0
0
0
0
0
0
0
0
0
0
0
0
0
0
0
0
0
0
0
0
0
0
0
0
0
0
0
0
0
0
0
0
0
0
0
0
0
0
0
0
0
0
0
0
0
0
0
0
0
0
0
0
0
0
0
0
0
0
0
0
0
0
0
0
0
0
0
0
0
0
0
0
0
0
0
0
0
0
0
0
0
0
0
0
0
0
0
0
0
0
0
0
0
0
0
0
0
0
0
0
0
0
0
0
0
0
0
0
0
0
0
0
0
0
0
0
0
0
0
0
0
0
0
0
0
0
0
0
0
0
0
0
0
0
0
0
0
0
0
0
0
0
0
0
0
0
0
0
0
0
0
0
0
0
0
0
0
0
0
0
0
0
0
0
0
0
0
0
0
0
0
0
0
0
0
0
0
0
0
0
0
0
0
0
0
0
0
0
0
0
0
0
0
0
0
0
0
0
0
0
0
0
0
0
0
0
0
0
0
0
0
0
0
0
0
0
0
0
0
0
0
0
0
0
0
0
0
0
0
0
0
0
0
0
0
0
0
0
0
0
0
0
0
0
0
0
0
0
0
0
0
0
0
0
0
0
0
0
0
0
0
0
0
0
0
0
0
0
0
0
0
0
0
0
0
0
0
0
0
0
0
0
0
0
0
0
0
0
0
0
0
0
0
0
0
0
0
0
0
0
0
0
0
0
0
0
0
0
0
0
0
0
0
0
0
0
0
0
0
0
0
0
0
0
0
0
0
0
0
0
0
0
0
0
0
0
0
0
0
0
0
0
0
0
0
0
0
0
0
0
0
0
0
0
0
0
0
0
0
0
0
0
0
0
0
0
0
0
0
0
0
0
0
0
0
0
0
0
0
0
0
0
0
0
0
0
0
0
0
0
0
0
0
0
0
0
0
0
0
0
0
0
0
0
0
0
0
0
0
0
0
0
0
0
0
0
0
0
0
0
0
0
0
0
0
0
0
0
0
0
0
0
0
0
0
0
0
0
0
0
0
0
0
0
0
0
0
0
0
0
0
0
0
0
0
0
0
0
0
0
0
0
0
0
0
0
0
0
0
0
0
0
0
0
0
0
0
0
0
0
0
0
0
0
0
0
0
0
0
0
0
0
0
0
0
0
0
0
0
0
0
0
0
0
0
0
0
0
0
0
0
0
0
0
0
0
0
0
0
0
0
0
0
0
0
0
0
0
0
0
0
0
0
0
0
0
0
0
0
0
0
0
0
0
0
0
0
0
0
0
0
0
0
0
0
0
0
0
0
0
0
0
0
0
0
0
0
0
0
0
0
0
0
0
0
0
0
0
0
0
0
0
0
0
0
0
0
0
0
0
0
0
0
0
0
0
0
0
0
0
0
0
0
0
0
0
0
0
0
0
0
0
0
0
0
0
0
0
0
0
0
0
0
0
0
0
0
0
0
0
0
0
0
0
0
0
0
0
0
0
0
0
0
0
0
0
0
0
0
0
0
0
0
0
0
0
0
0
0
0
0
0
0
0
0
0
0
0
0
0
0
0
0
0
0
0
0
0
0
0
0
0
0
0
0
0
0
0
0
0
0
0
0
0
0
0
0
0
0
0
0
0
0
0
0
0
0
0
0
0
0
0
0
0
0
0
0
0
0
0
0
0
0
0
0
0
0
0
0
0
0
0
0
0
0
0
0
0
0
0
0
0
0
0
0
0
0
0
0
0
0
0
0
0
0
0
0
0
0
0
0
0
0
0
0
0
0
0
0
0
0
0
0
0
0
0
0
0
0
0
0
0
0
0
0
0
0
0
0
0
0
0
0
0
0
0
0
0
0
0
0
0
0
0
0
0
0
0
0
0
0
0
0
0
0
0
0
0
0
0
0
0
0
0
0
0
0
0
0
0
0
0
0
0
0
0
0
0
0
0
0
0
0
0
0
0
0
0
0
0
0
0
0
0
0
0
0
0
0
0
0
0
0
0
0
0
0
0
0
0
0
0
0
0
0
0
0
0
0
0
0
0
0
0
0
0
0
0
0
0
0
0
0
0
0
0
0
0
0
0
0
0
0
0
0
0
0
0
0
0
0
0
0
0
0
0
0
0
0
0
0
0
0
0
0
0
0
0
0
0
0
0
0
0
0
0
0
0
0
0
0
0
0
0
0
0
0
0
0
0
0
0
0
0
0
0
0
0
0
0
0
0
0
0
0
0
0
0
0
0
0
0
0
0
0
0
0
0
0
0
0
0
0
0
0
0
0
0
0
0
0
0
0
0
0
0
0
0
0
0
0
0
0
0
0
0
0
0
0
0
0
0
0
0
0
0
0
0
0
0
0
0
0
0
0
0
0
0
0
0
0
0
0
0
0
0
0
0
0
0
0
0
0
0
0
0
0
0
0
0
0
0
0
0
0
0
0
0
0
0
0
0
0
0
0
0
0
0
0
0
0
0
0
0
0
0
0
0
0
0
0
0
0
0
0
0
0
0
0
0
0
0
0
0
0
0
0
0
0
0
0
0
0
0
0
0
0
0
0
0
0
0
0
0
0
0
0
0
0
0
0
0
0
0
0
0
0
0
0
0
0
0
0
0
0
0
0
0
0
0
0
0
0
0
0
0
0
0
0
0
0
0
0
0
0
0
0
0
0
0
0
0
0
0
0
0
0
0
0
0
0
0
0
0
0
0
0
0
0
0
0
0
0
0
0
0
0
0
0
0
0
0
0
0
0
0
0
0
0
0
0
0
0
0
0
0
0
0
0
0
0
0
0
0
0
0
0
0
0
0
0
0
0
0
0
0
0
0
0
0
0
0
0
0
0
0
0
0
0
0
0
0
0
0
0
0
0
0
0
0
0
0
0
0
0
0
0
0
0
0
0
0
0
0
0
0
0
0
0
0
0
0
0
0
0
0
0
0
0
0
0
0
0
0
0
0
0
0
0
0
0
0
0
0
0
0
0
0
0
0
0
0
0
0
0
0
0
0
0
0
0
0
0
0
0
0
0
0
0
0
0
0
0
0
0
0
0
0
0
0
0
0
0
0
0
0
0
0
0
0
0
0
0
0
0
0
0
0
0
0
0
0
0
0
0
0
0
0
0
0
0
0
0
0
0
0
0
0
0
0
0
0
0
0
0
0
0
0
0
0
0
0
0
0
0
0
0
0
0
0
0
0
0
0
0
0
0
0
0
0
0
0
0
0
0
0
0
0
0
0
0
0
0
0
0
0
0
0
0
0
0
0
0
0
0
0
0
0
0
0
0
0
0
0
0
0
0
0
0
0
0
0
0
0
0
0
0
0
0
0
0
0
0
0
0
0
0
0
0
0
0
0
0
0
0
0
0
0
0
0
0
0
0
0
0
0
0
0
0
0
0
0
0
0
0
0
0
0
0
0
0
0
0
0
0
0
0
0
0
0
0
0
0
0
0
0
0
0
0
0
0
0
0
0
0
0
0
0
0
0
0
0
0
0
0
0
0
0
0
0
0
0
0
0
0
0
0
0
0
0
0
0
0
0
0
0
0
0
0
0
0
0
0
0
0
0
0
0
0
0
0
0
0
0
0
0
0
0
0
0
0
0
0
0
0
0
0
0
0
0
0
0
0
0
0
0
0
0
0
0
0
0
0
0
0
0
0
0
0
0
0
0
0
0
0
0
0
0
0
0
0
0
0
0
0
0
0
0
0
0
0
0
0
0
0
0
0
0
0
0
0
0
0
0
0
0
0
0
0
0
0
0
0
0
0
0
0
0
0
0
0
0
0
0
0
0
0
0
0
0
0
0
0
0
0
0
0
0
0
0
0
0
0
0
0
0
0
0
0
0
0
0
0
0
0
0
0
0
0
0
0
0
0
0
0
0
0
0
0
0
0
0
0
0
0
0
0
0
0
0
0
0
0
0
0
0
0
0
0
0
0
0
0
0
0
0
0
0
0
0
0
0
0
0
0
0
0
0
0
0
0
0
0
0
0
0
0
0
0
0
0
0
0
0
0
0
0
0
0
0
0
0
0
0
0
0
0
0
0
0
0
0
0
0
0
0
0
0
0
0
0
0
0
0
0
0
0
0
0
0
0
0
0
0
0
0
0
0
0
0
0
0
0
0
0
0
0
0
0
0
0
0
0
0
0
0
0
0
0
0
0
0
0
0
0
0
0
0
0
0
0
0
0
0
0
0
0
0
0
0
0
0
0
0
0
0
0
0
0
0
0
0
0
0
0
0
0
0
0
0
0
0
0
0
0
0
0
0
0
0
0
0
0
0
0
0
0
0
0
0
0
0
0
0
0
0
0
0
0
0
0
0
0
0
0
0
0
0
0
0
0
0
0
0
0
0
0
0
0
0
0
0
0
0
0
0
0
0
0
0
0
0
0
0
0
0
0
0
0
0
0
0
0
0
0
0
0
0
0
0
0
0
0
0
0
0
0
0
0
0
0
0
0
0
0
0
0
0
0
0
0
0
0
0
0
0
0
0
0
0
0
0
0
0
0
0
0
0
0
0
0
0
0
0
0
0
0
0
0
0
0
0
0
0
0
0
0
0
0
0
0
0
0
0
0
0
0
0
0
0
0
0
0
0
0
0
0
0
0
0
0
0
0
0
0
0
0
0
0
0
0
0
0
0
0
0
0
0
0
0
0
0
0
0
0
0
0
0
0
0
0
0
0
0
0
0
0
0
0
0
0
0
0
0
0
0
0
0
0
0
0
0
0
0
0
0
0
0
0
0
0
0
0
0
0
0
0
0
0
0
0
0
0
0
0
0
0
0
0
0
0
0
0
0
0
0
0
0
0
0
0
0
0
0
0
0
0
0
0
0
0
0
0
0
0
0
0
0
0
0
0
0
0
0
0
0
0
0
0
0
0
0
0
0
0
0
0
0
0
0
0
0
0
0
0
0
0
0
0
0
0
0
0
0
0
0
0
0
0
0
0
0
0
0
0
0
0
0
0
0
0
0
0
0
0
0
0
0
0
0
0
0
0
0
0
0
0
0
0
0
0
0
0
0
0
0
0
0
0
0
0
0
0
0
0
0
0
0
0
0
0
0
0
0
0
0
0
0
0
0
0
0
0
0
0
0
0
0
0
0
0
0
0
0
0
0
0
0
0
0
0
0
0
0
0
0
0
0
0
0
0
0
0
0
0
0
0
0
0
0
0
0
0
0
0
0
0
0
0
0
0
0
0
0
0
0
0
0
0
0
0
0
0
0
0
0
0
0
0
0
0
0
0
0
0
0
0
0
0
0
0
0
0
0
0
0
0
0
0
0
0
0
0
0
0
0
0
0
0
0
0
0
0
0
0
0
0
0
0
0
0
0
0
0
0
0
0
0
0
0
0
0
0
0
0
0
0
0
0
0
0
0
0
0
0
0
0
0
0
0
0
0
0
0
0
0
0
0
0
0
0
0
0
0
0
0
0
0
0
0
0
0
0
0
0
0
0
0
0
0
0
0
0
0
0
0
0
0
0
0
0
0
0
0
0
0
0
0
0
0
0
0
0
0
0
0
0
0
0
0
0
0
0
0
0
0
0
0
0
0
0
0
0
0
0
0
0
0
0
0
0
0
0
0
0
0
0
0
0
0
0
0
0
0
0
0
0
0
0
0
0
0
0
0
0
0
0
0
0
0
0
0
0
0
0
0
0
0
0
0
0
0
0
0
0
0
0
0
0
0
0
0
0
0
0
0
0
0
0
0
0
0
0
0
0
0
0
0
0
0
0
0
0
0
0
0
0
0
0
0
0
0
0
0
0
0
0
0
0
0
0
0
0
0
0
0
0
0
0
0
0
0
0
0
0
0
0
0
0
0
0
0
0
0
0
0
0
0
0
0
0
0
0
0
0
0
0
0
0
0
0
0
0
0
0
0
0
0
0
0
0
0
0
0
0
0
0
0
0
0
0
0
0
0
0
0
0
0
0
0
0
0
0
0
0
0
0
0
0
0
0
0
0
0
0
0
0
0
0
0
0
0
0
0
0
0
0
0
0
0
0
0
0
0
0
0
0
0
0
0
0
0
0
0
0
0
0
0
0
0
0
0
0
0
0
0
0
0
0
0
0
0
0
0
0
0
0
0
0
0
0
0
0
0
0
0
0
0
0
0
0
0
0
0
0
0
0
0
0
0
0
0
0
0
0
0
0
0
0
0
0
0
0
0
0
0
0
0
0
0
0
0
0
0
0
0
0
0
0
0
0
0
0
0
0
0
0
0
0
0
0
0
0
0
0
0
0
0
0
0
0
0
0
0
0
0
0
0
0
0
0
0
0
0
0
0
0
0
0
0
0
0
0
0
0
0
0
0
0
0
0
0
0
0
0
0
0
0
0
0
0
0
0
0
0
0
0
0
0
0
0
0
0
0
0
0
0
0
0
0
0
0
0
0
0
0
0
0
0
0
0
0
0
0
0
0
0
0
0
0
0
0
0
0
0
0
0
0
0
0
0
0
0
0
0
0
0
0
0
0
0
0
0
0
0
0
0
0
0
0
0
0
0
0
0
0
0
0
0
0
0
0
0
0
0
0
0
0
0
0
0
0
0
0
0
0
0
0
0
0
0
0
0
0
0
0
0
0
0
0
0
0
0
0
0
0
0
0
0
0
0
0
0
0
0
0
0
0
0
0
0
0
0
0
0
0
0
0
0
0
0
0
0
0
0
0
0
0
0
0
0
0
0
0
0
0
0
0
0
0
0
0
0
0
0
0
0
0
0
0
0
0
0
0
0
0
0
0
0
0
0
0
0
0
0
0
0
0
0
0
0
0
0
0
0
0
0
0
0
0
0
0
0
0
0
0
0
0
0
0
0
0
0
0
0
0
0
0
0
0
0
0
0
0
0
0
0
0
0
0
0
0
0
0
0
0
0
0
0
0
0
0
0
0
0
0
0
0
0
0
0
0
0
0
0
0
0
0
0
0
0
0
0
0
0
0
0
0
0
0
0
0
0
0
0
0
0
0
0
0
0
0
0
0
0
0
0
0
0
0
0
0
0
0
0
0
0
0
0
0
0
0
0
0
0
0
0
0
0
0
0
0
0
0
0
0
0
0
0
0
0
0
0
0
0
0
0
0
0
0
0
0
0
0
0
0
0
0
0
0
0
0
0
0
0
0
0
0
0
0
0
0
0
0
0
0
0
0
0
0
0
0
0
0
0
0
0
0
0
0
0
0
0
0
0
0
0
0
0
0
0
0
0
0
0
0
0
0
0
0
0
0
0
0
0
0
0
0
0
0
0
0
0
0
0
0
0
0
0
0
0
0
0
0
0
0
0
0
0
0
0
0
0
0
0
0
0
0
0
0
0
0
0
0
0
0
0
0
0
0
0
0
0
0
0
0
0
0
0
0
0
0
0
0
0
0
0
0
0
0
0
0
0
0
0
0
0
0
0
0
0
0
0
0
0
0
0
0
0
0
0
0
0
0
0
0
0
0
0
0
0
0
0
0
0
0
0
0
0
0
0
0
0
0
0
0
0
0
0
0
0
0
0
0
0
0
0
0
0
0
0
0
0
0
0
0
0
0
0
0
0
0
0
0
0
0
0
0
0
0
0
0
0
0
0
0
0
0
0
0
0
0
0
0
0
0
0
0
0
0
0
0
0
0
0
0
0
0
0
0
0
0
0
0
0
0
0
0
0
0
0
0
0
0
0
0
0
0
0
0
0
0
0
0
0
0
0
0
0
0
0
0
0
0
0
0
0
0
0
0
0
0
0
0
0
0
0
0
0
0
0
0
0
0
0
0
0
0
0
0
0
0
0
0
0
0
0
0
0
0
0
0
0
0
0
0
0
0
0
0
0
0
0
0
0
0
0
0
0
0
0
0
0
0
0
0
0
0
0
0
0
0
0
0
0
0
0
0
0
0
0
0
0
0
0
0
0
0
0
0
0
0
0
0
0
0
0
0
0
0
0
0
0
0
0
0
0
0
0
0
0
0
0
0
0
0
0
0
0
0
0
0
0
0
0
0
0
0
0
0
0
0
0
0
0
0
0
0
0
0
0
0
0
0
0
0
0
0
0
0
0
0
0
0
0
0
0
0
0
0
0
0
0
0
0
0
0
0
0
0
0
0
0
0
0
0
0
0
0
0
0
0
0
0
0
0
0
0
0
0
0
0
0
0
0
0
0
0
0
0
0
0
0
0
0
0
0
0
0
0
0
0
0
0
0
0
0
0
0
0
0
0
0
0
0
0
0
0
0
0
0
0
0
0
0
0
0
0
0
0
0
0
0
0
0
0
0
0
0
0
0
0
0
0
0
0
0
0
0
0
0
0
0
0
0
0
0
0
0
0
0
0
0
0
0
0
0
0
0
0
0
0
0
0
0
0
0
0
0
0
0
0
0
0
0
0
0
0
0
0
0
0
0
0
0
0
0
0
0
0
0
0
0
0
0
0
0
0
0
0
0
0
0
0
0
0
0
0
0
0
0
0
0
0
0
0
0
0
0
0
0
0
0
0
0
0
0
0
0
0
0
0
0
0
0
0
0
0
0
0
0
0
0
0
0
0
0
0
0
0
0
0
0
0
0
0
0
0
0
0
0
0
0
0
0
0
0
0
0
0
0
0
0
0
0
0
0
0
0
0
0
0
0
0
0
0
0
0
0
0
0
0
0
0
0
0
0
0
0
0
0
0
0
0
0
0
0
0
0
0
0
0
0
0
0
0
0
0
0
0
0
0
0
0
0
0
0
0
0
0
0
0
0
0
0
0
0
0
0
0
0
0
0
0
0
0
0
0
0
0
0
0
0
0
0
0
0
0
0
0
0
0
0
0
0
0
0
0
0
0
0
0
0
0
0
0
0
0
0
0
0
0
0
0
0
0
0
0
0
0
0
0
0
0
0
0
0
0
0
0
0
0
0
0
0
0
0
0
0
0
0
0
0
0
0
0
0
0
0
0
0
0
0
0
0
0
0
0
0
0
0
0
0
0
0
0
0
0
0
0
0
0
0
0
0
0
0
0
0
0
0
0
0
0
0
0
0
0
0
0
0
0
0
0
0
0
0
0
0
0
0
0
0
0
0
0
0
0
0
0
0
0
0
0
0
0
0
0
0
0
0
0
0
0
0
0
0
0
0
0
0
0
0
0
0
0
0
0
0
0
0
0
0
0
0
0
0
0
0
0
0
0
0
0
0
0
0
0
0
0
0
0
0
0
0
0
0
0
0
0
0
0
0
0
0
0
0
0
0
0
0
0
0
0
0
0
0
0
0
0
0
0
0
0
0
0
0
0
0
0
0
0
0
0
0
0
0
0
0
0
0
0
0
0
0
0
0
0
0
0
0
0
0
0
0
0
0
0
0
0
0
0
0
0
0
0
0
0
0
0
0
0
0
0
0
0
0
0
0
0
0
0
0
0
0
0
0
0
0
0
0
0
0
0
0
0
0
0
0
0
0
0
0
0
0
0
0
0
0
0
0
0
0
0
0
0
0
0
0
0
0
0
0
0
0
0
0
0
0
0
0
0
0
0
0
0
0
0
0
0
0
0
0
0
0
0
0
0
0
0
0
0
0
0
0
0
0
0
0
0
0
0
0
0
0
0
0
0
0
0
0
0
0
0
0
0
0
0
0
0
0
0
0
0
0
0
0
0
0
0
0
0
0
0
0
0
0
0
0
0
0
0
0
0
0
0
0
0
0
0
0
0
0
0
0
0
0
0
0
0
0
0
0
0
0
0
0
0
0
0
0
0
0
0
0
0
0
0
0
0
0
0
0
0
0
0
0
0
0
0
0
0
0
0
0
0
0
0
0
0
0
0
0
0
0
0
0
0
0
0
0
0
0
0
0
0
0
0
0
0
0
0
0
0
0
0
0
0
0
0
0
0
0
0
0
0
0
0
0
0
0
0
0
0
0
0
0
0
0
0
0
0
0
0
0
0
0
0
0
0
0
0
0
0
0
0
0
0
0
0
0
0
0
0
0
0
0
0
0
0
0
0
0
0
0
0
0
0
0
0
0
0
0
0
0
0
0
0
0
0
0
0
0
0
0
0
0
0
0
0
0
0
0
0
0
0
0
0
0
0
0
0
0
0
0
0
0
0
0
0
0
0
0
0
0
0
0
0
0
0
0
0
0
0
0
0
0
0
0
0
0
0
0
0
0
0
0
0
0
0
0
0
0
0
0
0
0
0
0
0
0
0
0
0
0
0
0
0
0
0
0
0
0
0
0
0
0
0
0
0
0
0
0
0
0
0
0
0
0
0
0
0
0
0
0
0
0
0
0
0
0
0
0
0
0
0
0
0
0
0
0
0
0
0
0
0
0
0
0
0
0
0
0
0
0
0
0
0
0
0
0
0
0
0
0
0
0
0
0
0
0
0
0
0
0
0
0
0
0
0
0
0
0
0
0
0
0
0
0
0
0
0
0
0
0
0
0
0
0
0
0
0
0
0
0
0
0
0
0
0
0
0
0
0
0
0
0
0
0
0
0
0
0
0
0
0
0
0
0
0
0
0
0
0
0
0
0
0
0
0
0
0
0
0
0
0
0
0
0
0
0
0
0
0
0
0
0
0
0
0
0
0
0
0
0
0
0
0
0
0
0
0
0
0
0
0
0
0
0
0
0
0
0
0
0
0
0
0
0
0
0
0
0
0
0
0
0
0
0
0
0
0
0
0
0
0
0
0
0
0
0
0
0
0
0
0
0
0
0
0
0
0
0
0
0
0
0
0
0
0
0
0
0
0
0
0
0
0
0
0
0
0
0
0
0
0
0
0
0
0
0
0
0
0
0
0
0
0
0
0
0
0
0
0
0
0
0
0
0
0
0
0
0
0
0
0
0
0
0
0
0
0
0
0
0
0
0
0
0
0
0
0
0
0
0
0
0
0
0
0
0
0
0
0
0
0
0
0
0
0
0
0
0
0
0
0
0
0
0
0
0
0
0
0
0
0
0
0
0
0
0
0
0
0
0
0
0
0
0
0
0
0
0
0
0
0
0
0
0
0
0
0
0
0
0
0
0
0
0
0
0
0
0
0
0
0
0
0
0
0
0
0
0
0
0
0
0
0
0
0
0
0
0
0
0
0
0
0
0
0
0
0
0
0
0
0
0
0
0
0
0
0
0
0
0
0
0
0
0
0
0
0
0
0
0
0
0
0
0
0
0
0
0
0
0
0
0
0
0
0
0
0
0
0
0
0
0
0
0
0
0
0
0
0
0
0
0
0
0
0
0
0
0
0
0
0
0
0
0
0
0
0
0
0
0
0
0
0
0
0
0
0
0
0
0
0
0
0
0
0
0
0
0
0
0
0
0
0
0
0
0
0
0
0
0
0
0
0
0
0
0
0
0
0
0
0
0
0
0
0
0
0
0
0
0
0
0
0
0
0
0
0
0
0
0
0
0
0
0
0
0
0
0
0
0
0
0
0
0
0
0
0
0
0
0
0
0
0
0
0
0
0
0
0
0
0
0
0
0
0
0
0
0
0
0
0
0
0
0
0
0
0
0
0
0
0
0
0
0
0
0
0
0
0
0
0
0
0
0
0
0
0
0
0
0
0
0
0
0
0
0
0
0
0
0
0
0
0
0
0
0
0
0
0
0
0
0
0
0
0
0
0
0
0
0
0
0
0
0
0
0
0
0
0
0
0
0
0
0
0
0
0
0
0
0
0
0
0
0
0
0
0
0
0
0
0
0
0
0
0
0
0
0
0
0
0
0
0
0
0
0
0
0
0
0
0
0
0
0
0
0
0
0
0
0
0
0
0
0
0
0
0
0
0
0
0
0
0
0
0
0
0
0
0
0
0
0
0
0
0
0
0
0
0
0
0
0
0
0
0
0
0
0
0
0
0
0
0
0
0
0
0
0
0
0
0
0
0
0
0
0
0
0
0
0
0
0
0
0
0
0
0
0
0
0
0
0
0
0
0
0
0
0
0
0
0
0
0
0
0
0
0
0
0
0
0
0
0
0
0
0
0
0
0
0
0
0
0
0
0
0
0
0
0
0
0
0
0
0
0
0
0
0
0
0
0
0
0
0
0
0
0
0
0
0
0
0
0
0
0
0
0
0
0
0
0
0
0
0
0
0
0
0
0
0
0
0
0
0
0
0
0
0
0
0
0
0
0
0
0
0
0
0
0
0
0
0
0
0
0
0
0
0
0
0
0
0
0
0
0
0
0
0
0
0
0
0
0
0
0
0
0
0
0
0
0
0
0
0
0
0
0
0
0
0
0
0
0
0
0
0
0
0
0
0
0
0
0
0
0
0
0
0
0
0
0
0
0
0
0
0
0
0
0
0
0
0
0
0
0
0
0
0
0
0
0
0
0
0
0
0
0
0
0
0
0
0
0
0
0
0
0
0
0
0
0
0
0
0
0
0
0
0
0
0
0
0
0
0
0
0
0
0
0
0
0
0
0
0
0
0
0
0
0
0
0
0
0
0
0
0
0
0
0
0
0
0
0
0
0
0
0
0
0
0
0
0
0
0
0
0
0
0
0
0
0
0
0
0
0
0
0
0
0
0
0
0
0
0
0
0
0
0
0
0
0
0
0
0
0
0
0
0
0
0
0
0
0
0
0
0
0
0
0
0
0
0
0
0
0
0
0
0
0
0
0
0
0
0
0
0
0
0
0
0
0
0
0
0
0
0
0
0
0
0
0
0
0
0
0
0
0
0
0
0
0
0
0
0
0
0
0
0
0
0
0
0
0
0
0
0
0
0
0
0
0
0
0
0
0
0
0
0
0
0
0
0
0
0
0
0
0
0
0
0
0
0
0
0
0
0
0
0
0
0
0
0
0
0
0
0
0
0
0
0
0
0
0
0
0
0
0
0
0
0
0
0
0
0
0
0
0
0
0
0
0
0
0
0
0
0
0
0
0
0
0
0
0
0
0
0
0
0
0
0
0
0
0
0
0
0
0
0
0
0
0
0
0
0
0
0
0
0
0
0
0
0
0
0
0
0
0
0
0
0
0
0
0
0
0
0
0
0
0
0
0
0
0
0
0
0
0
0
0
0
0
0
0
0
0
0
0
0
0
0
0
0
0
0
0
0
0
0
0
0
0
0
0
0
0
0
0
0
0
0
0
0
0
0
0
0
0
0
0
0
0
0
0
0
0
0
0
0
0
0
0
0
0
0
0
0
0
0
0
0
0
0
0
0
0
0
0
0
0
0
0
0
0
0
0
0
0
0
0
0
0
0
0
0
0
0
0
0
0
0
0
0
0
0
0
0
0
0
0
0
0
0
0
0
0
0
0
0
0
0
0
0
0
0
0
0
0
0
0
0
0
0
0
0
0
0
0
0
0
0
0
0
0
0
0
0
0
0
0
0
0
0
0
0
0
0
0
0
0
0
0
0
0
0
0
0
0
0
0
0
0
0
0
0
0
0
0
0
0
0
0
0
0
0
0
0
0
0
0
0
0
0
0
0
0
0
0
0
0
0
0
0
0
0
0
0
0
0
0
0
0
0
0
0
0
0
0
0
0
0
0
0
0
0
0
0
0
0
0
0
0
0
0
0
0
0
0
0
0
0
0
0
0
0
0
0
0
0
0
0
0
0
0
0
0
0
0
0
0
0
0
0
0
0
0
0
0
0
0
0
0
0
0
0
0
0
0
0
0
0
0
0
0
0
0
0
0
0
0
0
0
0
0
0
0
0
0
0
0
0
0
0
0
0
0
0
0
0
0
0
0
0
0
0
0
0
0
0
0
0
0
0
0
0
0
0
0
0
0
0
0
0
0
0
0
0
0
0
0
0
0
0
0
0
0
0
0
0
0
0
0
0
0
0
0
0
0
0
0
0
0
0
0
0
0
0
0
0
0
0
0
0
0
0
0
0
0
0
0
0
0
0
0
0
0
0
0
0
0
0
0
0
0
0
0
0
0
0
0
0
0
0
0
0
0
0
0
0
0
0
0
0
0
0
0
0
0
0
0
0
0
0
0
0
0
0
0
0
0
0
0
0
0
0
0
0
0
0
0
0
0
0
0
0
0
0
0
0
0
0
0
0
0
0
0
0
0
0
0
0
0
0
0
0
0
0
0
0
0
0
0
0
0
0
0
0
0
0
0
0
0
0
0
0
0
0
0
0
0
0
0
0
0
0
0
0
0
0
0
0
0
0
0
0
0
0
0
0
0
0
0
0
0
0
0
0
0
0
0
0
0
0
0
0
0
0
0
0
0
0
0
0
0
0
0
0
0
0
0
0
0
0
0
0
0
0
0
0
0
0
0
0
0
0
0
0
0
0
0
0
0
0
0
0
0
0
0
0
0
0
0
0
0
0
0
0
0
0
0
0
0
0
0
0
0
0
0
0
0
0
0
0
0
0
0
0
0
0
0
0
0
0
0
0
0
0
0
0
0
0
0
0
0
0
0
0
0
0
0
0
0
0
0
0
0
0
0
0
0
0
0
0
0
0
0
0
0
0
0
0
0
0
0
0
0
0
0
0
0
0
0
0
0
0
0
0
0
0
0
0
0
0
0
0
0
0
0
0
0
0
0
0
0
0
0
0
0
0
0
0
0
0
0
0
0
0
0
0
0
0
0
0
0
0
0
0
0
0
0
0
0
0
0
0
0
0
0
0
0
0
0
0
0
0
0
0
0
0
0
0
0
0
0
0
0
0
0
0
0
0
0
0
0
0
0
0
0
0
0
0
0
0
0
0
0
0
0
0
0
0
0
0
0
0
0
0
0
0
0
0
0
0
0
0
0
0
0
0
0
0
0
0
0
0
0
0
0
0
0
0
0
0
0
0
0
0
0
0
0
0
0
0
0
0
0
0
0
0
0
0
0
0
0
0
0
0
0
0
0
0
0
0
0
0
0
0
0
0
0
0
0
0
0
0
0
0
0
0
0
0
0
0
0
0
0
0
0
0
0
0
0
0
0
0
0
0
0
0
0
0
0
0
0
0
0
0
0
0
0
0
0
0
0
0
0
0
0
0
0
0
0
0
0
0
0
0
0
0
0
0
0
0
0
0
0
0
0
0
0
0
0
0
0
0
0
0
0
0
0
0
0
0
0
0
0
0
0
0
0
0
0
0
0
0
0
0
0
0
0
0
0
0
0
0
0
0
0
0
0
0
0
0
0
0
0
0
0
0
0
0
0
0
0
0
0
0
0
0
0
0
0
0
0
0
0
0
0
0
0
0
0
0
0
0
0
0
0
0
0
0
0
0
0
0
0
0
0
0
0
0
0
0
0
0
0
0
0
0
0
0
0
0
0
0
0
0
0
0
0
0
0
0
0
0
0
0
0
0
0
0
0
0
0
0
0
0
0
0
0
0
0
0
0
0
0
0
0
0
0
0
0
0
0
0
0
0
0
0
0
0
0
0
0
0
0
0
0
0
0
0
0
0
0
0
0
0
0
0
0
0
0
0
0
0
0
0
0
0
0
0
0
0
0
0
0
0
0
0
0
0
0
0
0
0
0
0
0
0
0
0
0
0
0
0
0
0
0
0
0
0
0
0
0
0
0
0
0
0
0
0
0
0
0
0
0
0
0
0
0
0
0
0
0
0
0
0
0
0
0
0
0
0
0
0
0
0
0
0
0
0
0
0
0
0
0
0
0
0
0
0
0
0
0
0
0
0
0
0
0
0
0
0
0
0
0
0
0
0
0
0
0
0
0
0
0
0
0
0
0
0
0
0
0
0
0
0
0
0
0
0
0
0
0
0
0
0
0
0
0
0
0
0
0
0
0
0
0
0
0
0
0
0
0
0
0
0
0
0
0
0
0
0
0
0
0
0
0
0
0
0
0
0
0
0
0
0
0
0
0
0
0
0
0
0
0
0
0
0
0
0
0
0
0
0
0
0
0
0
0
0
0
0
0
0
0
0
0
0
0
0
0
0
0
0
0
0
0
0
0
0
0
0
0
0
0
0
0
0
0
0
0
0
0
0
0
0
0
0
0
0
0
0
0
0
0
0
0
0
0
0
0
0
0
0
0
0
0
0
0
0
0
0
0
0
0
0
0
0
0
0
0
0
0
0
0
0
0
0
0
0
0
0
0
0
0
0
0
0
0
0
0
0
0
0
0
0
0
0
0
0
0
0
0
0
0
0
0
0
0
0
0
0
0
0
0
0
0
0
0
0
0
0
0
0
0
0
0
0
0
0
0
0
0
0
0
0
0
0
0
0
0
0
0
0
0
0
0
0
0
0
0
0
0
0
0
0
0
0
0
0
0
0
0
0
0
0
0
0
0
0
0
0
0
0
0
0
0
0
0
0
0
0
0
0
0
0
0
0
0
0
0
0
0
0
0
0
0
0
0
0
0
0
0
0
0
0
0
0
0
0
0
0
0
0
0
0
0
0
0
0
0
0
0
0
0
0
0
0
0
0
0
0
0
0
0
0
0
0
0
0
0
0
0
0
0
0
0
0
0
0
0
0
0
0
0
0
0
0
0
0
0
0
0
0
0
0
0
0
0
0
0
0
0
0
0
0
0
0
0
0
0
0
0
0
0
0
0
0
0
0
0
0
0
0
0
0
0
0
0
0
0
0
0
0
0
0
0
0
0
0
0
0
0
0
0
0
0
0
0
0
0
0
0
0
0
0
0
0
0
0
0
0
0
0
0
0
0
0
0
0
0
0
0
0
0
0
0
0
0
0
0
0
0
0
0
0
0
0
0
0
0
0
0
0
0
0
0
0
0
0
0
0
0
0
0
0
0
0
0
0
0
0
0
0
0
0
0
0
0
0
0
0
0
0
0
0
0
0
0
0
0
0
0
0
0
0
0
0
0
0
0
0
0
0
0
0
0
0
0
0
0
0
0
0
0
0
0
0
0
0
0
0
0
0
0
0
0
0
0
0
0
0
0
0
0
0
0
0
0
0
0
0
0
0
0
0
0
0
0
0
0
0
0
0
0
0
0
0
0
0
0
0
0
0
0
0
0
0
0
0
0
0
0
0
0
0
0
0
0
0
0
0
0
0
0
0
0
0
0
0
0
0
0
0
0
0
0
0
0
0
0
0
0
0
0
0
0
0
0
0
0
0
0
0
0
0
0
0
0
0
0
0
0
0
0
0
0
0
0
0
0
0
0
0
0
0
0
0
0
0
0
0
0
0
0
0
0
0
0
0
0
0
0
0
0
0
0
0
0
0
0
0
0
0
0
0
0
0
0
0
0
0
0
0
0
0
0
0
0
0
0
0
0
0
0
0
0
0
0
0
0
0
0
0
0
0
0
0
0
0
0
0
0
0
0
0
0
0
0
0
0
0
0
0
0
0
0
0
0
0
0
0
0
0
0
0
0
0
0
0
0
0
0
0
0
0
0
0
0
0
0
0
0
0
0
0
0
0
0
0
0
0
0
0
0
0
0
0
0
0
0
0
0
0
0
0
0
0
0
0
0
0
0
0
0
0
0
0
0
0
0
0
0
0
0
0
0
0
0
0
0
0
0
0
0
0
0
0
0
0
0
0
0
0
0
0
0
0
0
0
0
0
0
0
0
0
0
0
0
0
0
0
0
0
0
0
0
0
0
0
0
0
0
0
0
0
0
0
0
0
0
0
0
0
0
0
0
0
0
0
0
0
0
0
0
0
0
0
0
0
0
0
0
0
0
0
0
0
0
0
0
0
0
0
0
0
0
0
0
0
0
0
0
0
0
0
0
0
0
0
0
0
0
0
0
0
0
0
0
0
0
0
0
0
0
0
0
0
0
0
0
0
0
0
0
0
0
0
0
0
0
0
0
0
0
0
0
0
0
0
0
0
0
0
0
0
0
0
0
0
0
0
0
0
0
0
0
0
0
0
0
0
0
0
0
0
0
0
0
0
0
0
0
0
0
0
0
0
0
0
0
0
0
0
0
0
0
0
0
0
0
0
0
0
0
0
0
0
0
0
0
0
0
0
0
0
0
0
0
0
0
0
0
0
0
0
0
0
0
0
0
0
0
0
0
0
0
0
0
0
0
0
0
0
0
0
0
0
0
0
0
0
0
0
0
0
0
0
0
0
0
0
0
0
0
0
0
0
0
0
0
0
0
0
0
0
0
0
0
0
0
0
0
0
0
0
0
0
0
0
0
0
0
0
0
0
0
0
0
0
0
0
0
0
0
0
0
0
0
0
0
0
0
0
0
0
0
0
0
0
0
0
0
0
0
0
0
0
0
0
0
0
0
0
0
0
0
0
0
0
0
0
0
0
0
0
0
0
0
0
0
0
0
0
0
0
0
0
0
0
0
0
0
0
0
0
0
0
0
0
0
0
0
0
0
0
0
0
0
0
0
0
0
0
0
0
0
0
0
0
0
0
0
0
0
0
0
0
0
0
0
0
0
0
0
0
0
0
0
0
0
0
0
0
0
0
0
0
0
0
0
0
0
0
0
0
0
0
0
0
0
0
0
0
0
0
0
0
0
0
0
0
0
0
0
0
0
0
0
0
0
0
0
0
0
0
0
0
0
0
0
0
0
0
0
0
0
0
0
0
0
0
0
0
0
0
0
0
0
0
0
0
0
0
0
0
0
0
0
0
0
0
0
0
0
0
0
0
0
0
0
0
0
0
0
0
0
0
0
0
0
0
0
0
0
0
0
0
0
0
0
0
0
0
0
0
0
0
0
0
0
0
0
0
0
0
0
0
0
0
0
0
0
0
0
0
0
0
0
0
0
0
0
0
0
0
0
0
0
0
0
0
0
0
0
0
0
0
0
0
0
0
0
0
0
0
0
0
0
0
0
0
0
0
0
0
0
0
0
0
0
0
0
0
0
0
0
0
0
0
0
0
0
0
0
0
0
0
0
0
0
0
0
0
0
0
0
0
0
0
0
0
0
0
0
0
0
0
0
0
0
0
0
0
0
0
0
0
0
0
0
0
0
0
0
0
0
0
0
0
0
0
0
0
0
0
0
0
0
0
0
0
0
0
0
0
0
0
0
0
0
0
0
0
0
0
0
0
0
0
0
0
0
0
0
0
0
0
0
0
0
0
0
0
0
0
0
0
0
0
0
0
0
0
0
0
0
0
0
0
0
0
0
0
0
0
0
0
0
0
0
0
0
0
0
0
0
0
0
0
0
0
0
0
0
0
0
0
0
0
0
0
0
0
0
0
0
0
0
0
0
0
0
0
0
0
0
0
0
0
0
0
0
0
0
0
0
0
0
0
0
0
0
0
0
0
0
0
0
0
0
0
0
0
0
0
0
0
0
0
0
0
0
0
0
0
0
0
0
0
0
0
0
0
0
0
0
0
0
0
0
0
0
0
0
0
0
0
0
0
0
0
0
0
0
0
0
0
0
0
0
0
0
0
0
0
0
0
0
0
0
0
0
0
0
0
0
0
0
0
0
0
0
0
0
0
0
0
0
0
0
0
0
0
0
0
0
0
0
0
0
0
0
0
0
0
0
0
0
0
0
0
0
0
0
0
0
0
0
0
0
0
0
0
0
0
0
0
0
0
0
0
0
0
0
0
0
0
0
0
0
0
0
0
0
0
0
0
0
0
0
0
0
0
0
0
0
0
0
0
0
0
0
0
0
0
0
0
0
0
0
0
0
0
0
0
0
0
0
0
0
0
0
0
0
0
0
0
0
0
0
0
0
0
0
0
0
0
0
0
0
0
0
0
0
0
0
0
0
0
0
0
0
0
0
0
0
0
0
0
0
0
0
0
0
0
0
0
0
0
0
0
0
0
0
0
0
0
0
0
0
0
0
0
0
0
0
0
0
0
0
0
0
0
0
0
0
0
0
0
0
0
0
0
0
0
0
0
0
0
0
0
0
0
0
0
0
0
0
0
0
0
0
0
0
0
0
0
0
0
0
0
0
0
0
0
0
0
0
0
0
0
0
0
0
0
0
0
0
0
0
0
0
0
0
0
0
0
0
0
0
0
0
0
0
0
0
0
0
0
0
0
0
0
0
0
0
0
0
0
0
0
0
0
0
0
0
0
0
0
0
0
0
0
0
0
0
0
0
0
0
0
0
0
0
0
0
0
0
0
0
0
0
0
0
0
0
0
0
0
0
0
0
0
0
0
0
0
0
0
0
0
0
0
0
0
0
0
0
0
0
0
0
0
0
0
0
0
0
0
0
0
0
0
0
0
0
0
0
0
0
0
0
0
0
0
0
0
0
0
0
0
0
0
0
0
0
0
0
0
0
0
0
0
0
0
0
0
0
0
0
0
0
0
0
0
0
0
0
0
0
0
0
0
0
0
0
0
0
0
0
0
0
0
0
0
0
0
0
0
0
0
0
0
0
0
0
0
0
0
0
0
0
0
0
0
0
0
0
0
0
0
0
0
0
0
0
0
0
0
0
0
0
0
0
0
0
0
0
0
0
0
0
0
0
0
0
0
0
0
0
0
0
0
0
0
0
0
0
0
0
0
0
0
0
0
0
0
0
0
0
0
0
0
0
0
0
0
0
0
0
0
0
0
0
0
0
0
0
0
0
0
0
0
0
0
0
0
0
0
0
0
0
0
0
0
0
0
0
0
0
0
0
0
0
0
0
0
0
0
0
0
0
0
0
0
0
0
0
0
0
0
0
0
0
0
0
0
0
0
0
0
0
0
0
0
0
0
0
0
0
0
0
0
0
0
0
0
0
0
0
0
0
0
0
0
0
0
0
0
0
0
0
0
0
0
0
0
0
0
0
0
0
0
0
0
0
0
0
0
0
0
0
0
0
0
0
0
0
0
0
0
0
0
0
0
0
0
0
0
0
0
0
0
0
0
0
0
0
0
0
0
0
0
0
0
0
0
0
0
0
0
0
0
0
0
0
0
0
0
0
0
0
0
0
0
0
0
0
0
0
0
0
0
0
0
0
0
0
0
0
0
0
0
0
0
0
0
0
0
0
0
0
0
0
0
0
0
0
0
0
0
0
0
0
0
0
0
0
0
0
0
0
0
0
0
0
0
0
0
0
0
0
0
0
0
0
0
0
0
0
0
0
0
0
0
0
0
0
0
0
0
0
0
0
0
0
0
0
0
0
0
0
0
0
0
0
0
0
0
0
0
0
0
0
0
0
0
0
0
0
0
0
0
0
0
0
0
0
0
0
0
0
0
0
0
0
0
0
0
0
0
0
0
0
0
0
0
0
0
0
0
0
0
0
0
0
0
0
0
0
0
0
0
0
0
0
0
0
0
0
0
0
0
0
0
0
0
0
0
0
0
0
0
0
0
0
0
0
0
0
0
0
0
0
0
0
0
0
0
0
0
0
0
0
0
0
0
0
0
0
0
0
0
0
0
0
0
0
0
0
0
0
0
0
0
0
0
0
0
0
0
0
0
0
0
0
0
0
0
0
0
0
0
0
0
0
0
0
0
0
0
0
0
0
0
0
0
0
0
0
0
0
0
0
0
0
0
0
0
0
0
0
0
0
0
0
0
0
0
0
0
0
0
0
0
0
0
0
0
0
0
0
0
0
0
0
0
0
0
0
0
0
0
0
0
0
0
0
0
0
0
0
0
0
0
0
0
0
0
0
0
0
0
0
0
0
0
0
0
0
0
0
0
0
0
0
0
0
0
0
0
0
0
0
0
0
0
0
0
0
0
0
0
0
0
0
0
0
0
0
0
0
0
0
0
0
0
0
0
0
0
0
0
0
0
0
0
0
0
0
0
0
0
0
0
0
0
0
0
0
0
0
0
0
0
0
0
0
0
0
0
0
0
0
0
0
0
0
0
0
0
0
0
0
0
0
0
0
0
0
0
0
0
0
0
0
0
0
0
0
0
0
0
0
0
0
0
0
0
0
0
0
0
0
0
0
0
0
0
0
0
0
0
0
0
0
0
0
0
0
0
0
0
0
0
0
0
0
0
0
0
0
0
0
0
0
0
0
0
0
0
0
0
0
0
0
0
0
0
0
0
0
0
0
0
0
0
0
0
0
0
0
0
0
0
0
0
0
0
0
0
0
0
0
0
0
0
0
0
0
0
0
0
0
0
0
0
0
0
0
0
0
0
0
0
0
0
0
0
0
0
0
0
0
0
0
0
0
0
0
0
0
0
0
0
0
0
0
0
0
0
0
0
0
0
0
0
0
0
0
0
0
0
0
0
0
0
0
0
0
0
0
0
0
0
0
0
0
0
0
0
0
0
0
0
0
0
0
0
0
0
0
0
0
0
0
0
0
0
0
0
0
0
0
0
0
0
0
0
0
0
0
0
0
0
0
0
0
0
0
0
0
0
0
0
0
0
0
0
0
0
0
0
0
0
0
0
0
0
0
0
0
0
0
0
0
0
0
0
0
0
0
0
0
0
0
0
0
0
0
0
0
0
0
0
0
0
0
0
0
0
0
0
0
0
0
0
0
0
0
0
0
0
0
0
0
0
0
0
0
0
0
0
0
0
0
0
0
0
0
0
0
0
0
0
0
0
0
0
0
0
0
0
0
0
0
0
0
0
0
0
0
0
0
0
0
0
0
0
0
0
0
0
0
0
0
0
0
0
0
0
0
0
0
0
0
0
0
0
0
0
0
0
0
0
0
0
0
0
0
0
0
0
0
0
0
0
0
0
0
0
0
0
0
0
0
0
0
0
0
0
0
0
0
0
0
0
0
0
0
0
0
0
0
0
0
0
0
0
0
0
0
0
0
0
0
0
0
0
0
0
0
0
0
0
0
0
0
0
0
0
0
0
0
0
0
0
0
0
0
0
0
0
0
0
0
0
0
0
0
0
0
0
0
0
0
0
0
0
0
0
0
0
0
0
0
0
0
0
0
0
0
0
0
0
0
0
0
0
0
0
0
0
0
0
0
0
0
0
0
0
0
0
0
0
0
0
0
0
0
0
0
0
0
0
0
0
0
0
0
0
0
0
0
0
0
0
0
0
0
0
0
0
0
0
0
0
0
0
0
0
0
0
0
0
0
0
0
0
0
0
0
0
0
0
0
0
0
0
0
0
0
0
0
0
0
0
0
0
0
0
0
0
0
0
0
0
0
0
0
0
0
0
0
0
0
0
0
0
0
0
0
0
0
0
0
0
0
0
0
0
0
0
0
0
0
0
0
0
0
0
0
0
0
0
0
0
0
0
0
0
0
0
0
0
0
0
0
0
0
0
0
0
0
0
0
0
0
0
0
0
0
0
0
0
0
0
0
0
0
0
0
0
0
0
0
0
0
0
0
0
0
0
0
0
0
0
0
0
0
0
0
0
0
0
0
0
0
0
0
0
0
0
0
0
0
0
0
0
0
0
0
0
0
0
0
0
0
0
0
0
0
0
0
0
0
0
0
0
0
0
0
0
0
0
0
0
0
0
0
0
0
0
0
0
0
0
0
0
0
0
0
0
0
0
0
0
0
0
0
0
0
0
0
0
0
0
0
0
0
0
0
0
0
0
0
0
0
0
0
0
0
0
0
0
0
0
0
0
0
0
0
0
0
0
0
0
0
0
0
0
0
0
0
0
0
0
0
0
0
0
0
0
0
0
0
0
0
0
0
0
0
0
0
0
0
0
0
0
0
0
0
0
0
0
0
0
0
0
0
0
0
0
0
0
0
0
0
0
0
0
0
0
0
0
0
0
0
0
0
0
0
0
0
0
0
0
0
0
0
0
0
0
0
0
0
0
0
0
0
0
0
0
0
0
0
0
0
0
0
0
0
0
0
0
0
0
0
0
0
0
0
0
0
0
0
0
0
0
0
0
0
0
0
0
0
0
0
0
0
0
0
0
0
0
0
0
0
0
0
0
0
0
0
0
0
0
0
0
0
0
0
0
0
0
0
0
0
0
0
0
0
0
0
0
0
0
0
0
0
0
0
0
0
0
0
0
0
0
0
0
0
0
0
0
0
0
0
0
0
0
0
0
0
0
0
0
0
0
0
0
0
0
0
0
0
0
0
0
0
0
0
0
0
0
0
0
0
0
0
0
0
0
0
0
0
0
0
0
0
0
0
0
0
0
0
0
0
0
0
0
0
0
0
0
0
0
0
0
0
0
0
0
0
0
0
0
0
0
0
0
0
0
0
0
0
0
0
0
0
0
0
0
0
0
0
0
0
0
0
0
0
0
0
0
0
0
0
0
0
0
0
0
0
0
0
0
0
0
0
0
0
0
0
0
0
0
0
0
0
0
0
0
0
0
0
0
0
0
0
0
0
0
0
0
0
0
0
0
0
0
0
0
0
0
0
0
0
0
0
0
0
0
0
0
0
0
0
0
0
0
0
0
0
0
0
0
0
0
0
0
0
0
0
0
0
0
0
0
0
0
0
0
0
0
0
0
0
0
0
0
0
0
0
0
0
0
0
0
0
0
0
0
0
0
0
0
0
0
0
0
0
0
0
0
0
0
0
0
0
0
0
0
0
0
0
0
0
0
0
0
0
0
0
0
0
0
0
0
0
0
0
0
0
0
0
0
0
0
0
0
0
0
0
0
0
0
0
0
0
0
0
0
0
0
0
0
0
0
0
0
0
0
0
0
0
0
0
0
0
0
0
0
0
0
0
0
0
0
0
0
0
0
0
0
0
0
0
0
0
0
0
0
0
0
0
0
0
0
0
0
0
0
0
0
0
0
0
0
0
0
0
0
0
0
0
0
0
0
0
0
0
0
0
0
0
0
0
0
0
0
0
0
0
0
0
0
0
0
0
0
0
0
0
0
0
0
0
0
0
0
0
0
0
0
0
0
0
0
0
0
0
0
0
0
0
0
0
0
0
0
0
0
0
0
0
0
0
0
0
0
0
0
0
0
0
0
0
0
0
0
0
0
0
0
0
0
0
0
0
0
0
0
0
0
0
0
0
0
0
0
0
0
0
0
0
0
0
0
0
0
0
0
0
0
0
0
0
0
0
0
0
0
0
0
0
0
0
0
0
0
0
0
0
0
0
0
0
0
0
0
0
0
0
0
0
0
0
0
0
0
0
0
0
0
0
0
0
0
0
0
0
0
0
0
0
0
0
0
0
0
0
0
0
0
0
0
0
0
0
0
0
0
0
0
0
0
0
0
0
0
0
0
0
0
0
0
0
0
0
0
0
0
0
0
0
0
0
0
0
0
0
0
0
0
0
0
0
0
0
0
0
0
0
0
0
0
0
0
0
0
0
0
0
0
0
0
0
0
0
0
0
0
0
0
0
0
0
0
0
0
0
0
0
0
0
0
0
0
0
0
0
0
0
0
0
0
0
0
0
0
0
0
0
0
0
0
0
0
0
0
0
0
0
0
0
0
0
0
0
0
0
0
0
0
0
0
0
0
0
0
0
0
0
0
0
0
0
0
0
0
0
0
0
0
0
0
0
0
0
0
0
0
0
0
0
0
0
0
0
0
0
0
0
0
0
0
0
0
0
0
0
0
0
0
0
0
0
0
0
0
0
0
0
0
0
0
0
0
0
0
0
0
0
0
0
0
0
0
0
0
0
0
0
0
0
0
0
0
0
0
0
0
0
0
0
0
0
0
0
0
0
0
0
0
0
0
0
0
0
0
0
0
0
0
0
0
0
0
0
0
0
0
0
0
0
0
0
0
0
0
0
0
0
0
0
0
0
0
0
0
0
0
0
0
0
0
0
0
0
0
0
0
0
0
0
0
0
0
0
0
0
0
0
0
0
0
0
0
0
0
0
0
0
0
0
0
0
0
0
0
0
0
0
0
0
0
0
0
0
0
0
0
0
0
0
0
0
0
0
0
0
0
0
0
0
0
0
0
0
0
0
0
0
0
0
0
0
0
0
0
0
0
0
0
0
0
0
0
0
0
0
0
0
0
0
0
0
0
0
0
0
0
0
0
0
0
0
0
0
0
0
0
0
0
0
0
0
0
0
0
0
0
0
0
0
0
0
0
0
0
0
0
0
0
0
0
0
0
0
0
0
0
0
0
0
0
0
0
0
0
0
0
0
0
0
0
0
0
0
0
0
0
0
0
0
0
0
0
0
0
0
0
0
0
0
0
0
0
0
0
0
0
0
0
0
0
0
0
0
0
0
0
0
0
0
0
0
0
0
0
0
0
0
0
0
0
0
0
0
0
0
0
0
0
0
0
0
0
0
0
0
0
0
0
0
0
0
0
0
0
0
0
0
0
0
0
0
0
0
0
0
0
0
0
0
0
0
0
0
0
0
0
0
0
0
0
0
0
0
0
0
0
0
0
0
0
0
0
0
0
0
0
0
0
0
0
0
0
0
0
0
0
0
0
0
0
0
0
0
0
0
0
0
0
0
0
0
0
0
0
0
0
0
0
0
0
0
0
0
0
0
0
0
0
0
0
0
0
0
0
0
0
0
0
0
0
0
0
0
0
0
0
0
0
0
0
0
0
0
0
0
0
0
0
0
0
0
0
0
0
0
0
0
0
0
0
0
0
0
0
0
0
0
0
0
0
0
0
0
0
0
0
0
0
0
0
0
0
0
0
0
0
0
0
0
0
0
0
0
0
0
0
0
0
0
0
0
0
0
0
0
0
0
0
0
0
0
0
0
0
0
0
0
0
0
0
0
0
0
0
0
0
0
0
0
0
0
0
0
0
0
0
0
0
0
0
0
0
0
0
0
0
0
0
0
0
0
0
0
0
0
0
0
0
0
0
0
0
0
0
0
0
0
0
0
0
0
0
0
0
0
0
0
0
0
0
0
0
0
0
0
0
0
0
0
0
0
0
0
0
0
0
0
0
0
0
0
0
0
0
0
0
0
0
0
0
0
0
0
0
0
0
0
0
0
0
0
0
0
0
0
0
0
0
0
0
0
0
0
0
0
0
0
0
0
0
0
0
0
0
0
0
0
0
0
0
0
0
0
0
0
0
0
0
0
0
0
0
0
0
0
0
0
0
0
0
0
0
0
0
0
0
0
0
0
0
0
0
0
0
0
0
0
0
0
0
0
0
0
0
0
0
0
0
0
0
0
0
0
0
0
0
0
0
0
0
0
0
0
0
0
0
0
0
0
0
0
0
0
0
0
0
0
0
0
0
0
0
0
0
0
0
0
0
0
0
0
0
0
0
0
0
0
0
0
0
0
0
0
0
0
0
0
0
0
0
0
0
0
0
0
0
0
0
0
0
0
0
0
0
0
0
0
0
0
0
0
0
0
0
0
0
0
0
0
0
0
0
0
0
0
0
0
0
0
0
0
0
0
0
0
0
0
0
0
0
0
0
0
0
0
0
0
0
0
0
0
0
0
0
0
0
0
0
0
0
0
0
0
0
0
0
0
0
0
0
0
0
0
0
0
0
0
0
0
0
0
0
0
0
0
0
0
0
0
0
0
0
0
0
0
0
0
0
0
0
0
0
0
0
0
0
0
0
0
0
0
0
0
0
0
0
0
0
0
0
0
0
0
0
0
0
0
0
0
0
0
0
0
0
0
0
0
0
0
0
0
0
0
0
0
0
0
0
0
0
0
0
0
0
0
0
0
0
0
0
0
0
0
0
0
0
0
0
0
0
0
0
0
0
0
0
0
0
0
0
0
0
0
0
0
0
0
0
0
0
0
0
0
0
0
0
0
0
0
0
0
0
0
0
0
0
0
0
0
0
0
0
0
0
0
0
0
0
0
0
0
0
0
0
0
0
0
0
0
0
0
0
0
0
0
0
0
0
0
0
0
0
0
0
0
0
0
0
0
0
0
0
0
0
0
0
0
0
0
0
0
0
0
0
0
0
0
0
0
0
0
0
0
0
0
0
0
0
0
0
0
0
0
0
0
0
0
0
0
0
0
0
0
0
0
0
0
0
0
0
0
0
0
0
0
0
0
0
0
0
0
0
0
0
0
0
0
0
0
0
0
0
0
0
0
0
0
0
0
0
0
0
0
0
0
0
0
0
0
0
0
0
0
0
0
0
0
0
0
0
0
0
0
0
0
0
0
0
0
0
0
0
0
0
0
0
0
0
0
0
0
0
0
0
0
0
0
0
0
0
0
0
0
0
0
0
0
0
0
0
0
0
0
0
0
0
0
0
0
0
0
0
0
0
0
0
0
0
0
0
0
0
0
0
0
0
0
0
0
0
0
0
0
0
0
0
0
0
0
0
0
0
0
0
0
0
0
0
0
0
0
0
0
0
0
0
0
0
0
0
0
0
0
0
0
0
0
0
0
0
0
0
0
0
0
0
0
0
0
0
0
0
0
0
0
0
0
0
0
0
0
0
0
0
0
0
0
0
0
0
0
0
0
0
0
0
0
0
0
0
0
0
0
0
0
0
0
0
0
0
0
0
0
0
0
0
0
0
0
0
0
0
0
0
0
0
0
0
0
0
0
0
0
0
0
0
0
0
0
0
0
0
0
0
0
0
0
0
0
0
0
0
0
0
0
0
0
0
0
0
0
0
0
0
0
0
0
0
0
0
0
0
0
0
0
0
0
0
0
0
0
0
0
0
0
0
0
0
0
0
0
0
0
0
0
0
0
0
0
0
0
0
0
0
0
0
0
0
0
0
0
0
0
0
0
0
0
0
0
0
0
0
0
0
0
0
0
0
0
0
0
0
0
0
0
0
0
0
0
0
0
0
0
0
0
0
0
0
0
0
0
0
0
0
0
0
0
0
0
0
0
0
0
0
0
0
0
0
0
0
0
0
0
0
0
0
0
0
0
0
0
0
0
0
0
0
0
0
0
0
0
0
0
0
0
0
0
0
0
0
0
0
0
0
0
0
0
0
0
0
0
0
0
0
0
0
0
0
0
0
0
0
0
0
0
0
0
0
0
0
0
0
0
0
0
0
0
0
0
0
0
0
0
0
0
0
0
0
0
0
0
0
0
0
0
0
0
0
0
0
0
0
0
0
0
0
0
0
0
0
0
0
0
0
0
0
0
0
0
0
0
0
0
0
0
0
0
0
0
0
0
0
0
0
0
0
0
0
0
0
0
0
0
0
0
0
0
0
0
0
0
0
0
0
0
0
0
0
0
0
0
0
0
0
0
0
0
0
0
0
0
0
0
0
0
0
0
0
0
0
0
0
0
0
0
0
0
0
0
0
0
0
0
0
0
0
0
0
0
0
0
0
0
0
0
0
0
0
0
0
0
0
0
0
0
0
0
0
0
0
0
0
0
0
0
0
0
0
0
0
0
0
0
0
0
0
0
0
0
0
0
0
0
0
0
0
0
0
0
0
0
0
0
0
0
0
0
0
0
0
0
0
0
0
0
0
0
0
0
0
0
0
0
0
0
0
0
0
0
0
0
0
0
0
0
0
0
0
0
0
0
0
0
0
0
0
0
0
0
0
0
0
0
0
0
0
0
0
0
0
0
0
0
0
0
0
0
0
0
0
0
0
0
0
0
0
0
0
0
0
0
0
0
0
0
0
0
0
0
0
0
0
0
0
0
0
0
0
0
0
0
0
0
0
0
0
0
0
0
0
0
0
0
0
0
0
0
0
0
0
0
0
0
0
0
0
0
0
0
0
0
0
0
0
0
0
0
0
0
0
0
0
0
0
0
0
0
0
0
0
0
0
0
0
0
0
0
0
0
0
0
0
0
0
0
0
0
0
0
0
0
0
0
0
0
0
0
0
0
0
0
0
0
0
0
0
0
0
0
0
0
0
0
0
0
0
0
0
0
0
0
0
0
0
0
0
0
0
0
0
0
0
0
0
0
0
0
0
0
0
0
0
0
0
0
0
0
0
0
0
0
0
0
0
0
0
0
0
0
0
0
0
0
0
0
0
0
0
0
0
0
0
0
0
0
0
0
0
0
0
0
0
0
0
0
0
0
0
0
0
0
0
0
0
0
0
0
0
0
0
0
0
0
0
0
0
0
0
0
0
0
0
0
0
0
0
0
0
0
0
0
0
0
0
0
0
0
0
0
0
0
0
0
0
0
0
0
0
0
0
0
0
0
0
0
0
0
0
0
0
0
0
0
0
0
0
0
0
0
0
0
0
0
0
0
0
0
0
0
0
0
0
0
0
0
0
0
0
0
0
0
0
0
0
0
0
0
0
0
0
0
0
0
0
0
0
0
0
0
0
0
0
0
0
0
0
0
0
0
0
0
0
0
0
0
0
0
0
0
0
0
0
0
0
0
0
0
0
0
0
0
0
0
0
0
0
0
0
0
0
0
0
0
0
0
0
0
0
0
0
0
0
0
0
0
0
0
0
0
0
0
0
0
0
0
0
0
0
0
0
0
0
0
0
0
0
0
0
0
0
0
0
0
0
0
0
0
0
0
0
0
0
0
0
0
0
0
0
0
0
0
0
0
0
0
0
0
0
0
0
0
0
0
0
0
0
0
0
0
0
0
0
0
0
0
0
0
0
0
0
0
0
0
0
0
0
0
0
0
0
0
0
0
0
0
0
0
0
0
0
0
0
0
0
0
0
0
0
0
0
0
0
0
0
0
0
0
0
0
0
0
0
0
0
0
0
0
0
0
0
0
0
0
0
0
0
0
0
0
0
0
0
0
0
0
0
0
0
0
0
0
0
0
0
0
0
0
0
0
0
0
0
0
0
0
0
0
0
0
0
0
0
0
0
0
0
0
0
0
0
0
0
0
0
0
0
0
0
0
0
0
0
0
0
0
0
0
0
0
0
0
0
0
0
0
0
0
0
0
0
0
0
0
0
0
0
0
0
0
0
0
0
0
0
0
0
0
0
0
0
0
0
0
0
0
0
0
0
0
0
0
0
0
0
0
0
0
0
0
0
0
0
0
0
0
0
0
0
0
0
0
0
0
0
0
0
0
0
0
0
0
0
0
0
0
0
0
0
0
0
0
0
0
0
0
0
0
0
0
0
0
0
0
0
0
0
0
0
0
0
0
0
0
0
0
0
0
0
0
0
0
0
0
0
0
0
0
0
0
0
0
0
0
0
0
0
0
0
0
0
0
0
0
0
0
0
0
0
0
0
0
0
0
0
0
0
0
0
0
0
0
0
0
0
0
0
0
0
0
0
0
0
0
0
0
0
0
0
0
0
0
0
0
0
0
0
0
0
0
0
0
0
0
0
0
0
0
0
0
0
0
0
0
0
0
0
0
0
0
0
0
0
0
0
0
0
0
0
0
0
0
0
0
0
0
0
0
0
0
0
0
0
0
0
0
0
0
0
0
0
0
0
0
0
0
0
0
0
0
0
0
0
0
0
0
0
0
0
0
0
0
0
0
0
0
0
0
0
0
0
0
0
0
0
0
0
0
0
0
0
0
0
0
0
0
0
0
0
0
0
0
0
0
0
0
0
0
0
0
0
0
0
0
0
0
0
0
0
0
0
0
0
0
0
0
0
0
0
0
0
0
0
0
0
0
0
0
0
0
0
0
0
0
0
0
0
0
0
0
0
0
0
0
0
0
0
0
0
0
0
0
0
0
0
0
0
0
0
0
0
0
0
0
0
0
0
0
0
0
0
0
0
0
0
0
0
0
0
0
0
0
0
0
0
0
0
0
0
0
0
0
0
0
0
0
0
0
0
0
0
0
0
0
0
0
0
0
0
0
0
0
0
0
0
0
0
0
0
0
0
0
0
0
0
0
0
0
0
0
0
0
0
0
0
0
0
0
0
0
0
0
0
0
0
0
0
0
0
0
0
0
0
0
0
0
0
0
0
0
0
0
0
0
0
0
0
0
0
0
0
0
0
0
0
0
0
0
0
0
0
0
0
0
0
0
0
0
0
0
0
0
0
0
0
0
0
0
0
0
0
0
0
0
0
0
0
0
0
0
0
0
0
0
0
0
0
0
0
0
0
0
0
0
0
0
0
0
0
0
0
0
0
0
0
0
0
0
0
0
0
0
0
0
0
0
0
0
0
0
0
0
0
0
0
0
0
0
0
0
0
0
0
0
0
0
0
0
0
0
0
0
0
0
0
0
0
0
0
0
0
0
0
0
0
0
0
0
0
0
0
0
0
0
0
0
0
0
0
0
0
0
0
0
0
0
0
0
0
0
0
0
0
0
0
0
0
0
0
0
0
0
0
0
0
0
0
0
0
0
0
0
0
0
0
0
0
0
0
0
0
0
0
0
0
0
0
0
0
0
0
0
0
0
0
0
0
0
0
0
0
0
0
0
0
0
0
0
0
0
0
0
0
0
0
0
0
0
0
0
0
0
0
0
0
0
0
0
0
0
0
0
0
0
0
0
0
0
0
0
0
0
0
0
0
0
0
0
0
0
0
0
0
0
0
0
0
0
0
0
0
0
0
0
0
0
0
0
0
0
0
0
0
0
0
0
0
0
0
0
0
0
0
0
0
0
0
0
0
0
0
0
0
0
0
0
0
0
0
0
0
0
0
0
0
0
0
0
0
0
0
0
0
0
0
0
0
0
0
0
0
0
0
0
0
0
0
0
0
0
0
0
0
0
0
0
0
0
0
0
0
0
0
0
0
0
0
0
0
0
0
0
0
0
0
0
0
0
0
0
0
0
0
0
0
0
0
0
0
0
0
0
0
0
0
0
0
0
0
0
0
0
0
0
0
0
0
0
0
0
0
0
0
0
0
0
0
0
0
0
0
0
0
0
0
0
0
0
0
0
0
0
0
0
0
0
0
0
0
0
0
0
0
0
0
0
0
0
0
0
0
0
0
0
0
0
0
0
0
0
0
0
0
0
0
0
0
0
0
0
0
0
0
0
0
0
0
0
0
0
0
0
0
0
0
0
0
0
0
0
0
0
0
0
0
0
0
0
0
0
0
0
0
0
0
0
0
0
0
0
0
0
0
0
0
0
0
0
0
0
0
0
0
0
0
0
0
0
0
0
0
0
0
0
0
0
0
0
0
0
0
0
0
0
0
0
0
0
0
0
0
0
0
0
0
0
0
0
0
0
0
0
0
0
0
0
0
0
0
0
0
0
0
0
0
0
0
0
0
0
0
0
0
0
0
0
0
0
0
0
0
0
0
0
0
0
0
0
0
0
0
0
0
0
0
0
0
0
0
0
0
0
0
0
0
0
0
0
0
0
0
0
0
0
0
0
0
0
0
0
0
0
0
0
0
0
0
0
0
0
0
0
0
0
0
0
0
0
0
0
0
0
0
0
0
0
0
0
0
0
0
0
0
0
0
0
0
0
0
0
0
0
0
0
0
0
0
0
0
0
0
0
0
0
0
0
0
0
0
0
0
0
0
0
0
0
0
0
0
0
0
0
0
0
0
0
0
0
0
0
0
0
0
0
0
0
0
0
0
0
0
0
0
0
0
0
0
0
0
0
0
0
0
0
0
0
0
0
0
0
0
0
0
0
0
0
0
0
0
0
0
0
0
0
0
0
0
0
0
0
0
0
0
0
0
0
0
0
0
0
0
0
0
0
0
0
0
0
0
0
0
0
0
0
0
0
0
0
0
0
0
0
0
0
0
0
0
0
0
0
0
0
0
0
0
0
0
0
0
0
0
0
0
0
0
0
0
0
0
0
0
0
0
0
0
0
0
0
0
0
0
0
0
0
0
0
0
0
0
0
0
0
0
0
0
0
0
0
0
0
0
0
0
0
0
0
0
0
0
0
0
0
0
0
0
0
0
0
0
0
0
0
0
0
0
0
0
0
0
0
0
0
0
0
0
0
0
0
0
0
0
0
0
0
0
0
0
0
0
0
0
0
0
0
0
0
0
0
0
0
0
0
0
0
0
0
0
0
0
0
0
0
0
0
0
0
0
0
0
0
0
0
0
0
0
0
0
0
0
0
0
0
0
0
0
0
0
0
0
0
0
0
0
0
0
0
0
0
0
0
0
0
0
0
0
0
0
0
0
0
0
0
0
0
0
0
0
0
0
0
0
0
0
0
0
0
0
0
0
0
0
0
0
0
0
0
0
0
0
0
0
0
0
0
0
0
0
0
0
0
0
0
0
0
0
0
0
0
0
0
0
0
0
0
0
0
0
0
0
0
0
0
0
0
0
0
0
0
0
0
0
0
0
0
0
0
0
0
0
0
0
0
0
0
0
0
0
0
0
0
0
0
0
0
0
0
0
0
0
0
0
0
0
0
0
0
0
0
0
0
0
0
0
0
0
0
0
0
0
0
0
0
0
0
0
0
0
0
0
0
0
0
0
0
0
0
0
0
0
0
0
0
0
0
0
0
0
0
0
0
0
0
0
0
0
0
0
0
0
0
0
0
0
0
0
0
0
0
0
0
0
0
0
0
0
0
0
0
0
0
0
0
0
0
0
0
0
0
0
0
0
0
0
0
0
0
0
0
0
0
0
0
0
0
0
0
0
0
0
0
0
0
0
0
0
0
0
0
0
0
0
0
0
0
0
0
0
0
0
0
0
0
0
0
0
0
0
0
0
0
0
0
0
0
0
0
0
0
0
0
0
0
0
0
0
0
0
0
0
0
0
0
0
0
0
0
0
0
0
0
0
0
0
0
0
0
0
0
0
0
0
0
0
0
0
0
0
0
0
0
0
0
0
0
0
0
0
0
0
0
0
0
0
0
0
0
0
0
0
0
0
0
0
0
0
0
0
0
0
0
0
0
0
0
0
0
0
0
0
0
0
0
0
0
0
0
0
0
0
0
0
0
0
0
0
0
0
0
0
0
0
0
0
0
0
0
0
0
0
0
0
0
0
0
0
0
0
0
0
0
0
0
0
0
0
0
0
0
0
0
0
0
0
0
0
0
0
0
0
0
0
0
0
0
0
0
0
0
0
0
0
0
0
0
0
0
0
0
0
0
0
0
0
0
0
0
0
0
0
0
0
0
0
0
0
0
0
0
0
0
0
0
0
0
0
0
0
0
0
0
0
0
0
0
0
0
0
0
0
0
0
0
0
0
0
0
0
0
0
0
0
0
0
0
0
0
0
0
0
0
0
0
0
0
0
0
0
0
0
0
0
0
0
0
0
0
0
0
0
0
0
0
0
0
0
0
0
0
0
0
0
0
0
0
0
0
0
0
0
0
0
0
0
0
0
0
0
0
0
0
0
0
0
0
0
0
0
0
0
0
0
0
0
0
0
0
0
0
0
0
0
0
0
0
0
0
0
0
0
0
0
0
0
0
0
0
0
0
0
0
0
0
0
0
0
0
0
0
0
0
0
0
0
0
0
0
0
0
0
0
0
0
0
0
0
0
0
0
0
0
0
0
0
0
0
0
0
0
0
0
0
0
0
0
0
0
0
0
0
0
0
0
0
0
0
0
0
0
0
0
0
0
0
0
0
0
0
0
0
0
0
0
0
0
0
0
0
0
0
0
0
0
0
0
0
0
0
0
0
0
0
0
0
0
0
0
0
0
0
0
0
0
0
0
0
0
0
0
0
0
0
0
0
0
0
0
0
0
0
0
0
0
0
0
0
0
0
0
0
0
0
0
0
0
0
0
0
0
0
0
0
0
0
0
0
0
0
0
0
0
0
0
0
0
0
0
0
0
0
0
0
0
0
0
0
0
0
0
0
0
0
0
0
0
0
0
0
0
0
0
0
0
0
0
0
0
0
0
0
0
0
0
0
0
0
0
0
0
0
0
0
0
0
0
0
0
0
0
0
0
0
0
0
0
0
0
0
0
0
0
0
0
0
0
0
0
0
0
0
0
0
0
0
0
0
0
0
0
0
0
0
0
0
0
0
0
0
0
0
0
0
0
0
0
0
0
0
0
0
0
0
0
0
0
0
0
0
0
0
0
0
0
0
0
0
0
0
0
0
0
0
0
0
0
0
0
0
0
0
0
0
0
0
0
0
0
0
0
0
0
0
0
0
0
0
0
0
0
0
0
0
0
0
0
0
0
0
0
0
0
0
0
0
0
0
0
0
0
0
0
0
0
0
0
0
0
0
0
0
0
0
0
0
0
0
0
0
0
0
0
0
0
0
0
0
0
0
0
0
0
0
0
0
0
0
0
0
0
0
0
0
0
0
0
0
0
0
0
0
0
0
0
0
0
0
0
0
0
0
0
0
0
0
0
0
0
0
0
0
0
0
0
0
0
0
0
0
0
0
0
0
0
0
0
0
0
0
0
0
0
0
0
0
0
0
0
0
0
0
0
0
0
0
0
0
0
0
0
0
0
0
0
0
0
0
0
0
0
0
0
0
0
0
0
0
0
0
0
0
0
0
0
0
0
0
0
0
0
0
0
0
0
0
0
0
0
0
0
0
0
0
0
0
0
0
0
0
0
0
0
0
0
0
0
0
0
0
0
0
0
0
0
0
0
0
0
0
0
0
0
0
0
0
0
0
0
0
0
0
0
0
0
0
0
0
0
0
0
0
0
0
0
0
0
0
0
0
0
0
0
0
0
0
0
0
0
0
0
0
0
0
0
0
0
0
0
0
0
0
0
0
0
0
0
0
0
0
0
0
0
0
0
0
0
0
0
0
0
0
0
0
0
0
0
0
0
0
0
0
0
0
0
0
0
0
0
0
0
0
0
0
0
0
0
0
0
0
0
0
0
0
0
0
0
0
0
0
0
0
0
0
0
0
0
0
0
0
0
0
0
0
0
0
0
0
0
0
0
0
0
0
0
0
0
0
0
0
0
0
0
0
0
0
0
0
0
0
0
0
0
0
0
0
0
0
0
0
0
0
0
0
0
0
0
0
0
0
0
0
0
0
0
0
0
0
0
0
0
0
0
0
0
0
0
0
0
0
0
0
0
0
0
0
0
0
0
0
0
0
0
0
0
0
0
0
0
0
0
0
0
0
0
0
0
0
0
0
0
0
0
0
0
0
0
0
0
0
0
0
0
0
0
0
0
0
0
0
0
0
0
0
0
0
0
0
0
0
0
0
0
0
0
0
0
0
0
0
0
0
0
0
0
0
0
0
0
0
0
0
0
0
0
0
0
0
0
0
0
0
0
0
0
0
0
0
0
0
0
0
0
0
0
0
0
0
0
0
0
0
0
0
0
0
0
0
0
0
0
0
0
0
0
0
0
0
0
0
0
0
0
0
0
0
0
0
0
0
0
0
0
0
0
0
0
0
0
0
0
0
0
0
0
0
0
0
0
0
0
0
0
0
0
0
0
0
0
0
0
0
0
0
0
0
0
0
0
0
0
0
0
0
0
0
0
0
0
0
0
0
0
0
0
0
0
0
0
0
0
0
0
0
0
0
0
0
0
0
0
0
0
0
0
0
0
0
0
0
0
0
0
0
0
0
0
0
0
0
0
0
0
0
0
0
0
0
0
0
0
0
0
0
0
0
0
0
0
0
0
0
0
0
0
0
0
0
0
0
0
0
0
0
0
0
0
0
0
0
0
0
0
0
0
0
0
0
0
0
0
0
0
0
0
0
0
0
0
0
0
0
0
0
0
0
0
0
0
0
0
0
0
0
0
0
0
0
0
0
0
0
0
0
0
0
0
0
0
0
0
0
0
0
0
0
0
0
0
0
0
0
0
0
0
0
0
0
0
0
0
0
0
0
0
0
0
0
0
0
0
0
0
0
0
0
0
0
0
0
0
0
0
0
0
0
0
0
0
0
0
0
0
0
0
0
0
0
0
0
0
0
0
0
0
0
0
0
0
0
0
0
0
0
0
0
0
0
0
0
0
0
0
0
0
0
0
0
0
0
0
0
0
0
0
0
0
0
0
0
0
0
0
0
0
0
0
0
0
0
0
0
0
0
0
0
0
0
0
0
0
0
0
0
0
0
0
0
0
0
0
0
0
0
0
0
0
0
0
0
0
0
0
0
0
0
0
0
0
0
0
0
0
0
0
0
0
0
0
0
0
0
0
0
0
0
0
0
0
0
0
0
0
0
0
0
0
0
0
0
0
0
0
0
0
0
0
0
0
0
0
0
0
0
0
0
0
0
0
0
0
0
0
0
0
0
0
0
0
0
0
0
0
0
0
0
0
0
0
0
0
0
0
0
0
0
0
0
0
0
0
0
0
0
0
0
0
0
0
0
0
0
0
0
0
0
0
0
0
0
0
0
0
0
0
0
0
0
0
0
0
0
0
0
0
0
0
0
0
0
0
0
0
0
0
0
0
0
0
0
0
0
0
0
0
0
0
0
0
0
0
0
0
0
0
0
0
0
0
0
0
0
0
0
0
0
0
0
0
0
0
0
0
0
0
0
0
0
0
0
0
0
0
0
0
0
0
0
0
0
0
0
0
0
0
0
0
0
0
0
0
0
0
0
0
0
0
0
0
0
0
0
0
0
0
0
0
0
0
0
0
0
0
0
0
0
0
0
0
0
0
0
0
0
0
0
0
0
0
0
0
0
0
0
0
0
0
0
0
0
0
0
0
0
0
0
0
0
0
0
0
0
0
0
0
0
0
0
0
0
0
0
0
0
0
0
0
0
0
0
0
0
0
0
0
0
0
0
0
0
0
0
0
0
0
0
0
0
0
0
0
0
0
0
0
0
0
0
0
0
0
0
0
0
0
0
0
0
0
0
0
0
0
0
0
0
0
0
0
0
0
0
0
0
0
0
0
0
0
0
0
0
0
0
0
0
0
0
0
0
0
0
0
0
0
0
0
0
0
0
0
0
0
0
0
0
0
0
0
0
0
0
0
0
0
0
0
0
0
0
0
0
0
0
0
0
0
0
0
0
0
0
0
0
0
0
0
0
0
0
0
0
0
0
0
0
0
0
0
0
0
0
0
0
0
0
0
0
0
0
0
0
0
0
0
0
0
0
0
0
0
0
0
0
0
0
0
0
0
0
0
0
0
0
0
0
0
0
0
0
0
0
0
0
0
0
0
0
0
0
0
0
0
0
0
0
0
0
0
0
0
0
0
0
0
0
0
0
0
0
0
0
0
0
0
0
0
0
0
0
0
0
0
0
0
0
0
0
0
0
0
0
0
0
0
0
0
0
0
0
0
0
0
0
0
0
0
0
0
0
0
0
0
0
0
0
0
0
0
0
0
0
0
0
0
0
0
0
0
0
0
0
0
0
0
0
0
0
0
0
0
0
0
0
0
0
0
0
0
0
0
0
0
0
0
0
0
0
0
0
0
0
0
0
0
0
0
0
0
0
0
0
0
0
0
0
0
0
0
0
0
0
0
0
0
0
0
0
0
0
0
0
0
0
0
0
0
0
0
0
0
0
0
0
0
0
0
0
0
0
0
0
0
0
0
0
0
0
0
0
0
0
0
0
0
0
0
0
0
0
0
0
0
0
0
0
0
0
0
0
0
0
0
0
0
0
0
0
0
0
0
0
0
0
0
0
0
0
0
0
0
0
0
0
0
0
0
0
0
0
0
0
0
0
0
0
0
0
0
0
0
0
0
0
0
0
0
0
0
0
0
0
0
0
0
0
0
0
0
0
0
0
0
0
0
0
0
0
0
0
0
0
0
0
0
0
0
0
0
0
0
0
0
0
0
0
0
0
0
0
0
0
0
0
0
0
0
0
0
0
0
0
0
0
0
0
0
0
0
0
0
0
0
0
0
0
0
0
0
0
0
0
0
0
0
0
0
0
0
0
0
0
0
0
0
0
0
0
0
0
0
0
0
0
0
0
0
0
0
0
0
0
0
0
0
0
0
0
0
0
0
0
0
0
0
0
0
0
0
0
0
0
0
0
0
0
0
0
0
0
0
0
0
0
0
0
0
0
0
0
0
0
0
0
0
0
0
0
0
0
0
0
0
0
0
0
0
0
0
0
0
0
0
0
0
0
0
0
0
0
0
0
0
0
0
0
0
0
0
0
0
0
0
0
0
0
0
0
0
0
0
0
0
0
0
0
0
0
0
0
0
0
0
0
0
0
0
0
0
0
0
0
0
0
0
0
0
0
0
0
0
0
0
0
0
0
0
0
0
0
0
0
0
0
0
0
0
0
0
0
0
0
0
0
0
0
0
0
0
0
0
0
0
0
0
0
0
0
0
0
0
0
0
0
0
0
0
0
0
0
0
0
0
0
0
0
0
0
0
0
0
0
0
0
0
0
0
0
0
0
0
0
0
0
0
0
0
0
0
0
0
0
0
0
0
0
0
0
0
0
0
0
0
0
0
0
0
0
0
0
0
0
0
0
0
0
0
0
0
0
0
0
0
0
0
0
0
0
0
0
0
0
0
0
0
0
0
0
0
0
0
0
0
0
0
0
0
0
0
0
0
0
0
0
0
0
0
0
0
0
0
0
0
0
0
0
0
0
0
0
0
0
0
0
0
0
0
0
0
0
0
0
0
0
0
0
0
0
0
0
0
0
0
0
0
0
0
0
0
0
0
0
0
0
0
0
0
0
0
0
0
0
0
0
0
0
0
0
0
0
0
0
0
0
0
0
0
0
0
0
0
0
0
0
0
0
0
0
0
0
0
0
0
0
0
0
0
0
0
0
0
0
0
0
0
0
0
0
0
0
0
0
0
0
0
0
0
0
0
0
0
0
0
0
0
0
0
0
0
0
0
0
0
0
0
0
0
0
0
0
0
0
0
0
0
0
0
0
0
0
0
0
0
0
0
0
0
0
0
0
0
0
0
0
0
0
0
0
0
0
0
0
0
0
0
0
0
0
0
0
0
0
0
0
0
0
0
0
0
0
0
0
0
0
0
0
0
0
0
0
0
0
0
0
0
0
0
0
0
0
0
0
0
0
0
0
0
0
0
0
0
0
0
0
0
0
0
0
0
0
0
0
0
0
0
0
0
0
0
0
0
0
0
0
0
0
0
0
0
0
0
0
0
0
0
0
0
0
0
0
0
0
0
0
0
0
0
0
0
0
0
0
0
0
0
0
0
0
0
0
0
0
0
0
0
0
0
0
0
0
0
0
0
0
0
0
0
0
0
0
0
0
0
0
0
0
0
0
0
0
0
0
0
0
0
0
0
0
0
0
0
0
0
0
0
0
0
0
0
0
0
0
0
0
0
0
0
0
0
0
0
0
0
0
0
0
0
0
0
0
0
0
0
0
0
0
0
0
0
0
0
0
0
0
0
0
0
0
0
0
0
0
0
0
0
0
0
0
0
0
0
0
0
0
0
0
0
0
0
0
0
0
0
0
0
0
0
0
0
0
0
0
0
0
0
0
0
0
0
0
0
0
0
0
0
0
0
0
0
0
0
0
0
0
0
0
0
0
0
0
0
0
0
0
0
0
0
0
0
0
0
0
0
0
0
0
0
0
0
0
0
0
0
0
0
0
0
0
0
0
0
0
0
0
0
0
0
0
0
0
0
0
0
0
0
0
0
0
0
0
0
0
0
0
0
0
0
0
0
0
0
0
0
0
0
0
0
0
0
0
0
0
0
0
0
0
0
0
0
0
0
0
0
0
0
0
0
0
0
0
0
0
0
0
0
0
0
0
0
0
0
0
0
0
0
0
0
0
0
0
0
0
0
0
0
0
0
0
0
0
0
0
0
0
0
0
0
0
0
0
0
0
0
0
0
0
0
0
0
0
0
0
0
0
0
0
0
0
0
0
0
0
0
0
0
0
0
0
0
0
0
0
0
0
0
0
0
0
0
0
0
0
0
0
0
0
0
0
0
0
0
0
0
0
0
0
0
0
0
0
0
0
0
0
0
0
0
0
0
0
0
0
0
0
0
0
0
0
0
0
0
0
0
0
0
0
0
0
0
0
0
0
0
0
0
0
0
0
0
0
0
0
0
0
0
0
0
0
0
0
0
0
0
0
0
0
0
0
0
0
0
0
0
0
0
0
0
0
0
0
0
0
0
0
0
0
0
0
0
0
0
0
0
0
0
0
0
0
0
0
0
0
0
0
0
0
0
0
0
0
0
0
0
0
0
0
0
0
0
0
0
0
0
0
0
0
0
0
0
0
0
0
0
0
0
0
0
0
0
0
0
0
0
0
0
0
0
0
0
0
0
0
0
0
0
0
0
0
0
0
0
0
0
0
0
0
0
0
0
0
0
0
0
0
0
0
0
0
0
0
0
0
0
0
0
0
0
0
0
0
0
0
0
0
0
0
0
0
0
0
0
0
0
0
0
0
0
0
0
0
0
0
0
0
0
0
0
0
0
0
0
0
0
0
0
0
0
0
0
0
0
0
0
0
0
0
0
0
0
0
0
0
0
0
0
0
0
0
0
0
0
0
0
0
0
0
0
0
0
0
0
0
0
0
0
0
0
0
0
0
0
0
0
0
0
0
0
0
0
0
0
0
0
0
0
0
0
0
0
0
0
0
0
0
0
0
0
0
0
0
0
0
0
0
0
0
0
0
0
0
0
0
0
0
0
0
0
0
0
0
0
0
0
0
0
0
0
0
0
0
0
0
0
0
0
0
0
0
0
0
0
0
0
0
0
0
0
0
0
0
0
0
0
0
0
0
0
0
0
0
0
0
0
0
0
0
0
0
0
0
0
0
0
0
0
0
0
0
0
0
0
0
0
0
0
0
0
0
0
0
0
0
0
0
0
0
0
0
0
0
0
0
0
0
0
0
0
0
0
0
0
0
0
0
0
0
0
0
0
0
0
0
0
0
0
0
0
0
0
0
0
0
0
0
0
0
0
0
0
0
0
0
0
0
0
0
0
0
0
0
0
0
0
0
0
0
0
0
0
0
0
0
0
0
0
0
0
0
0
0
0
0
0
0
0
0
0
0
0
0
0
0
0
0
0
0
0
0
0
0
0
0
0
0
0
0
0
0
0
0
0
0
0
0
0
0
0
0
0
0
0
0
0
0
0
0
0
0
0
0
0
0
0
0
0
0
0
0
0
0
0
0
0
0
0
0
0
0
0
0
0
0
0
0
0
0
0
0
0
0
0
0
0
0
0
0
0
0
0
0
0
0
0
0
0
0
0
0
0
0
0
0
0
0
0
0
0
0
0
0
0
0
0
0
0
0
0
0
0
0
0
0
0
0
0
0
0
0
0
0
0
0
0
0
0
0
0
0
0
0
0
0
0
0
0
0
0
0
0
0
0
0
0
0
0
0
0
0
0
0
0
0
0
0
0
0
0
0
0
0
0
0
0
0
0
0
0
0
0
0
0
0
0
0
0
0
0
0
0
0
0
0
0
0
0
0
0
0
0
0
0
0
0
0
0
0
0
0
0
0
0
0
0
0
0
0
0
0
0
0
0
0
0
0
0
0
0
0
0
0
0
0
0
0
0
0
0
0
0
0
0
0
0
0
0
0
0
0
0
0
0
0
0
0
0
0
0
0
0
0
0
0
0
0
0
0
0
0
0
0
0
0
0
0
0
0
0
0
0
0
0
0
0
0
0
0
0
0
0
0
0
0
0
0
0
0
0
0
0
0
0
0
0
0
0
0
0
0
0
0
0
0
0
0
0
0
0
0
0
0
0
0
0
0
0
0
0
0
0
0
0
0
0
0
0
0
0
0
0
0
0
0
0
0
0
0
0
0
0
0
0
0
0
0
0
0
0
0
0
0
0
0
0
0
0
0
0
0
0
0
0
0
0
0
0
0
0
0
0
0
0
0
0
0
0
0
0
0
0
0
0
0
0
0
0
0
0
0
0
0
0
0
0
0
0
0
0
0
0
0
0
0
0
0
0
0
0
0
0
0
0
0
0
0
0
0
0
0
0
0
0
0
0
0
0
0
0
0
0
0
0
0
0
0
0
0
0
0
0
0
0
0
0
0
0
0
0
0
0
0
0
0
0
0
0
0
0
0
0
0
0
0
0
0
0
0
0
0
0
0
0
0
0
0
0
0
0
0
0
0
0
0
0
0
0
0
0
0
0
0
0
0
0
0
0
0
0
0
0
0
0
0
0
0
0
0
0
0
0
0
0
0
0
0
0
0
0
0
0
0
0
0
0
0
0
0
0
0
0
0
0
0
0
0
0
0
0
0
0
0
0
0
0
0
0
0
0
0
0
0
0
0
0
0
0
0
0
0
0
0
0
0
0
0
0
0
0
0
0
0
0
0
0
0
0
0
0
0
0
0
0
0
0
0
0
0
0
0
0
0
0
0
0
0
0
0
0
0
0
0
0
0
0
0
0
0
0
0
0
0
0
0
0
0
0
0
0
0
0
0
0
0
0
0
0
0
0
0
0
0
0
0
0
0
0
0
0
0
0
0
0
0
0
0
0
0
0
0
0
0
0
0
0
0
0
0
0
0
0
0
0
0
0
0
0
0
0
0
0
0
0
0
0
0
0
0
0
0
0
0
0
0
0
0
0
0
0
0
0
0
0
0
0
0
0
0
0
0
0
0
0
0
0
0
0
0
0
0
0
0
0
0
0
0
0
0
0
0
0
0
0
0
0
0
0
0
0
0
0
0
0
0
0
0
0
0
0
0
0
0
0
0
0
0
0
0
0
0
0
0
0
0
0
0
0
0
0
0
0
0
0
0
0
0
0
0
0
0
0
0
0
0
0
0
0
0
0
0
0
0
0
0
0
0
0
0
0
0
0
0
0
0
0
0
0
0
0
0
0
0
0
0
0
0
0
0
0
0
0
0
0
0
0
0
0
0
0
0
0
0
0
0
0
0
0
0
0
0
0
0
0
0
0
0
0
0
0
0
0
0
0
0
0
0
0
0
0
0
0
0
0
0
0
0
0
0
0
0
0
0
0
0
0
0
0
0
0
0
0
0
0
0
0
0
0
0
0
0
0
0
0
0
0
0
0
0
0
0
0
0
0
0
0
0
0
0
0
0
0
0
0
0
0
0
0
0
0
0
0
0
0
0
0
0
0
0
0
0
0
0
0
0
0
0
0
0
0
0
0
0
0
0
0
0
0
0
0
0
0
0
0
0
0
0
0
0
0
0
0
0
0
0
0
0
0
0
0
0
0
0
0
0
0
0
0
0
0
0
0
0
0
0
0
0
0
0
0
0
0
0
0
0
0
0
0
0
0
0
0
0
0
0
0
0
0
0
0
0
0
0
0
0
0
0
0
0
0
0
0
0
0
0
0
0
0
0
0
0
0
0
0
0
0
0
0
0
0
0
0
0
0
0
0
0
0
0
0
0
0
0
0
0
0
0
0
0
0
0
0
0
0
0
0
0
0
0
0
0
0
0
0
0
0
0
0
0
0
0
0
0
0
0
0
0
0
0
0
0
0
0
0
0
0
0
0
0
0
0
0
0
0
0
0
0
0
0
0
0
0
0
0
0
0
0
0
0
0
0
0
0
0
0
0
0
0
0
0
0
0
0
0
0
0
0
0
0
0
0
0
0
0
0
0
0
0
0
0
0
0
0
0
0
0
0
0
0
0
0
0
0
0
0
0
0
0
0
0
0
0
0
0
0
0
0
0
0
0
0
0
0
0
0
0
0
0
0
0
0
0
0
0
0
0
0
0
0
0
0
0
0
0
0
0
0
0
0
0
0
0
0
0
0
0
0
0
0
0
0
0
0
0
0
0
0
0
0
0
0
0
0
0
0
0
0
0
0
0
0
0
0
0
0
0
0
0
0
0
0
0
0
0
0
0
0
0
0
0
0
0
0
0
0
0
0
0
0
0
0
0
0
0
0
0
0
0
0
0
0
0
0
0
0
0
0
0
0
0
0
0
0
0
0
0
0
0
0
0
0
0
0
0
0
0
0
0
0
0
0
0
0
0
0
0
0
0
0
0
0
0
0
0
0
0
0
0
0
0
0
0
0
0
0
0
0
0
0
0
0
0
0
0
0
0
0
0
0
0
0
0
0
0
0
0
0
0
0
0
0
0
0
0
0
0
0
0
0
0
0
0
0
0
0
0
0
0
0
0
0
0
0
0
0
0
0
0
0
0
0
0
0
0
0
0
0
0
0
0
0
0
0
0
0
0
0
0
0
0
0
0
0
0
0
0
0
0
0
0
0
0
0
0
0
0
0
0
0
0
0
0
0
0
0
0
0
0
0
0
0
0
0
0
0
0
0
0
0
0
0
0
0
0
0
0
0
0
0
0
0
0
0
0
0
0
0
0
0
0
0
0
0
0
0
0
0
0
0
0
0
0
0
0
0
0
0
0
0
0
0
0
0
0
0
0
0
0
0
0
0
0
0
0
0
0
0
0
0
0
0
0
0
0
0
0
0
0
0
0
0
0
0
0
0
0
0
0
0
0
0
0
0
0
0
0
0
0
0
0
0
0
0
0
0
0
0
0
0
0
0
0
0
0
0
0
0
0
0
0
0
0
0
0
0
0
0
0
0
0
0
0
0
0
0
0
0
0
0
0
0
0
0
0
0
0
0
0
0
0
0
0
0
0
0
0
0
0
0
0
0
0
0
0
0
0
0
0
0
0
0
0
0
0
0
0
0
0
0
0
0
0
0
0
0
0
0
0
0
0
0
0
0
0
0
0
0
0
0
0
0
0
0
0
0
0
0
0
0
0
0
0
0
0
0
0
0
0
0
0
0
0
0
0
0
0
0
0
0
0
0
0
0
0
0
0
0
0
0
0
0
0
0
0
0
0
0
0
0
0
0
0
0
0
0
0
0
0
0
0
0
0
0
0
0
0
0
0
0
0
0
0
0
0
0
0
0
0
0
0
0
0
0
0
0
0
0
0
0
0
0
0
0
0
0
0
0
0
0
0
0
0
0
0
0
0
0
0
0
0
0
0
0
0
0
0
0
0
0
0
0
0
0
0
0
0
0
0
0
0
0
0
0
0
0
0
0
0
0
0
0
0
0
0
0
0
0
0
0
0
0
0
0
0
0
0
0
0
0
0
0
0
0
0
0
0
0
0
0
0
0
0
0
0
0
0
0
0
0
0
0
0
0
0
0
0
0
0
0
0
0
0
0
0
0
0
0
0
0
0
0
0
0
0
0
0
0
0
0
0
0
0
0
0
0
0
0
0
0
0
0
0
0
0
0
0
0
0
0
0
0
0
0
0
0
0
0
0
0
0
0
0
0
0
0
0
0
0
0
0
0
0
0
0
0
0
0
0
0
0
0
0
0
0
0
0
0
0
0
0
0
0
0
0
0
0
0
0
0
0
0
0
0
0
0
0
0
0
0
0
0
0
0
0
0
0
0
0
0
0
0
0
0
0
0
0
0
0
0
0
0
0
0
0
0
0
0
0
0
0
0
0
0
0
0
0
0
0
0
0
0
0
0
0
0
0
0
0
0
0
0
0
0
0
0
0
0
0
0
0
0
0
0
0
0
0
0
0
0
0
0
0
0
0
0
0
0
0
0
0
0
0
0
0
0
0
0
0
0
0
0
0
0
0
0
0
0
0
0
0
0
0
0
0
0
0
0
0
0
0
0
0
0
0
0
0
0
0
0
0
0
0
0
0
0
0
0
0
0
0
0
0
0
0
0
0
0
0
0
0
0
0
0
0
0
0
0
0
0
0
0
0
0
0
0
0
0
0
0
0
0
0
0
0
0
0
0
0
0
0
0
0
0
0
0
0
0
0
0
0
0
0
0
0
0
0
0
0
0
0
0
0
0
0
0
0
0
0
0
0
0
0
0
0
0
0
0
0
0
0
0
0
0
0
0
0
0
0
0
0
0
0
0
0
0
0
0
0
0
0
0
0
0
0
0
0
0
0
0
0
0
0
0
0
0
0
0
0
0
0
0
0
0
0
0
0
0
0
0
0
0
0
0
0
0
0
0
0
0
0
0
0
0
0
0
0
0
0
0
0
0
0
0
0
0
0
0
0
0
0
0
0
0
0
0
0
0
0
0
0
0
0
0
0
0
0
0
0
0
0
0
0
0
0
0
0
0
0
0
0
0
0
0
0
0
0
0
0
0
0
0
0
0
0
0
0
0
0
0
0
0
0
0
0
0
0
0
0
0
0
0
0
0
0
0
0
0
0
0
0
0
0
0
0
0
0
0
0
0
0
0
0
0
0
0
0
0
0
0
0
0
0
0
0
0
0
0
0
0
0
0
0
0
0
0
0
0
0
0
0
0
0
0
0
0
0
0
0
0
0
0
0
0
0
0
0
0
0
0
0
0
0
0
0
0
0
0
0
0
0
0
0
0
0
0
0
0
0
0
0
0
0
0
0
0
0
0
0
0
0
0
0
0
0
0
0
0
0
0
0
0
0
0
0
0
0
0
0
0
0
0
0
0
0
0
0
0
0
0
0
0
0
0
0
0
0
0
0
0
0
0
0
0
0
0
0
0
0
0
0
0
0
0
0
0
0
0
0
0
0
0
0
0
0
0
0
0
0
0
0
0
0
0
0
0
0
0
0
0
0
0
0
0
0
0
0
0
0
0
0
0
0
0
0
0
0
0
0
0
0
0
0
0
0
0
0
0
0
0
0
0
0
0
0
0
0
0
0
0
0
0
0
0
0
0
0
0
0
0
0
0
0
0
0
0
0
0
0
0
0
0
0
0
0
0
0
0
0
0
0
0
0
0
0
0
0
0
0
0
0
0
0
0
0
0
0
0
0
0
0
0
0
0
0
0
0
0
0
0
0
0
0
0
0
0
0
0
0
0
0
0
0
0
0
0
0
0
0
0
0
0
0
0
0
0
0
0
0
0
0
0
0
0
0
0
0
0
0
0
0
0
0
0
0
0
0
0
0
0
0
0
0
0
0
0
0
0
0
0
0
0
0
0
0
0
0
0
0
0
0
0
0
0
0
0
0
0
0
0
0
0
0
0
0
0
0
0
0
0
0
0
0
0
0
0
0
0
0
0
0
0
0
0
0
0
0
0
0
0
0
0
0
0
0
0
0
0
0
0
0
0
0
0
0
0
0
0
0
0
0
0
0
0
0
0
0
0
0
0
0
0
0
0
0
0
0
0
0
0
0
0
0
0
0
0
0
0
0
0
0
0
0
0
0
0
0
0
0
0
0
0
0
0
0
0
0
0
0
0
0
0
0
0
0
0
0
0
0
0
0
0
0
0
0
0
0
0
0
0
0
0
0
0
0
0
0
0
0
0
0
0
0
0
0
0
0
0
0
0
0
0
0
0
0
0
0
0
0
0
0
0
0
0
0
0
0
0
0
0
0
0
0
0
0
0
0
0
0
0
0
0
0
0
0
0
0
0
0
0
0
0
0
0
0
0
0
0
0
0
0
0
0
0
0
0
0
0
0
0
0
0
0
0
0
0
0
0
0
0
0
0
0
0
0
0
0
0
0
0
0
0
0
0
0
0
0
0
0
0
0
0
0
0
0
0
0
0
0
0
0
0
0
0
0
0
0
0
0
0
0
0
0
0
0
0
0
0
0
0
0
0
0
0
0
0
0
0
0
0
0
0
0
0
0
0
0
0
0
0
0
0
0
0
0
0
0
0
0
0
0
0
0
0
0
0
0
0
0
0
0
0
0
0
0
0
0
0
0
0
0
0
0
0
0
0
0
0
0
0
0
0
0
0
0
0
0
0
0
0
0
0
0
0
0
0
0
0
0
0
0
0
0
0
0
0
0
0
0
0
0
0
0
0
0
0
0
0
0
0
0
0
0
0
0
0
0
0
0
0
0
0
0
0
0
0
0
0
0
0
0
0
0
0
0
0
0
0
0
0
0
0
0
0
0
0
0
0
0
0
0
0
0
0
0
0
0
0
0
0
0
0
0
0
0
0
0
0
0
0
0
0
0
0
0
0
0
0
0
0
0
0
0
0
0
0
0
0
0
0
0
0
0
0
0
0
0
0
0
0
0
0
0
0
0
0
0
0
0
0
0
0
0
0
0
0
0
0
0
0
0
0
0
0
0
0
0
0
0
0
0
0
0
0
0
0
0
0
0
0
0
0
0
0
0
0
0
0
0
0
0
0
0
0
0
0
0
0
0
0
0
0
0
0
0
0
0
0
0
0
0
0
0
0
0
0
0
0
0
0
0
0
0
0
0
0
0
0
0
0
0
0
0
0
0
0
0
0
0
0
0
0
0
0
0
0
0
0
0
0
0
0
0
0
0
0
0
0
0
0
0
1.60560033396487e-05
1.60557455485445e-05
1.60554877657183e-05
1.60552299911696e-05
1.60549722248981e-05
1.60547144669032e-05
1.60544567171847e-05
1.60541989757421e-05
1.60539412425751e-05
1.60536835176831e-05
1.60534258010659e-05
3.21063361854462e-05
3.21058207853084e-05
3.21053054017176e-05
3.21047900346732e-05
3.21042746841742e-05
3.21037593502199e-05
3.21032440328095e-05
3.21027287319422e-05
3.21022134476172e-05
3.21016981798337e-05
3.21011829285909e-05
3.2100667693888e-05
3.21001524757243e-05
3.20996372740988e-05
3.20991220890109e-05
3.20986069204597e-05
3.20980917684444e-05
3.20975766329642e-05
3.20970615140184e-05
3.20965464116061e-05
3.20960313257266e-05
3.2095516256379e-05
3.20950012035625e-05
3.20944861672765e-05
3.20939711475199e-05
3.20934561442922e-05
3.20929411575924e-05
3.20924261874198e-05
3.20919112337735e-05
3.20913962966529e-05
3.2090881376057e-05
3.20903664719851e-05
3.20898515844364e-05
3.20893367134101e-05
3.20888218589054e-05
3.20883070209216e-05
3.20877921994577e-05
3.20872773945131e-05
3.20867626060869e-05
3.20862478341783e-05
3.20857330787865e-05
3.20852183399108e-05
3.20847036175503e-05
3.20841889117043e-05
3.20836742223719e-05
3.20831595495524e-05
3.2082644893245e-05
3.20821302534488e-05
3.20816156301631e-05
3.20811010233871e-05
3.208058643312e-05
3.2080071859361e-05
3.20795573021092e-05
3.2079042761364e-05
3.20785282371245e-05
3.20780137293899e-05
3.20774992381594e-05
3.20769847634322e-05
3.20764703052076e-05
3.20759558634847e-05
3.20754414382628e-05
3.2074927029541e-05
3.20744126373186e-05
3.20738982615947e-05
3.20733839023686e-05
3.20728695596395e-05
3.20723552334066e-05
3.2071840923669e-05
3.20713266304261e-05
3.20708123536769e-05
3.20702980934208e-05
3.20697838496569e-05
3.20692696223843e-05
3.20687554116025e-05
3.20682412173104e-05
3.20677270395074e-05
3.20672128781927e-05
3.20666987333654e-05
3.20661846050248e-05
3.206567049317e-05
3.20651563978003e-05
3.20646423189149e-05
3.2064128256513e-05
3.20636142105938e-05
3.20631001811565e-05
3.20625861682003e-05
3.20620721717245e-05
3.20615581917281e-05
3.20610442282105e-05
3.20605302811708e-05
3.20600163506083e-05
3.20595024365222e-05
3.20589885389116e-05
3.20584746577758e-05
3.20579607931139e-05
3.20574469449253e-05
3.20569331132091e-05
3.20564192979644e-05
3.20559054991906e-05
3.20553917168868e-05
3.20548779510522e-05
3.20543642016861e-05
3.20538504687876e-05
3.20533367523559e-05
3.20528230523903e-05
3.205230936889e-05
3.20517957018542e-05
3.20512820512821e-05
3.20507684171728e-05
3.20502547995257e-05
3.20497411983398e-05
3.20492276136145e-05
3.20487140453489e-05
3.20482004935423e-05
3.20476869581938e-05
3.20471734393027e-05
3.20466599368681e-05
3.20461464508893e-05
3.20456329813655e-05
3.20451195282958e-05
3.20446060916796e-05
3.2044092671516e-05
3.20435792678042e-05
3.20430658805435e-05
3.20425525097329e-05
3.20420391553718e-05
3.20415258174594e-05
3.20410124959949e-05
3.20404991909774e-05
3.20399859024062e-05
3.20394726302805e-05
3.20389593745995e-05
3.20384461353624e-05
3.20379329125685e-05
3.20374197062169e-05
3.20369065163068e-05
3.20363933428375e-05
3.20358801858081e-05
3.20353670452179e-05
3.20348539210661e-05
3.20343408133519e-05
3.20338277220745e-05
3.20333146472331e-05
3.2032801588827e-05
3.20322885468552e-05
3.20317755213171e-05
3.20312625122119e-05
3.20307495195388e-05
3.20302365432969e-05
3.20297235834855e-05
3.20292106401038e-05
3.2028697713151e-05
3.20281848026263e-05
3.2027671908529e-05
3.20271590308582e-05
3.20266461696131e-05
3.2026133324793e-05
3.20256204963971e-05
3.20251076844246e-05
3.20245948888747e-05
3.20240821097465e-05
3.20235693470394e-05
3.20230566007525e-05
3.20225438708851e-05
3.20220311574363e-05
3.20215184604054e-05
3.20210057797915e-05
3.2020493115594e-05
3.20199804678119e-05
3.20194678364446e-05
3.20189552214911e-05
3.20184426229508e-05
3.20179300408229e-05
3.20174174751065e-05
3.20169049258008e-05
3.20163923929052e-05
3.20158798764187e-05
3.20153673763406e-05
3.20148548926702e-05
3.20143424254066e-05
3.2013829974549e-05
3.20133175400967e-05
3.20128051220488e-05
3.20122927204046e-05
3.20117803351633e-05
3.20112679663241e-05
3.20107556138863e-05
3.20102432778489e-05
3.20097309582113e-05
3.20092186549726e-05
3.20087063681321e-05
3.2008194097689e-05
3.20076818436425e-05
3.20071696059917e-05
3.2006657384736e-05
3.20061451798745e-05
3.20056329914065e-05
3.20051208193311e-05
3.20046086636476e-05
3.20040965243551e-05
3.2003584401453e-05
3.20030722949403e-05
3.20025602048164e-05
3.20020481310804e-05
3.20015360737315e-05
3.2001024032769e-05
3.20005120081921e-05
3.2e-05
3.19994880081919e-05
3.1998976032767e-05
3.19984640737245e-05
3.19979521310636e-05
3.19974402047836e-05
3.19969282948837e-05
3.1996416401363e-05
3.19959045242209e-05
3.19953926634565e-05
3.19948808190689e-05
3.19943689910576e-05
3.19938571794215e-05
3.19933453841601e-05
3.19928336052724e-05
3.19923218427577e-05
3.19918100966153e-05
3.19912983668442e-05
3.19907866534438e-05
3.19902749564133e-05
3.19897632757518e-05
3.19892516114586e-05
3.19887399635328e-05
3.19882283319738e-05
3.19877167167808e-05
3.19872051179528e-05
3.19866935354892e-05
3.19861819693892e-05
3.1985670419652e-05
3.19851588862768e-05
3.19846473692628e-05
3.19841358686092e-05
3.19836243843152e-05
3.19831129163802e-05
3.19826014648031e-05
3.19820900295834e-05
3.19815786107202e-05
3.19810672082127e-05
3.19805558220602e-05
3.19800444522618e-05
3.19795330988168e-05
3.19790217617243e-05
3.19785104409837e-05
3.1977999136594e-05
3.19774878485546e-05
3.19769765768647e-05
3.19764653215234e-05
3.19759540825299e-05
3.19754428598836e-05
3.19749316535836e-05
3.19744204636291e-05
3.19739092900193e-05
3.19733981327536e-05
3.19728869918309e-05
3.19723758672507e-05
3.19718647590121e-05
3.19713536671143e-05
3.19708425915565e-05
3.1970331532338e-05
3.19698204894579e-05
3.19693094629156e-05
3.19687984527102e-05
3.19682874588408e-05
3.19677764813068e-05
3.19672655201074e-05
3.19667545752417e-05
3.19662436467091e-05
3.19657327345086e-05
3.19652218386396e-05
3.19647109591012e-05
3.19642000958926e-05
3.19636892490131e-05
3.19631784184619e-05
3.19626676042383e-05
3.19621568063413e-05
3.19616460247703e-05
3.19611352595244e-05
3.19606245106029e-05
3.1960113778005e-05
3.195960306173e-05
3.19590923617769e-05
3.19585816781451e-05
3.19580710108338e-05
3.19575603598421e-05
3.19570497251694e-05
3.19565391068147e-05
3.19560285047774e-05
3.19555179190567e-05
3.19550073496517e-05
3.19544967965617e-05
3.19539862597859e-05
3.19534757393235e-05
3.19529652351738e-05
3.1952454747336e-05
3.19519442758092e-05
3.19514338205927e-05
3.19509233816857e-05
3.19504129590875e-05
3.19499025527972e-05
3.19493921628141e-05
3.19488817891374e-05
3.19483714317663e-05
3.19478610907e-05
3.19473507659377e-05
3.19468404574788e-05
3.19463301653223e-05
3.19458198894675e-05
3.19453096299136e-05
3.19447993866599e-05
3.19442891597055e-05
3.19437789490497e-05
3.19432687546917e-05
3.19427585766307e-05
3.19422484148659e-05
3.19417382693966e-05
3.1941228140222e-05
3.19407180273413e-05
3.19402079307536e-05
3.19396978504583e-05
3.19391877864546e-05
3.19386777387416e-05
3.19381677073186e-05
3.19376576921849e-05
3.19371476933395e-05
3.19366377107818e-05
3.1936127744511e-05
3.19356177945262e-05
3.19351078608268e-05
3.19345979434119e-05
3.19340880422807e-05
3.19335781574325e-05
3.19330682888665e-05
3.19325584365819e-05
3.1932048600578e-05
3.19315387808539e-05
3.19310289774088e-05
3.1930519190242e-05
3.19300094193528e-05
3.19294996647403e-05
3.19289899264037e-05
3.19284802043423e-05
3.19279704985553e-05
3.19274608090419e-05
3.19269511358013e-05
3.19264414788328e-05
3.19259318381355e-05
3.19254222137088e-05
3.19249126055517e-05
3.19244030136636e-05
3.19238934380437e-05
3.19233838786911e-05
3.19228743356052e-05
3.1922364808785e-05
3.19218552982299e-05
3.19213458039391e-05
3.19208363259117e-05
3.19203268641471e-05
3.19198174186444e-05
3.19193079894028e-05
3.19187985764216e-05
3.19182891797e-05
3.19177797992372e-05
3.19172704350324e-05
3.19167610870849e-05
3.19162517553938e-05
3.19157424399585e-05
3.19152331407781e-05
3.19147238578518e-05
3.19142145911789e-05
3.19137053407586e-05
3.19131961065901e-05
3.19126868886726e-05
3.19121776870054e-05
3.19116685015876e-05
3.19111593324185e-05
3.19106501794974e-05
3.19101410428234e-05
3.19096319223958e-05
3.19091228182137e-05
3.19086137302765e-05
3.19081046585833e-05
3.19075956031333e-05
3.19070865639258e-05
3.19065775409601e-05
3.19060685342352e-05
3.19055595437505e-05
3.19050505695052e-05
3.19045416114984e-05
3.19040326697295e-05
3.19035237441975e-05
3.19030148349019e-05
3.19025059418417e-05
3.19019970650163e-05
3.19014882044247e-05
3.19009793600664e-05
3.19004705319403e-05
3.18999617200459e-05
3.18994529243823e-05
3.18989441449488e-05
3.18984353817445e-05
3.18979266347687e-05
3.18974179040207e-05
3.18969091894995e-05
3.18964004912046e-05
3.1895891809135e-05
3.189538314329e-05
3.18948744936689e-05
3.18943658602708e-05
3.1893857243095e-05
3.18933486421407e-05
3.18928400574071e-05
3.18923314888935e-05
3.18918229365991e-05
3.1891314400523e-05
3.18908058806646e-05
3.1890297377023e-05
3.18897888895976e-05
3.18892804183874e-05
3.18887719633917e-05
3.18882635246098e-05
3.18877551020408e-05
3.18872466956841e-05
3.18867383055387e-05
3.1886229931604e-05
3.18857215738792e-05
3.18852132323635e-05
3.18847049070561e-05
3.18841965979562e-05
3.18836883050631e-05
3.1883180028376e-05
3.18826717678942e-05
3.18821635236167e-05
3.18816552955429e-05
3.18811470836721e-05
3.18806388880033e-05
3.18801307085359e-05
3.18796225452691e-05
3.1879114398202e-05
3.1878606267334e-05
3.18780981526642e-05
3.18775900541919e-05
3.18770819719163e-05
3.18765739058366e-05
3.18760658559521e-05
3.18755578222619e-05
3.18750498047653e-05
3.18745418034616e-05
3.18740338183499e-05
3.18735258494295e-05
3.18730178966995e-05
3.18725099601594e-05
3.18720020398081e-05
3.18714941356451e-05
3.18709862476694e-05
3.18704783758804e-05
3.18699705202773e-05
3.18694626808592e-05
3.18689548576254e-05
3.18684470505752e-05
3.18679392597078e-05
3.18674314850223e-05
3.18669237265181e-05
3.18664159841943e-05
3.18659082580501e-05
3.18654005480849e-05
3.18648928542978e-05
3.1864385176688e-05
3.18638775152548e-05
3.18633698699975e-05
3.18628622409151e-05
3.1862354628007e-05
3.18618470312724e-05
3.18613394507105e-05
3.18608318863206e-05
3.18603243381018e-05
3.18598168060534e-05
3.18593092901746e-05
3.18588017904647e-05
3.18582943069228e-05
3.18577868395483e-05
3.18572793883402e-05
3.1856771953298e-05
3.18562645344207e-05
3.18557571317076e-05
3.1855249745158e-05
3.1854742374771e-05
3.1854235020546e-05
3.1853727682482e-05
3.18532203605785e-05
3.18527130548344e-05
3.18522057652492e-05
3.18516984918221e-05
3.18511912345522e-05
3.18506839934388e-05
3.18501767684811e-05
3.18496695596783e-05
3.18491623670297e-05
3.18486551905346e-05
3.1848148030192e-05
3.18476408860014e-05
3.18471337579618e-05
3.18466266460725e-05
3.18461195503328e-05
3.18456124707418e-05
3.18451054072989e-05
3.18445983600032e-05
3.18440913288539e-05
3.18435843138504e-05
3.18430773149917e-05
3.18425703322772e-05
3.18420633657061e-05
3.18415564152776e-05
3.18410494809909e-05
3.18405425628453e-05
3.18400356608399e-05
3.18395287749741e-05
3.18390219052471e-05
3.1838515051658e-05
3.18380082142061e-05
3.18375013928907e-05
3.18369945877109e-05
3.1836487798666e-05
3.18359810257553e-05
3.18354742689779e-05
3.18349675283331e-05
3.18344608038201e-05
3.18339540954382e-05
3.18334474031865e-05
3.18329407270644e-05
3.18324340670709e-05
3.18319274232055e-05
3.18314207954672e-05
3.18309141838554e-05
3.18304075883692e-05
3.18299010090079e-05
3.18293944457707e-05
3.18288878986568e-05
3.18283813676656e-05
3.18278748527961e-05
3.18273683540476e-05
3.18268618714195e-05
3.18263554049108e-05
3.18258489545209e-05
3.18253425202489e-05
3.18248361020941e-05
3.18243297000557e-05
3.1823823314133e-05
3.18233169443251e-05
3.18228105906314e-05
3.1822304253051e-05
3.18217979315831e-05
3.18212916262271e-05
3.18207853369821e-05
3.18202790638474e-05
3.18197728068222e-05
3.18192665659057e-05
3.18187603410971e-05
3.18182541323958e-05
3.18177479398008e-05
3.18172417633115e-05
3.18167356029271e-05
3.18162294586469e-05
3.18157233304699e-05
3.18152172183956e-05
3.1814711122423e-05
3.18142050425515e-05
3.18136989787803e-05
3.18131929311085e-05
3.18126868995355e-05
3.18121808840605e-05
3.18116748846827e-05
3.18111689014013e-05
3.18106629342155e-05
3.18101569831247e-05
3.1809651048128e-05
3.18091451292247e-05
3.18086392264139e-05
3.1808133339695e-05
3.18076274690671e-05
3.18071216145295e-05
3.18066157760814e-05
3.18061099537221e-05
3.18056041474508e-05
3.18050983572667e-05
3.1804592583169e-05
3.1804086825157e-05
3.180358108323e-05
3.18030753573871e-05
3.18025696476275e-05
3.18020639539506e-05
3.18015582763555e-05
3.18010526148415e-05
3.18005469694079e-05
3.18000413400537e-05
3.17995357267784e-05
3.1799030129581e-05
3.1798524548461e-05
3.17980189834173e-05
3.17975134344494e-05
3.17970079015565e-05
3.17965023847377e-05
3.17959968839923e-05
3.17954913993196e-05
3.17949859307187e-05
3.1794480478189e-05
3.17939750417296e-05
3.17934696213398e-05
3.17929642170188e-05
3.17924588287658e-05
3.17919534565801e-05
3.1791448100461e-05
3.17909427604076e-05
3.17904374364191e-05
3.17899321284949e-05
3.17894268366341e-05
3.1788921560836e-05
3.17884163010999e-05
3.17879110574249e-05
3.17874058298102e-05
3.17869006182552e-05
3.17863954227591e-05
3.1785890243321e-05
3.17853850799402e-05
3.17848799326161e-05
3.17843748013477e-05
3.17838696861343e-05
3.17833645869752e-05
3.17828595038696e-05
3.17823544368167e-05
3.17818493858158e-05
3.1781344350866e-05
3.17808393319668e-05
3.17803343291171e-05
3.17798293423164e-05
3.17793243715639e-05
3.17788194168587e-05
3.17783144782001e-05
3.17778095555873e-05
3.17773046490197e-05
3.17767997584963e-05
3.17762948840165e-05
3.17757900255795e-05
3.17752851831845e-05
3.17747803568308e-05
3.17742755465175e-05
3.1773770752244e-05
3.17732659740095e-05
3.17727612118131e-05
3.17722564656542e-05
3.17717517355319e-05
3.17712470214456e-05
3.17707423233944e-05
3.17702376413776e-05
3.17697329753943e-05
3.1769228325444e-05
3.17687236915257e-05
3.17682190736387e-05
3.17677144717823e-05
3.17672098859557e-05
3.17667053161581e-05
3.17662007623888e-05
3.1765696224647e-05
3.17651917029319e-05
3.17646871972428e-05
3.17641827075789e-05
3.17636782339395e-05
3.17631737763237e-05
3.17626693347309e-05
3.17621649091602e-05
3.17616604996109e-05
3.17611561060823e-05
3.17606517285735e-05
3.17601473670838e-05
3.17596430216124e-05
3.17591386921587e-05
3.17586343787217e-05
3.17581300813008e-05
3.17576257998952e-05
3.17571215345041e-05
3.17566172851268e-05
3.17561130517625e-05
3.17556088344104e-05
3.17551046330698e-05
3.17546004477399e-05
3.17540962784199e-05
3.17535921251092e-05
3.17530879878068e-05
3.17525838665121e-05
3.17520797612244e-05
3.17515756719427e-05
3.17510715986665e-05
3.17505675413948e-05
3.1750063500127e-05
3.17495594748623e-05
3.17490554655999e-05
3.17485514723391e-05
3.17480474950791e-05
3.17475435338191e-05
3.17470395885584e-05
3.17465356592962e-05
3.17460317460317e-05
3.17455278487643e-05
3.17450239674931e-05
3.17445201022174e-05
3.17440162529363e-05
3.17435124196492e-05
3.17430086023553e-05
3.17425048010539e-05
3.1742001015744e-05
3.17414972464251e-05
3.17409934930963e-05
3.17404897557569e-05
3.17399860344061e-05
3.17394823290432e-05
3.17389786396674e-05
3.17384749662779e-05
3.17379713088739e-05
3.17374676674548e-05
3.17369640420197e-05
3.1736460432568e-05
3.17359568390987e-05
3.17354532616112e-05
3.17349497001047e-05
3.17344461545785e-05
3.17339426250317e-05
3.17334391114637e-05
3.17329356138736e-05
3.17324321322608e-05
3.17319286666244e-05
3.17314252169636e-05
3.17309217832778e-05
3.17304183655662e-05
3.17299149638279e-05
3.17294115780623e-05
3.17289082082686e-05
3.17284048544459e-05
3.17279015165937e-05
3.1727398194711e-05
3.17268948887972e-05
3.17263915988515e-05
3.17258883248731e-05
3.17253850668612e-05
3.17248818248152e-05
3.17243785987342e-05
3.17238753886175e-05
3.17233721944643e-05
3.17228690162738e-05
3.17223658540454e-05
3.17218627077782e-05
3.17213595774715e-05
3.17208564631245e-05
3.17203533647365e-05
3.17198502823067e-05
3.17193472158343e-05
3.17188441653186e-05
3.17183411307589e-05
3.17178381121543e-05
3.17173351095041e-05
3.17168321228076e-05
3.17163291520639e-05
3.17158261972724e-05
3.17153232584323e-05
3.17148203355428e-05
3.17143174286031e-05
3.17138145376126e-05
3.17133116625704e-05
3.17128088034757e-05
3.17123059603279e-05
3.17118031331261e-05
3.17113003218697e-05
3.17107975265578e-05
3.17102947471897e-05
3.17097919837646e-05
3.17092892362818e-05
3.17087865047405e-05
3.17082837891399e-05
3.17077810894794e-05
3.1707278405758e-05
3.17067757379752e-05
3.17062730861301e-05
3.17057704502219e-05
3.170526783025e-05
3.17047652262135e-05
3.17042626381117e-05
3.17037600659438e-05
3.17032575097091e-05
3.17027549694068e-05
3.17022524450362e-05
3.17017499365965e-05
3.17012474440869e-05
3.17007449675067e-05
3.17002425068552e-05
3.16997400621315e-05
3.16992376333349e-05
3.16987352204647e-05
3.16982328235201e-05
3.16977304425003e-05
3.16972280774046e-05
3.16967257282323e-05
3.16962233949825e-05
3.16957210776545e-05
3.16952187762476e-05
3.1694716490761e-05
3.16942142211939e-05
3.16937119675456e-05
3.16932097298154e-05
3.16927075080024e-05
3.16922053021059e-05
3.16917031121252e-05
3.16912009380595e-05
3.16906987799081e-05
3.16901966376701e-05
3.16896945113449e-05
3.16891924009317e-05
3.16886903064296e-05
3.16881882278381e-05
3.16876861651562e-05
3.16871841183833e-05
3.16866820875186e-05
3.16861800725614e-05
3.16856780735108e-05
3.16851760903661e-05
3.16846741231266e-05
3.16841721717916e-05
3.16836702363602e-05
3.16831683168317e-05
3.16826664132053e-05
3.16821645254804e-05
3.16816626536561e-05
3.16811607977316e-05
3.16806589577063e-05
3.16801571335794e-05
3.16796553253501e-05
3.16791535330176e-05
3.16786517565812e-05
3.16781499960402e-05
3.16776482513938e-05
3.16771465226412e-05
3.16766448097817e-05
3.16761431128146e-05
3.1675641431739e-05
3.16751397665542e-05
3.16746381172595e-05
3.16741364838541e-05
3.16736348663373e-05
3.16731332647082e-05
3.16726316789662e-05
3.16721301091105e-05
3.16716285551403e-05
3.16711270170549e-05
3.16706254948535e-05
3.16701239885354e-05
3.16696224980998e-05
3.1669121023546e-05
3.16686195648732e-05
3.16681181220806e-05
3.16676166951675e-05
3.16671152841332e-05
3.16666138889769e-05
3.16661125096977e-05
3.16656111462951e-05
3.16651097987682e-05
3.16646084671163e-05
3.16641071513386e-05
3.16636058514344e-05
3.16631045674028e-05
3.16626032992433e-05
3.16621020469549e-05
3.1661600810537e-05
3.16610995899888e-05
3.16605983853095e-05
3.16600971964984e-05
3.16595960235547e-05
3.16590948664778e-05
3.16585937252667e-05
3.16580925999209e-05
3.16575914904394e-05
3.16570903968216e-05
3.16565893190668e-05
3.16560882571741e-05
3.16555872111428e-05
3.16550861809721e-05
3.16545851666614e-05
3.16540841682098e-05
3.16535831856166e-05
3.16530822188811e-05
3.16525812680024e-05
3.16520803329799e-05
3.16515794138128e-05
3.16510785105002e-05
3.16505776230416e-05
3.16500767514361e-05
3.1649575895683e-05
3.16490750557815e-05
3.16485742317309e-05
3.16480734235303e-05
3.16475726311792e-05
3.16470718546766e-05
3.1646571094022e-05
3.16460703492144e-05
3.16455696202532e-05
3.16450689071375e-05
3.16445682098668e-05
3.16440675284401e-05
3.16435668628568e-05
3.16430662131161e-05
3.16425655792172e-05
3.16420649611594e-05
3.16415643589419e-05
3.1641063772564e-05
3.1640563202025e-05
3.1640062647324e-05
3.16395621084604e-05
3.16390615854334e-05
3.16385610782422e-05
3.1638060586886e-05
3.16375601113642e-05
3.1637059651676e-05
3.16365592078206e-05
3.16360587797972e-05
3.16355583676052e-05
3.16350579712437e-05
3.16345575907121e-05
3.16340572260095e-05
3.16335568771353e-05
3.16330565440886e-05
3.16325562268687e-05
3.16320559254749e-05
3.16315556399064e-05
3.16310553701624e-05
3.16305551162423e-05
3.16300548781452e-05
3.16295546558704e-05
3.16290544494172e-05
3.16285542587848e-05
3.16280540839725e-05
3.16275539249794e-05
3.1627053781805e-05
3.16265536544483e-05
3.16260535429087e-05
3.16255534471853e-05
3.16250533672776e-05
3.16245533031846e-05
3.16240532549057e-05
3.16235532224401e-05
3.1623053205787e-05
3.16225532049458e-05
3.16220532199156e-05
3.16215532506957e-05
3.16210532972853e-05
3.16205533596838e-05
3.16200534378903e-05
3.16195535319041e-05
3.16190536417245e-05
3.16185537673507e-05
3.16180539087819e-05
3.16175540660175e-05
3.16170542390566e-05
3.16165544278984e-05
3.16160546325424e-05
3.16155548529877e-05
3.16150550892335e-05
3.16145553412791e-05
3.16140556091238e-05
3.16135558927668e-05
3.16130561922074e-05
3.16125565074448e-05
3.16120568384782e-05
3.16115571853069e-05
3.16110575479303e-05
3.16105579263474e-05
3.16100583205576e-05
3.16095587305601e-05
3.16090591563542e-05
3.16085595979391e-05
3.16080600553141e-05
3.16075605284784e-05
3.16070610174313e-05
3.1606561522172e-05
3.16060620426998e-05
3.16055625790139e-05
3.16050631311136e-05
3.16045636989981e-05
3.16040642826668e-05
3.16035648821187e-05
3.16030654973532e-05
3.16025661283696e-05
3.16020667751671e-05
3.16015674377449e-05
3.16010681161023e-05
3.16005688102386e-05
3.16000695201529e-05
3.15995702458447e-05
3.1599070987313e-05
3.15985717445571e-05
3.15980725175764e-05
3.15975733063701e-05
3.15970741109373e-05
3.15965749312775e-05
3.15960757673897e-05
3.15955766192733e-05
3.15950774869275e-05
3.15945783703516e-05
3.15940792695449e-05
3.15935801845065e-05
3.15930811152358e-05
3.15925820617319e-05
3.15920830239942e-05
3.15915840020219e-05
3.15910849958142e-05
3.15905860053704e-05
3.15900870306898e-05
3.15895880717715e-05
3.1589089128615e-05
3.15885902012193e-05
3.15880912895838e-05
3.15875923937078e-05
3.15870935135903e-05
3.15865946492309e-05
3.15860958006286e-05
3.15855969677827e-05
3.15850981506925e-05
3.15845993493573e-05
3.15841005637762e-05
3.15836017939486e-05
3.15831030398737e-05
3.15826043015507e-05
3.1582105578979e-05
3.15816068721577e-05
3.15811081810861e-05
3.15806095057635e-05
3.15801108461891e-05
3.15796122023622e-05
3.1579113574282e-05
3.15786149619478e-05
3.15781163653588e-05
3.15776177845143e-05
3.15771192194136e-05
3.15766206700559e-05
3.15761221364404e-05
3.15756236185665e-05
3.15751251164333e-05
3.15746266300401e-05
3.15741281593862e-05
3.15736297044708e-05
3.15731312652932e-05
3.15726328418527e-05
3.15721344341484e-05
3.15716360421797e-05
3.15711376659458e-05
3.15706393054459e-05
3.15701409606794e-05
3.15696426316454e-05
3.15691443183432e-05
3.15686460207722e-05
3.15681477389314e-05
3.15676494728203e-05
3.15671512224379e-05
3.15666529877837e-05
3.15661547688568e-05
3.15656565656566e-05
3.15651583781822e-05
3.15646602064329e-05
3.1564162050408e-05
3.15636639101067e-05
3.15631657855283e-05
3.1562667676672e-05
3.15621695835372e-05
3.1561671506123e-05
3.15611734444287e-05
3.15606753984535e-05
3.15601773681968e-05
3.15596793536578e-05
3.15591813548357e-05
3.15586833717297e-05
3.15581854043393e-05
3.15576874526635e-05
3.15571895167016e-05
3.1556691596453e-05
3.15561936919169e-05
3.15556958030925e-05
3.1555197929979e-05
3.15547000725758e-05
3.15542022308821e-05
3.15537044048971e-05
3.15532065946202e-05
3.15527088000505e-05
3.15522110211873e-05
3.15517132580299e-05
3.15512155105775e-05
3.15507177788295e-05
3.15502200627849e-05
3.15497223624432e-05
3.15492246778035e-05
3.15487270088652e-05
3.15482293556274e-05
3.15477317180895e-05
3.15472340962506e-05
3.15467364901101e-05
3.15462388996672e-05
3.15457413249211e-05
3.15452437658712e-05
3.15447462225166e-05
3.15442486948567e-05
3.15437511828907e-05
3.15432536866178e-05
3.15427562060373e-05
3.15422587411485e-05
3.15417612919505e-05
3.15412638584428e-05
3.15407664406245e-05
3.15402690384949e-05
3.15397716520532e-05
3.15392742812988e-05
3.15387769262308e-05
3.15382795868485e-05
3.15377822631513e-05
3.15372849551382e-05
3.15367876628087e-05
3.15362903861619e-05
3.15357931251971e-05
3.15352958799136e-05
3.15347986503106e-05
3.15343014363874e-05
3.15338042381433e-05
3.15333070555775e-05
3.15328098886892e-05
3.15323127374777e-05
3.15318156019424e-05
3.15313184820823e-05
3.15308213778969e-05
3.15303242893853e-05
3.15298272165469e-05
3.15293301593808e-05
3.15288331178863e-05
3.15283360920627e-05
3.15278390819093e-05
3.15273420874253e-05
3.152684510861e-05
3.15263481454626e-05
3.15258511979823e-05
3.15253542661686e-05
3.15248573500205e-05
3.15243604495374e-05
3.15238635647185e-05
3.15233666955631e-05
3.15228698420704e-05
3.15223730042398e-05
3.15218761820704e-05
3.15213793755615e-05
3.15208825847124e-05
3.15203858095223e-05
3.15198890499905e-05
3.15193923061163e-05
3.15188955778989e-05
3.15183988653376e-05
3.15179021684317e-05
3.15174054871803e-05
3.15169088215828e-05
3.15164121716384e-05
3.15159155373464e-05
3.1515418918706e-05
3.15149223157165e-05
3.15144257283772e-05
3.15139291566873e-05
3.1513432600646e-05
3.15129360602527e-05
3.15124395355066e-05
3.1511943026407e-05
3.15114465329531e-05
3.15109500551442e-05
3.15104535929795e-05
3.15099571464583e-05
3.15094607155799e-05
3.15089643003435e-05
3.15084679007483e-05
3.15079715167938e-05
3.1507475148479e-05
3.15069787958033e-05
3.15064824587659e-05
3.15059861373661e-05
3.15054898316032e-05
3.15049935414763e-05
3.15044972669849e-05
3.1504001008128e-05
3.15035047649051e-05
3.15030085373153e-05
3.1502512325358e-05
3.15020161290323e-05
3.15015199483375e-05
3.1501023783273e-05
3.15005276338379e-05
3.15000315000315e-05
3.14995353818531e-05
3.1499039279302e-05
3.14985431923774e-05
3.14980471210785e-05
3.14975510654047e-05
3.14970550253551e-05
3.14965590009291e-05
3.1496062992126e-05
3.14955669989449e-05
3.14950710213852e-05
3.1494575059446e-05
3.14940791131267e-05
3.14935831824266e-05
3.14930872673448e-05
3.14925913678807e-05
3.14920954840335e-05
3.14915996158025e-05
3.14911037631869e-05
3.1490607926186e-05
3.14901121047991e-05
3.14896162990254e-05
3.14891205088642e-05
3.14886247343147e-05
3.14881289753763e-05
3.14876332320481e-05
3.14871375043295e-05
3.14866417922197e-05
3.14861460957179e-05
3.14856504148234e-05
3.14851547495356e-05
3.14846590998536e-05
3.14841634657767e-05
3.14836678473042e-05
3.14831722444354e-05
3.14826766571694e-05
3.14821810855056e-05
3.14816855294432e-05
3.14811899889816e-05
3.14806944641199e-05
3.14801989548574e-05
3.14797034611934e-05
3.14792079831271e-05
3.14787125206579e-05
3.14782170737849e-05
3.14777216425075e-05
3.14772262268249e-05
3.14767308267363e-05
3.14762354422411e-05
3.14757400733385e-05
3.14752447200277e-05
3.1474749382308e-05
3.14742540601788e-05
3.14737587536392e-05
3.14732634626884e-05
3.14727681873259e-05
3.14722729275508e-05
3.14717776833624e-05
3.147128245476e-05
3.14707872417429e-05
3.14702920443102e-05
3.14697968624612e-05
3.14693016961954e-05
3.14688065455118e-05
3.14683114104097e-05
3.14678162908885e-05
3.14673211869474e-05
3.14668260985856e-05
3.14663310258024e-05
3.14658359685971e-05
3.14653409269689e-05
3.14648459009172e-05
3.14643508904411e-05
3.146385589554e-05
3.14633609162131e-05
3.14628659524596e-05
3.14623710042789e-05
3.14618760716702e-05
3.14613811546327e-05
3.14608862531658e-05
3.14603913672686e-05
3.14598964969405e-05
3.14594016421808e-05
3.14589068029886e-05
3.14584119793633e-05
3.14579171713041e-05
3.14574223788103e-05
3.14569276018811e-05
3.14564328405159e-05
3.14559380947138e-05
3.14554433644742e-05
3.14549486497963e-05
3.14544539506794e-05
3.14539592671228e-05
3.14534645991256e-05
3.14529699466872e-05
3.14524753098069e-05
3.14519806884839e-05
3.14514860827174e-05
3.14509914925068e-05
3.14504969178513e-05
3.14500023587502e-05
3.14495078152027e-05
3.14490132872081e-05
3.14485187747657e-05
3.14480242778747e-05
3.14475297965345e-05
3.14470353307442e-05
3.14465408805031e-05
3.14460464458106e-05
3.14455520266658e-05
3.14450576230681e-05
3.14445632350167e-05
3.14440688625108e-05
3.14435745055498e-05
3.14430801641329e-05
3.14425858382593e-05
3.14420915279284e-05
3.14415972331394e-05
3.14411029538916e-05
3.14406086901842e-05
3.14401144420166e-05
3.14396202093879e-05
3.14391259922974e-05
3.14386317907445e-05
3.14381376047283e-05
3.14376434342482e-05
3.14371492793034e-05
3.14366551398931e-05
3.14361610160167e-05
3.14356669076734e-05
3.14351728148626e-05
3.14346787375833e-05
3.1434184675835e-05
3.14336906296168e-05
3.14331965989281e-05
3.14327025837682e-05
3.14322085841362e-05
3.14317146000314e-05
3.14312206314532e-05
3.14307266784008e-05
3.14302327408734e-05
3.14297388188704e-05
3.1429244912391e-05
3.14287510214344e-05
3.1428257146e-05
3.14277632860869e-05
3.14272694416946e-05
3.14267756128221e-05
3.14262817994689e-05
3.14257880016341e-05
3.14252942193171e-05
3.14248004525171e-05
3.14243067012334e-05
3.14238129654652e-05
3.14233192452119e-05
3.14228255404726e-05
3.14223318512467e-05
3.14218381775334e-05
3.1421344519332e-05
3.14208508766417e-05
3.14203572494619e-05
3.14198636377918e-05
3.14193700416307e-05
3.14188764609778e-05
3.14183828958324e-05
3.14178893461937e-05
3.14173958120611e-05
3.14169022934339e-05
3.14164087903112e-05
3.14159153026923e-05
3.14154218305766e-05
3.14149283739633e-05
3.14144349328516e-05
3.14139415072409e-05
3.14134480971304e-05
3.14129547025193e-05
3.1412461323407e-05
3.14119679597927e-05
3.14114746116756e-05
3.14109812790552e-05
3.14104879619305e-05
3.14099946603009e-05
3.14095013741657e-05
3.14090081035241e-05
3.14085148483754e-05
3.14080216087189e-05
3.14075283845538e-05
3.14070351758794e-05
3.1406541982695e-05
3.14060488049998e-05
3.14055556427932e-05
3.14050624960744e-05
3.14045693648426e-05
3.14040762490971e-05
3.14035831488373e-05
3.14030900640623e-05
3.14025969947715e-05
3.1402103940964e-05
3.14016109026393e-05
3.14011178797965e-05
3.1400624872435e-05
3.14001318805539e-05
3.13996389041526e-05
3.13991459432303e-05
3.13986529977864e-05
3.139816006782e-05
3.13976671533305e-05
3.13971742543171e-05
3.13966813707791e-05
3.13961885027158e-05
3.13956956501264e-05
3.13952028130102e-05
3.13947099913665e-05
3.13942171851945e-05
3.13937243944935e-05
3.13932316192629e-05
3.13927388595018e-05
3.13922461152095e-05
3.13917533863854e-05
3.13912606730286e-05
3.13907679751385e-05
3.13902752927143e-05
3.13897826257553e-05
3.13892899742608e-05
3.138879733823e-05
3.13883047176622e-05
3.13878121125567e-05
3.13873195229127e-05
3.13868269487296e-05
3.13863343900066e-05
3.13858418467429e-05
3.13853493189379e-05
3.13848568065908e-05
3.13843643097009e-05
3.13838718282675e-05
3.13833793622897e-05
3.1382886911767e-05
3.13823944766986e-05
3.13819020570837e-05
3.13814096529216e-05
3.13809172642116e-05
3.1380424890953e-05
3.13799325331451e-05
3.1379440190787e-05
3.13789478638781e-05
3.13784555524177e-05
3.1377963256405e-05
3.13774709758394e-05
3.13769787107199e-05
3.13764864610461e-05
3.13759942268171e-05
3.13755020080321e-05
3.13750098046906e-05
3.13745176167916e-05
3.13740254443346e-05
3.13735332873188e-05
3.13730411457435e-05
3.13725490196078e-05
3.13720569089112e-05
3.13715648136529e-05
3.13710727338321e-05
3.13705806694482e-05
3.13700886205004e-05
3.13695965869879e-05
3.13691045689101e-05
3.13686125662662e-05
3.13681205790555e-05
3.13676286072773e-05
3.13671366509308e-05
3.13666447100154e-05
3.13661527845302e-05
3.13656608744746e-05
3.13651689798479e-05
3.13646771006493e-05
3.1364185236878e-05
3.13636933885334e-05
3.13632015556148e-05
3.13627097381214e-05
3.13622179360524e-05
3.13617261494073e-05
3.13612343781851e-05
3.13607426223853e-05
3.13602508820071e-05
3.13597591570497e-05
3.13592674475124e-05
3.13587757533946e-05
3.13582840746954e-05
3.13577924114142e-05
3.13573007635503e-05
3.13568091311028e-05
3.13563175140711e-05
3.13558259124545e-05
3.13553343262523e-05
3.13548427554636e-05
3.13543512000878e-05
3.13538596601242e-05
3.1353368135572e-05
3.13528766264305e-05
3.1352385132699e-05
3.13518936543767e-05
3.1351402191463e-05
3.13509107439571e-05
3.13504193118583e-05
3.13499278951658e-05
3.1349436493879e-05
3.13489451079971e-05
3.13484537375194e-05
3.13479623824451e-05
3.13474710427736e-05
3.13469797185041e-05
3.13464884096359e-05
3.13459971161683e-05
3.13455058381005e-05
3.13450145754318e-05
3.13445233281615e-05
3.13440320962889e-05
3.13435408798132e-05
3.13430496787337e-05
3.13425584930498e-05
3.13420673227606e-05
3.13415761678655e-05
3.13410850283637e-05
3.13405939042545e-05
3.13401027955372e-05
3.1339611702211e-05
3.13391206242753e-05
3.13386295617293e-05
3.13381385145722e-05
3.13376474828035e-05
3.13371564664222e-05
3.13366654654278e-05
3.13361744798195e-05
3.13356835095966e-05
3.13351925547582e-05
3.13347016153039e-05
3.13342106912327e-05
3.1333719782544e-05
3.1333228889237e-05
3.13327380113111e-05
3.13322471487655e-05
3.13317563015995e-05
3.13312654698123e-05
3.13307746534033e-05
3.13302838523717e-05
3.13297930667168e-05
3.13293022964379e-05
3.13288115415342e-05
3.1328320802005e-05
3.13278300778497e-05
3.13273393690674e-05
3.13268486756575e-05
3.13263579976192e-05
3.13258673349518e-05
3.13253766876547e-05
3.1324886055727e-05
3.1324395439168e-05
3.13239048379771e-05
3.13234142521535e-05
3.13229236816964e-05
3.13224331266053e-05
3.13219425868792e-05
3.13214520625176e-05
3.13209615535197e-05
3.13204710598847e-05
3.1319980581612e-05
3.13194901187009e-05
3.13189996711505e-05
3.13185092389602e-05
3.13180188221293e-05
3.1317528420657e-05
3.13170380345427e-05
3.13165476637855e-05
3.13160573083849e-05
3.131556696834e-05
3.13150766436501e-05
3.13145863343145e-05
3.13140960403326e-05
3.13136057617035e-05
3.13131154984265e-05
3.1312625250501e-05
3.13121350179262e-05
3.13116448007014e-05
3.13111545988258e-05
3.13106644122988e-05
3.13101742411197e-05
3.13096840852876e-05
3.13091939448019e-05
3.13087038196619e-05
3.13082137098668e-05
3.13077236154159e-05
3.13072335363086e-05
3.1306743472544e-05
3.13062534241215e-05
3.13057633910403e-05
3.13052733732997e-05
3.13047833708991e-05
3.13042933838376e-05
3.13038034121146e-05
3.13033134557293e-05
3.1302823514681e-05
3.13023335889691e-05
3.13018436785927e-05
3.13013537835511e-05
3.13008639038437e-05
3.13003740394698e-05
3.12998841904285e-05
3.12993943567192e-05
3.12989045383412e-05
3.12984147352937e-05
3.1297924947576e-05
3.12974351751874e-05
3.12969454181272e-05
3.12964556763946e-05
3.1295965949989e-05
3.12954762389097e-05
3.12949865431558e-05
3.12944968627267e-05
3.12940071976217e-05
3.129351754784e-05
3.12930279133809e-05
3.12925382942437e-05
3.12920486904278e-05
3.12915591019323e-05
3.12910695287565e-05
3.12905799708998e-05
3.12900904283613e-05
3.12896009011405e-05
3.12891113892365e-05
3.12886218926487e-05
3.12881324113764e-05
3.12876429454187e-05
3.1287153494775e-05
3.12866640594447e-05
3.12861746394268e-05
3.12856852347209e-05
3.1285195845326e-05
3.12847064712415e-05
3.12842171124668e-05
3.1283727769001e-05
3.12832384408434e-05
3.12827491279934e-05
3.12822598304502e-05
3.1281770548213e-05
3.12812812812813e-05
3.12807920296542e-05
3.1280302793331e-05
3.12798135723111e-05
3.12793243665937e-05
3.1278835176178e-05
3.12783460010635e-05
3.12778568412492e-05
3.12773676967346e-05
3.1276878567519e-05
3.12763894536015e-05
3.12759003549815e-05
3.12754112716582e-05
3.1274922203631e-05
3.12744331508991e-05
3.12739441134619e-05
3.12734550913185e-05
3.12729660844683e-05
3.12724770929105e-05
3.12719881166445e-05
3.12714991556695e-05
3.12710102099848e-05
3.12705212795897e-05
3.12700323644835e-05
3.12695434646654e-05
3.12690545801348e-05
3.12685657108908e-05
3.12680768569329e-05
3.12675880182603e-05
3.12670991948722e-05
3.1266610386768e-05
3.12661215939469e-05
3.12656328164082e-05
3.12651440541512e-05
3.12646553071752e-05
3.12641665754795e-05
3.12636778590633e-05
3.1263189157926e-05
3.12627004720668e-05
3.1262211801485e-05
3.12617231461798e-05
3.12612345061506e-05
3.12607458813967e-05
3.12602572719173e-05
3.12597686777118e-05
3.12592800987793e-05
3.12587915351193e-05
3.12583029867308e-05
3.12578144536134e-05
3.12573259357662e-05
3.12568374331885e-05
3.12563489458796e-05
3.12558604738388e-05
3.12553720170654e-05
3.12548835755587e-05
3.12543951493179e-05
3.12539067383423e-05
3.12534183426312e-05
3.1252929962184e-05
3.12524415969998e-05
3.12519532470779e-05
3.12514649124178e-05
3.12509765930185e-05
3.12504882888795e-05
3.125e-05
3.12495117263793e-05
3.12490234680166e-05
3.12485352249113e-05
3.12480469970627e-05
3.124755878447e-05
3.12470705871325e-05
3.12465824050494e-05
3.12460942382202e-05
3.12456060866441e-05
3.12451179503203e-05
3.12446298292481e-05
3.12441417234269e-05
3.12436536328558e-05
3.12431655575343e-05
3.12426774974615e-05
3.12421894526368e-05
3.12417014230595e-05
3.12412134087288e-05
3.1240725409644e-05
3.12402374258044e-05
3.12397494572094e-05
3.1239261503858e-05
3.12387735657498e-05
3.12382856428839e-05
3.12377977352597e-05
3.12373098428763e-05
3.12368219657332e-05
3.12363341038296e-05
3.12358462571647e-05
3.12353584257379e-05
3.12348706095485e-05
3.12343828085957e-05
3.12338950228788e-05
3.12334072523972e-05
3.123291949715e-05
3.12324317571366e-05
3.12319440323563e-05
3.12314563228083e-05
3.1230968628492e-05
3.12304809494066e-05
3.12299932855514e-05
3.12295056369258e-05
3.12290180035289e-05
3.12285303853601e-05
3.12280427824186e-05
3.12275551947038e-05
3.12270676222149e-05
3.12265800649513e-05
3.12260925229121e-05
3.12256049960968e-05
3.12251174845045e-05
3.12246299881346e-05
3.12241425069864e-05
3.12236550410591e-05
3.1223167590352e-05
3.12226801548645e-05
3.12221927345958e-05
3.12217053295451e-05
3.12212179397118e-05
3.12207305650952e-05
3.12202432056946e-05
3.12197558615092e-05
3.12192685325383e-05
3.12187812187812e-05
3.12182939202373e-05
3.12178066369057e-05
3.12173193687858e-05
3.12168321158769e-05
3.12163448781782e-05
3.12158576556891e-05
3.12153704484088e-05
3.12148832563366e-05
3.12143960794718e-05
3.12139089178138e-05
3.12134217713617e-05
3.12129346401149e-05
3.12124475240726e-05
3.12119604232342e-05
3.12114733375989e-05
3.1210986267166e-05
3.12104992119349e-05
3.12100121719047e-05
3.12095251470749e-05
3.12090381374446e-05
3.12085511430132e-05
3.12080641637799e-05
3.12075771997441e-05
3.1207090250905e-05
3.12066033172619e-05
3.12061163988142e-05
3.1205629495561e-05
3.12051426075017e-05
3.12046557346356e-05
3.1204168876962e-05
3.12036820344801e-05
3.12031952071892e-05
3.12027083950887e-05
3.12022215981778e-05
3.12017348164558e-05
3.1201248049922e-05
3.12007612985757e-05
3.12002745624162e-05
3.11997878414427e-05
3.11993011356546e-05
3.11988144450511e-05
3.11983277696315e-05
3.11978411093952e-05
3.11973544643414e-05
3.11968678344694e-05
3.11963812197785e-05
3.1195894620268e-05
3.11954080359371e-05
3.11949214667852e-05
3.11944349128116e-05
3.11939483740154e-05
3.11934618503962e-05
3.1192975341953e-05
3.11924888486852e-05
3.11920023705922e-05
3.11915159076731e-05
3.11910294599273e-05
3.11905430273541e-05
3.11900566099527e-05
3.11895702077225e-05
3.11890838206628e-05
3.11885974487727e-05
3.11881110920517e-05
3.1187624750499e-05
3.11871384241139e-05
3.11866521128957e-05
3.11861658168437e-05
3.11856795359571e-05
3.11851932702353e-05
3.11847070196776e-05
3.11842207842832e-05
3.11837345640514e-05
3.11832483589816e-05
3.11827621690729e-05
3.11822759943248e-05
3.11817898347365e-05
3.11813036903073e-05
3.11808175610365e-05
3.11803314469233e-05
3.11798453479671e-05
3.11793592641671e-05
3.11788731955227e-05
3.11783871420331e-05
3.11779011036977e-05
3.11774150805157e-05
3.11769290724864e-05
3.1176443079609e-05
3.1175957101883e-05
3.11754711393076e-05
3.1174985191882e-05
3.11744992596056e-05
3.11740133424777e-05
3.11735274404975e-05
3.11730415536644e-05
3.11725556819776e-05
3.11720698254364e-05
3.11715839840402e-05
3.11710981577881e-05
3.11706123466795e-05
3.11701265507138e-05
3.11696407698901e-05
3.11691550042078e-05
3.11686692536662e-05
3.11681835182646e-05
3.11676977980021e-05
3.11672120928783e-05
3.11667264028923e-05
3.11662407280434e-05
3.11657550683309e-05
3.11652694237542e-05
3.11647837943124e-05
3.1164298180005e-05
3.11638125808311e-05
3.11633269967902e-05
3.11628414278814e-05
3.11623558741041e-05
3.11618703354575e-05
3.1161384811941e-05
3.11608993035539e-05
3.11604138102954e-05
3.11599283321648e-05
3.11594428691615e-05
3.11589574212847e-05
3.11584719885337e-05
3.11579865709078e-05
3.11575011684063e-05
3.11570157810285e-05
3.11565304087737e-05
3.11560450516411e-05
3.11555597096302e-05
3.11550743827401e-05
3.11545890709702e-05
3.11541037743197e-05
3.11536184927879e-05
3.11531332263742e-05
3.11526479750779e-05
3.11521627388981e-05
3.11516775178343e-05
3.11511923118857e-05
3.11507071210516e-05
3.11502219453314e-05
3.11497367847242e-05
3.11492516392294e-05
3.11487665088463e-05
3.11482813935741e-05
3.11477962934122e-05
3.11473112083599e-05
3.11468261384165e-05
3.11463410835812e-05
3.11458560438534e-05
3.11453710192323e-05
3.11448860097172e-05
3.11444010153075e-05
3.11439160360024e-05
3.11434310718012e-05
3.11429461227032e-05
3.11424611887077e-05
3.11419762698141e-05
3.11414913660215e-05
3.11410064773293e-05
3.11405216037369e-05
3.11400367452434e-05
3.11395519018481e-05
3.11390670735505e-05
3.11385822603497e-05
3.11380974622451e-05
3.11376126792359e-05
3.11371279113215e-05
3.11366431585011e-05
3.1136158420774e-05
3.11356736981396e-05
3.11351889905972e-05
3.11347042981459e-05
3.11342196207852e-05
3.11337349585143e-05
3.11332503113325e-05
3.11327656792391e-05
3.11322810622334e-05
3.11317964603147e-05
3.11313118734823e-05
3.11308273017355e-05
3.11303427450736e-05
3.11298582034959e-05
3.11293736770016e-05
3.11288891655901e-05
3.11284046692607e-05
3.11279201880126e-05
3.11274357218452e-05
3.11269512707578e-05
3.11264668347496e-05
3.11259824138199e-05
3.11254980079681e-05
3.11250136171935e-05
3.11245292414952e-05
3.11240448808727e-05
3.11235605353252e-05
3.11230762048521e-05
3.11225918894526e-05
3.11221075891259e-05
3.11216233038715e-05
3.11211390336886e-05
3.11206547785765e-05
3.11201705385346e-05
3.1119686313562e-05
3.11192021036581e-05
3.11187179088222e-05
3.11182337290535e-05
3.11177495643515e-05
3.11172654147154e-05
3.11167812801444e-05
3.11162971606379e-05
3.11158130561952e-05
3.11153289668155e-05
3.11148448924982e-05
3.11143608332426e-05
3.11138767890479e-05
3.11133927599135e-05
3.11129087458386e-05
3.11124247468226e-05
3.11119407628648e-05
3.11114567939644e-05
3.11109728401207e-05
3.11104889013331e-05
3.11100049776008e-05
3.11095210689231e-05
3.11090371752994e-05
3.11085532967289e-05
3.1108069433211e-05
3.11075855847448e-05
3.11071017513298e-05
3.11066179329652e-05
3.11061341296504e-05
3.11056503413845e-05
3.1105166568167e-05
3.1104682809997e-05
3.1104199066874e-05
3.11037153387972e-05
3.11032316257659e-05
3.11027479277794e-05
3.1102264244837e-05
3.1101780576938e-05
3.11012969240817e-05
3.11008132862674e-05
3.11003296634944e-05
3.1099846055762e-05
3.10993624630695e-05
3.10988788854162e-05
3.10983953228013e-05
3.10979117752243e-05
3.10974282426843e-05
3.10969447251807e-05
3.10964612227129e-05
3.10959777352799e-05
3.10954942628813e-05
3.10950108055163e-05
3.10945273631841e-05
3.10940439358841e-05
3.10935605236156e-05
3.10930771263778e-05
3.10925937441701e-05
3.10921103769918e-05
3.10916270248422e-05
3.10911436877206e-05
3.10906603656262e-05
3.10901770585583e-05
3.10896937665164e-05
3.10892104894996e-05
3.10887272275073e-05
3.10882439805388e-05
3.10877607485933e-05
3.10872775316702e-05
3.10867943297687e-05
3.10863111428882e-05
3.1085827971028e-05
3.10853448141874e-05
3.10848616723656e-05
3.10843785455619e-05
3.10838954337758e-05
3.10834123370064e-05
3.1082929255253e-05
3.1082446188515e-05
3.10819631367917e-05
3.10814801000824e-05
3.10809970783863e-05
3.10805140717027e-05
3.10800310800311e-05
3.10795481033706e-05
3.10790651417205e-05
3.10785821950803e-05
3.1078099263449e-05
3.10776163468262e-05
3.1077133445211e-05
3.10766505586028e-05
3.10761676870008e-05
3.10756848304045e-05
3.10752019888129e-05
3.10747191622256e-05
3.10742363506417e-05
3.10737535540606e-05
3.10732707724815e-05
3.10727880059038e-05
3.10723052543268e-05
3.10718225177498e-05
3.1071339796172e-05
3.10708570895928e-05
3.10703743980115e-05
3.10698917214274e-05
3.10694090598397e-05
3.10689264132478e-05
3.1068443781651e-05
3.10679611650485e-05
3.10674785634398e-05
3.1066995976824e-05
3.10665134052005e-05
3.10660308485686e-05
3.10655483069276e-05
3.10650657802768e-05
3.10645832686155e-05
3.10641007719429e-05
3.10636182902584e-05
3.10631358235614e-05
3.1062653371851e-05
3.10621709351267e-05
3.10616885133876e-05
3.10612061066331e-05
3.10607237148626e-05
3.10602413380752e-05
3.10597589762703e-05
3.10592766294473e-05
3.10587942976054e-05
3.10583119807438e-05
3.1057829678862e-05
3.10573473919593e-05
3.10568651200348e-05
3.10563828630879e-05
3.1055900621118e-05
3.10554183941243e-05
3.10549361821061e-05
3.10544539850628e-05
3.10539718029936e-05
3.10534896358978e-05
3.10530074837748e-05
3.10525253466238e-05
3.10520432244442e-05
3.10515611172352e-05
3.10510790249961e-05
3.10505969477263e-05
3.10501148854251e-05
3.10496328380917e-05
3.10491508057255e-05
3.10486687883257e-05
3.10481867858917e-05
3.10477047984228e-05
3.10472228259182e-05
3.10467408683773e-05
3.10462589257994e-05
3.10457769981838e-05
3.10452950855298e-05
3.10448131878366e-05
3.10443313051037e-05
3.10438494373302e-05
3.10433675845156e-05
3.1042885746659e-05
3.10424039237599e-05
3.10419221158174e-05
3.1041440322831e-05
3.10409585447999e-05
3.10404767817234e-05
3.10399950336008e-05
3.10395133004314e-05
3.10390315822146e-05
3.10385498789497e-05
3.10380681906358e-05
3.10375865172724e-05
3.10371048588588e-05
3.10366232153942e-05
3.10361415868779e-05
3.10356599733093e-05
3.10351783746877e-05
3.10346967910124e-05
3.10342152222826e-05
3.10337336684977e-05
3.10332521296569e-05
3.10327706057597e-05
3.10322890968052e-05
3.10318076027929e-05
3.10313261237219e-05
3.10308446595916e-05
3.10303632104014e-05
3.10298817761504e-05
3.10294003568381e-05
3.10289189524637e-05
3.10284375630265e-05
3.10279561885259e-05
3.1027474828961e-05
3.10269934843314e-05
3.10265121546361e-05
3.10260308398747e-05
3.10255495400462e-05
3.10250682551502e-05
3.10245869851858e-05
3.10241057301523e-05
3.10236244900492e-05
3.10231432648756e-05
3.10226620546309e-05
3.10221808593144e-05
3.10216996789254e-05
3.10212185134632e-05
3.10207373629271e-05
3.10202562273164e-05
3.10197751066305e-05
3.10192940008685e-05
3.10188129100299e-05
3.1018331834114e-05
3.10178507731199e-05
3.10173697270471e-05
3.10168886958949e-05
3.10164076796625e-05
3.10159266783493e-05
3.10154456919546e-05
3.10149647204776e-05
3.10144837639178e-05
3.10140028222743e-05
3.10135218955465e-05
3.10130409837337e-05
3.10125600868352e-05
3.10120792048503e-05
3.10115983377783e-05
3.10111174856186e-05
3.10106366483704e-05
3.1010155826033e-05
3.10096750186058e-05
3.1009194226088e-05
3.1008713448479e-05
3.10082326857781e-05
3.10077519379845e-05
3.10072712050976e-05
3.10067904871167e-05
3.10063097840411e-05
3.100582909587e-05
3.10053484226029e-05
3.1004867764239e-05
3.10043871207776e-05
3.1003906492218e-05
3.10034258785596e-05
3.10029452798016e-05
3.10024646959433e-05
3.10019841269841e-05
3.10015035729233e-05
3.10010230337601e-05
3.10005425094939e-05
3.1000062000124e-05
3.09995815056497e-05
3.09991010260702e-05
3.0998620561385e-05
3.09981401115933e-05
3.09976596766944e-05
3.09971792566876e-05
3.09966988515723e-05
3.09962184613477e-05
3.09957380860132e-05
3.0995257725568e-05
3.09947773800115e-05
3.09942970493429e-05
3.09938167335617e-05
3.0993336432667e-05
3.09928561466582e-05
3.09923758755346e-05
3.09918956192956e-05
3.09914153779403e-05
3.09909351514682e-05
3.09904549398785e-05
3.09899747431706e-05
3.09894945613437e-05
3.09890143943972e-05
3.09885342423303e-05
3.09880541051425e-05
3.09875739828329e-05
3.09870938754009e-05
3.09866137828458e-05
3.09861337051669e-05
3.09856536423636e-05
3.09851735944351e-05
3.09846935613807e-05
3.09842135431997e-05
3.09837335398916e-05
3.09832535514554e-05
3.09827735778907e-05
3.09822936191966e-05
3.09818136753726e-05
3.09813337464178e-05
3.09808538323316e-05
3.09803739331134e-05
3.09798940487624e-05
3.09794141792779e-05
3.09789343246592e-05
3.09784544849058e-05
3.09779746600167e-05
3.09774948499915e-05
3.09770150548293e-05
3.09765352745295e-05
3.09760555090915e-05
3.09755757585144e-05
3.09750960227977e-05
3.09746163019406e-05
3.09741365959424e-05
3.09736569048025e-05
3.09731772285201e-05
3.09726975670946e-05
3.09722179205253e-05
3.09717382888115e-05
3.09712586719524e-05
3.09707790699475e-05
3.0970299482796e-05
3.09698199104972e-05
3.09693403530505e-05
3.09688608104551e-05
3.09683812827104e-05
3.09679017698156e-05
3.09674222717701e-05
3.09669427885732e-05
3.09664633202242e-05
3.09659838667224e-05
3.09655044280671e-05
3.09650250042577e-05
3.09645455952934e-05
3.09640662011735e-05
3.09635868218974e-05
3.09631074574644e-05
3.09626281078738e-05
3.09621487731249e-05
3.09616694532169e-05
3.09611901481493e-05
3.09607108579213e-05
3.09602315825322e-05
3.09597523219814e-05
3.09592730762682e-05
3.09587938453918e-05
3.09583146293516e-05
3.09578354281469e-05
3.0957356241777e-05
3.09568770702412e-05
3.09563979135388e-05
3.09559187716691e-05
3.09554396446315e-05
3.09549605324253e-05
3.09544814350498e-05
3.09540023525042e-05
3.09535232847879e-05
3.09530442319002e-05
3.09525651938404e-05
3.09520861706079e-05
3.09516071622019e-05
3.09511281686217e-05
3.09506491898668e-05
3.09501702259362e-05
3.09496912768295e-05
3.09492123425459e-05
3.09487334230847e-05
3.09482545184452e-05
3.09477756286267e-05
3.09472967536286e-05
3.09468178934501e-05
3.09463390480906e-05
3.09458602175494e-05
3.09453814018258e-05
3.09449026009191e-05
3.09444238148286e-05
3.09439450435536e-05
3.09434662870935e-05
3.09429875454475e-05
3.0942508818615e-05
3.09420301065953e-05
3.09415514093877e-05
3.09410727269914e-05
3.09405940594059e-05
3.09401154066305e-05
3.09396367686643e-05
3.09391581455069e-05
3.09386795371574e-05
3.09382009436151e-05
3.09377223648795e-05
3.09372438009498e-05
3.09367652518253e-05
3.09362867175053e-05
3.09358081979892e-05
3.09353296932762e-05
3.09348512033657e-05
3.0934372728257e-05
3.09338942679494e-05
3.09334158224422e-05
3.09329373917347e-05
3.09324589758263e-05
3.09319805747162e-05
3.09315021884038e-05
3.09310238168883e-05
3.09305454601692e-05
3.09300671182456e-05
3.0929588791117e-05
3.09291104787826e-05
3.09286321812418e-05
3.09281538984938e-05
3.0927675630538e-05
3.09271973773737e-05
3.09267191390001e-05
3.09262409154167e-05
3.09257627066228e-05
3.09252845126175e-05
3.09248063334003e-05
3.09243281689705e-05
3.09238500193274e-05
3.09233718844703e-05
3.09228937643985e-05
3.09224156591113e-05
3.0921937568608e-05
3.09214594928881e-05
3.09209814319507e-05
3.09205033857951e-05
3.09200253544208e-05
3.0919547337827e-05
3.0919069336013e-05
3.09185913489781e-05
3.09181133767218e-05
3.09176354192431e-05
3.09171574765416e-05
3.09166795486165e-05
3.09162016354671e-05
3.09157237370927e-05
3.09152458534927e-05
3.09147679846663e-05
3.09142901306129e-05
3.09138122913318e-05
3.09133344668223e-05
3.09128566570837e-05
3.09123788621153e-05
3.09119010819165e-05
3.09114233164866e-05
3.09109455658249e-05
3.09104678299306e-05
3.09099901088032e-05
3.09095124024419e-05
3.0909034710846e-05
3.09085570340149e-05
3.09080793719478e-05
3.09076017246442e-05
3.09071240921032e-05
3.09066464743243e-05
3.09061688713067e-05
3.09056912830498e-05
3.09052137095528e-05
3.09047361508151e-05
3.0904258606836e-05
3.09037810776148e-05
3.09033035631509e-05
3.09028260634435e-05
3.0902348578492e-05
3.09018711082956e-05
3.09013936528537e-05
3.09009162121657e-05
3.09004387862308e-05
3.08999613750483e-05
3.08994839786176e-05
3.08990065969379e-05
3.08985292300087e-05
3.08980518778291e-05
3.08975745403986e-05
3.08970972177164e-05
3.08966199097819e-05
3.08961426165943e-05
3.08956653381531e-05
3.08951880744574e-05
3.08947108255067e-05
3.08942335913002e-05
3.08937563718373e-05
3.08932791671172e-05
3.08928019771393e-05
3.0892324801903e-05
3.08918476414074e-05
3.0891370495652e-05
3.08908933646361e-05
3.08904162483589e-05
3.08899391468199e-05
3.08894620600182e-05
3.08889849879533e-05
3.08885079306244e-05
3.08880308880309e-05
3.0887553860172e-05
3.08870768470472e-05
3.08865998486557e-05
3.08861228649968e-05
3.08856458960698e-05
3.08851689418741e-05
3.0884692002409e-05
3.08842150776738e-05
3.08837381676678e-05
3.08832612723904e-05
3.08827843918408e-05
3.08823075260183e-05
3.08818306749224e-05
3.08813538385523e-05
3.08808770169073e-05
3.08804002099867e-05
3.08799234177899e-05
3.08794466403162e-05
3.08789698775649e-05
3.08784931295353e-05
3.08780163962267e-05
3.08775396776385e-05
3.08770629737699e-05
3.08765862846204e-05
3.08761096101891e-05
3.08756329504755e-05
3.08751563054788e-05
3.08746796751984e-05
3.08742030596335e-05
3.08737264587836e-05
3.08732498726478e-05
3.08727733012257e-05
3.08722967445163e-05
3.08718202025191e-05
3.08713436752335e-05
3.08708671626586e-05
3.08703906647939e-05
3.08699141816386e-05
3.08694377131921e-05
3.08689612594536e-05
3.08684848204226e-05
3.08680083960983e-05
3.086753198648e-05
3.08670555915671e-05
3.08665792113589e-05
3.08661028458547e-05
3.08656264950538e-05
3.08651501589555e-05
3.08646738375592e-05
3.08641975308642e-05
3.08637212388698e-05
3.08632449615753e-05
3.086276869898e-05
3.08622924510833e-05
3.08618162178844e-05
3.08613399993828e-05
3.08608637955776e-05
3.08603876064683e-05
3.08599114320542e-05
3.08594352723345e-05
3.08589591273086e-05
3.08584829969759e-05
3.08580068813355e-05
3.0857530780387e-05
3.08570546941294e-05
3.08565786225623e-05
3.08561025656849e-05
3.08556265234966e-05
3.08551504959965e-05
3.08546744831842e-05
3.08541984850589e-05
3.08537225016198e-05
3.08532465328664e-05
3.0852770578798e-05
3.08522946394138e-05
3.08518187147132e-05
3.08513428046956e-05
3.08508669093602e-05
3.08503910287063e-05
3.08499151627333e-05
3.08494393114405e-05
3.08489634748272e-05
3.08484876528928e-05
3.08480118456365e-05
3.08475360530578e-05
3.08470602751558e-05
3.08465845119299e-05
3.08461087633795e-05
3.08456330295039e-05
3.08451573103023e-05
3.08446816057741e-05
3.08442059159187e-05
3.08437302407353e-05
3.08432545802233e-05
3.0842778934382e-05
3.08423033032107e-05
3.08418276867087e-05
3.08413520848754e-05
3.08408764977101e-05
3.0840400925212e-05
3.08399253673806e-05
3.08394498242151e-05
3.08389742957149e-05
3.08384987818793e-05
3.08380232827076e-05
3.08375477981991e-05
3.08370723283531e-05
3.08365968731691e-05
3.08361214326462e-05
3.08356460067838e-05
3.08351705955813e-05
3.0834695199038e-05
3.08342198171531e-05
3.0833744449926e-05
3.0833269097356e-05
3.08327937594425e-05
3.08323184361848e-05
3.08318431275822e-05
3.08313678336339e-05
3.08308925543394e-05
3.0830417289698e-05
3.0829942039709e-05
3.08294668043716e-05
3.08289915836853e-05
3.08285163776493e-05
3.0828041186263e-05
3.08275660095257e-05
3.08270908474367e-05
3.08266156999954e-05
3.0826140567201e-05
3.08256654490529e-05
3.08251903455504e-05
3.08247152566928e-05
3.08242401824795e-05
3.08237651229098e-05
3.08232900779829e-05
3.08228150476983e-05
3.08223400320552e-05
3.0821865031053e-05
3.0821390044691e-05
3.08209150729685e-05
3.08204401158849e-05
3.08199651734394e-05
3.08194902456313e-05
3.08190153324601e-05
3.08185404339251e-05
3.08180655500254e-05
3.08175906807606e-05
3.08171158261298e-05
3.08166409861325e-05
3.08161661607679e-05
3.08156913500354e-05
3.08152165539343e-05
3.08147417724639e-05
3.08142670056236e-05
3.08137922534126e-05
3.08133175158303e-05
3.08128427928761e-05
3.08123680845491e-05
3.08118933908489e-05
3.08114187117746e-05
3.08109440473256e-05
3.08104693975013e-05
3.08099947623009e-05
3.08095201417238e-05
3.08090455357693e-05
3.08085709444367e-05
3.08080963677254e-05
3.08076218056347e-05
3.08071472581639e-05
3.08066727253123e-05
3.08061982070793e-05
3.08057237034641e-05
3.08052492144661e-05
3.08047747400847e-05
3.08043002803191e-05
3.08038258351687e-05
3.08033514046328e-05
3.08028769887107e-05
3.08024025874018e-05
3.08019282007054e-05
3.08014538286207e-05
3.08009794711472e-05
3.08005051282841e-05
3.08000308000308e-05
3.07995564863866e-05
3.07990821873508e-05
3.07986079029228e-05
3.07981336331018e-05
3.07976593778873e-05
3.07971851372784e-05
3.07967109112747e-05
3.07962366998753e-05
3.07957625030796e-05
3.07952883208869e-05
3.07948141532966e-05
3.07943400003079e-05
3.07938658619203e-05
3.0793391738133e-05
3.07929176289453e-05
3.07924435343567e-05
3.07919694543663e-05
3.07914953889736e-05
3.07910213381778e-05
3.07905473019783e-05
3.07900732803744e-05
3.07895992733655e-05
3.07891252809508e-05
3.07886513031297e-05
3.07881773399015e-05
3.07877033912655e-05
3.07872294572211e-05
3.07867555377677e-05
3.07862816329044e-05
3.07858077426306e-05
3.07853338669458e-05
3.07848600058491e-05
3.078438615934e-05
3.07839123274177e-05
3.07834385100816e-05
3.0782964707331e-05
3.07824909191652e-05
3.07820171455835e-05
3.07815433865854e-05
3.07810696421701e-05
3.07805959123369e-05
3.07801221970851e-05
3.07796484964142e-05
3.07791748103233e-05
3.07787011388119e-05
3.07782274818793e-05
3.07777538395248e-05
3.07772802117477e-05
3.07768065985473e-05
3.07763329999231e-05
3.07758594158742e-05
3.07753858464e-05
3.07749122915e-05
3.07744387511733e-05
3.07739652254193e-05
3.07734917142374e-05
3.07730182176268e-05
3.07725447355869e-05
3.07720712681171e-05
3.07715978152166e-05
3.07711243768847e-05
3.07706509531209e-05
3.07701775439244e-05
3.07697041492946e-05
3.07692307692308e-05
3.07687574037322e-05
3.07682840527984e-05
3.07678107164285e-05
3.07673373946219e-05
3.07668640873779e-05
3.07663907946959e-05
3.07659175165751e-05
3.0765444253015e-05
3.07649710040148e-05
3.07644977695739e-05
3.07640245496916e-05
3.07635513443672e-05
3.07630781536001e-05
3.07626049773895e-05
3.07621318157348e-05
3.07616586686354e-05
3.07611855360906e-05
3.07607124180996e-05
3.07602393146619e-05
3.07597662257767e-05
3.07592931514434e-05
3.07588200916613e-05
3.07583470464297e-05
3.0757874015748e-05
3.07574009996155e-05
3.07569279980316e-05
3.07564550109954e-05
3.07559820385065e-05
3.07555090805641e-05
3.07550361371675e-05
3.0754563208316e-05
3.07540902940091e-05
3.0753617394246e-05
3.07531445090261e-05
3.07526716383486e-05
3.07521987822129e-05
3.07517259406184e-05
3.07512531135644e-05
3.07507803010501e-05
3.0750307503075e-05
3.07498347196384e-05
3.07493619507395e-05
3.07488891963778e-05
3.07484164565525e-05
3.0747943731263e-05
3.07474710205086e-05
3.07469983242886e-05
3.07465256426024e-05
3.07460529754493e-05
3.07455803228286e-05
3.07451076847397e-05
3.07446350611818e-05
3.07441624521544e-05
3.07436898576567e-05
3.07432172776881e-05
3.07427447122479e-05
3.07422721613354e-05
3.074179962495e-05
3.0741327103091e-05
3.07408545957578e-05
3.07403821029495e-05
3.07399096246657e-05
3.07394371609056e-05
3.07389647116685e-05
3.07384922769538e-05
3.07380198567608e-05
3.07375474510889e-05
3.07370750599373e-05
3.07366026833054e-05
3.07361303211926e-05
3.07356579735981e-05
3.07351856405213e-05
3.07347133219615e-05
3.07342410179181e-05
3.07337687283903e-05
3.07332964533776e-05
3.07328241928792e-05
3.07323519468945e-05
3.07318797154228e-05
3.07314074984634e-05
3.07309352960157e-05
3.0730463108079e-05
3.07299909346527e-05
3.0729518775736e-05
3.07290466313283e-05
3.07285745014289e-05
3.07281023860371e-05
3.07276302851524e-05
3.0727158198774e-05
3.07266861269012e-05
3.07262140695334e-05
3.07257420266699e-05
3.07252699983101e-05
3.07247979844533e-05
3.07243259850987e-05
3.07238540002458e-05
3.07233820298938e-05
3.07229100740422e-05
3.07224381326902e-05
3.07219662058372e-05
3.07214942934824e-05
3.07210223956253e-05
3.07205505122652e-05
3.07200786434013e-05
3.07196067890331e-05
3.07191349491598e-05
3.07186631237809e-05
3.07181913128955e-05
3.07177195165031e-05
3.0717247734603e-05
3.07167759671945e-05
3.07163042142769e-05
3.07158324758497e-05
3.0715360751912e-05
3.07148890424633e-05
3.07144173475029e-05
3.07139456670301e-05
3.07134740010443e-05
3.07130023495447e-05
3.07125307125307e-05
3.07120590900017e-05
3.07115874819569e-05
3.07111158883958e-05
3.07106443093176e-05
3.07101727447217e-05
3.07097011946074e-05
3.0709229658974e-05
3.07087581378209e-05
3.07082866311474e-05
3.07078151389529e-05
3.07073436612366e-05
3.07068721979979e-05
3.07064007492362e-05
3.07059293149507e-05
3.07054578951409e-05
3.07049864898059e-05
3.07045150989453e-05
3.07040437225583e-05
3.07035723606442e-05
3.07031010132023e-05
3.07026296802321e-05
3.07021583617328e-05
3.07016870577038e-05
3.07012157681444e-05
3.0700744493054e-05
3.07002732324318e-05
3.06998019862772e-05
3.06993307545895e-05
3.06988595373682e-05
3.06983883346124e-05
3.06979171463216e-05
3.06974459724951e-05
3.06969748131322e-05
3.06965036682322e-05
3.06960325377945e-05
3.06955614218184e-05
3.06950903203033e-05
3.06946192332484e-05
3.06941481606532e-05
3.06936771025169e-05
3.06932060588389e-05
3.06927350296185e-05
3.06922640148551e-05
3.06917930145479e-05
3.06913220286964e-05
3.06908510572998e-05
3.06903801003575e-05
3.06899091578689e-05
3.06894382298332e-05
3.06889673162498e-05
3.0688496417118e-05
3.06880255324372e-05
3.06875546622067e-05
3.06870838064259e-05
3.0686612965094e-05
3.06861421382104e-05
3.06856713257744e-05
3.06852005277855e-05
3.06847297442428e-05
3.06842589751458e-05
3.06837882204937e-05
3.0683317480286e-05
3.06828467545219e-05
3.06823760432008e-05
3.0681905346322e-05
3.06814346638849e-05
3.06809639958888e-05
3.06804933423329e-05
3.06800227032168e-05
3.06795520785397e-05
3.06790814683008e-05
3.06786108724997e-05
3.06781402911356e-05
3.06776697242078e-05
3.06771991717156e-05
3.06767286336585e-05
3.06762581100357e-05
3.06757876008466e-05
3.06753171060906e-05
3.06748466257669e-05
3.06743761598748e-05
3.06739057084139e-05
3.06734352713832e-05
3.06729648487823e-05
3.06724944406104e-05
3.06720240468669e-05
3.0671553667551e-05
3.06710833026623e-05
3.06706129521999e-05
3.06701426161632e-05
3.06696722945515e-05
3.06692019873643e-05
3.06687316946008e-05
3.06682614162603e-05
3.06677911523423e-05
3.06673209028459e-05
3.06668506677707e-05
3.06663804471158e-05
3.06659102408807e-05
3.06654400490647e-05
3.06649698716671e-05
3.06644997086873e-05
3.06640295601245e-05
3.06635594259782e-05
3.06630893062476e-05
3.06626192009321e-05
3.06621491100311e-05
3.06616790335439e-05
3.06612089714697e-05
3.06607389238081e-05
3.06602688905582e-05
3.06597988717194e-05
3.06593288672911e-05
3.06588588772726e-05
3.06583889016632e-05
3.06579189404623e-05
3.06574489936692e-05
3.06569790612833e-05
3.06565091433039e-05
3.06560392397302e-05
3.06555693505618e-05
3.06550994757978e-05
3.06546296154377e-05
3.06541597694807e-05
3.06536899379263e-05
3.06532201207737e-05
3.06527503180223e-05
3.06522805296714e-05
3.06518107557204e-05
3.06513409961686e-05
3.06508712510153e-05
3.06504015202599e-05
3.06499318039017e-05
3.06494621019401e-05
3.06489924143744e-05
3.06485227412039e-05
3.06480530824279e-05
3.06475834380459e-05
3.06471138080571e-05
3.06466441924609e-05
3.06461745912566e-05
3.06457050044436e-05
3.06452354320212e-05
3.06447658739887e-05
3.06442963303455e-05
3.06438268010909e-05
3.06433572862243e-05
3.06428877857449e-05
3.06424182996522e-05
3.06419488279455e-05
3.0641479370624e-05
3.06410099276872e-05
3.06405404991344e-05
3.06400710849649e-05
3.06396016851781e-05
3.06391322997733e-05
3.06386629287498e-05
3.0638193572107e-05
3.06377242298442e-05
3.06372549019608e-05
3.06367855884561e-05
3.06363162893294e-05
3.06358470045801e-05
3.06353777342075e-05
3.06349084782109e-05
3.06344392365898e-05
3.06339700093434e-05
3.0633500796471e-05
3.06330315979721e-05
3.06325624138459e-05
3.06320932440918e-05
3.06316240887092e-05
3.06311549476973e-05
3.06306858210555e-05
3.06302167087832e-05
3.06297476108797e-05
3.06292785273443e-05
3.06288094581764e-05
3.06283404033752e-05
3.06278713629403e-05
3.06274023368708e-05
3.06269333251662e-05
3.06264643278257e-05
3.06259953448487e-05
3.06255263762346e-05
3.06250574219827e-05
3.06245884820923e-05
3.06241195565627e-05
3.06236506453934e-05
3.06231817485837e-05
3.06227128661328e-05
3.06222439980402e-05
3.06217751443051e-05
3.0621306304927e-05
3.06208374799051e-05
3.06203686692388e-05
3.06198998729274e-05
3.06194310909703e-05
3.06189623233669e-05
3.06184935701163e-05
3.06180248312181e-05
3.06175561066716e-05
3.0617087396476e-05
3.06166187006307e-05
3.06161500191351e-05
3.06156813519885e-05
3.06152126991902e-05
3.06147440607397e-05
3.06142754366361e-05
3.06138068268789e-05
3.06133382314675e-05
3.0612869650401e-05
3.0612401083679e-05
3.06119325313007e-05
3.06114639932655e-05
3.06109954695727e-05
3.06105269602216e-05
3.06100584652117e-05
3.06095899845422e-05
3.06091215182124e-05
3.06086530662218e-05
3.06081846285697e-05
3.06077162052553e-05
3.06072477962782e-05
3.06067794016375e-05
3.06063110213326e-05
3.06058426553629e-05
3.06053743037277e-05
3.06049059664264e-05
3.06044376434583e-05
3.06039693348227e-05
3.0603501040519e-05
3.06030327605466e-05
3.06025644949047e-05
3.06020962435927e-05
3.060162800661e-05
3.06011597839558e-05
3.06006915756296e-05
3.06002233816307e-05
3.05997552019584e-05
3.0599287036612e-05
3.0598818885591e-05
3.05983507488946e-05
3.05978826265222e-05
3.05974145184732e-05
3.05969464247468e-05
3.05964783453425e-05
3.05960102802595e-05
3.05955422294972e-05
3.05950741930549e-05
3.05946061709321e-05
3.05941381631279e-05
3.05936701696419e-05
3.05932021904733e-05
3.05927342256214e-05
3.05922662750857e-05
3.05917983388654e-05
3.05913304169598e-05
3.05908625093685e-05
3.05903946160905e-05
3.05899267371255e-05
3.05894588724725e-05
3.05889910221311e-05
3.05885231861006e-05
3.05880553643802e-05
3.05875875569694e-05
3.05871197638674e-05
3.05866519850737e-05
3.05861842205876e-05
3.05857164704083e-05
3.05852487345353e-05
3.05847810129679e-05
3.05843133057055e-05
3.05838456127473e-05
3.05833779340928e-05
3.05829102697413e-05
3.0582442619692e-05
3.05819749839445e-05
3.05815073624979e-05
3.05810397553517e-05
3.05805721625052e-05
3.05801045839577e-05
3.05796370197086e-05
3.05791694697572e-05
3.05787019341029e-05
3.0578234412745e-05
3.05777669056829e-05
3.05772994129158e-05
3.05768319344433e-05
3.05763644702645e-05
3.05758970203788e-05
3.05754295847857e-05
3.05749621634843e-05
3.05744947564741e-05
3.05740273637545e-05
3.05735599853247e-05
3.05730926211841e-05
3.05726252713321e-05
3.05721579357679e-05
3.0571690614491e-05
3.05712233075006e-05
3.05707560147962e-05
3.05702887363771e-05
3.05698214722426e-05
3.05693542223921e-05
3.05688869868248e-05
3.05684197655402e-05
3.05679525585376e-05
3.05674853658164e-05
3.05670181873758e-05
3.05665510232153e-05
3.05660838733341e-05
3.05656167377317e-05
3.05651496164074e-05
3.05646825093604e-05
3.05642154165903e-05
3.05637483380962e-05
3.05632812738776e-05
3.05628142239337e-05
3.05623471882641e-05
3.05618801668679e-05
3.05614131597445e-05
3.05609461668933e-05
3.05604791883137e-05
3.05600122240049e-05
3.05595452739663e-05
3.05590783381973e-05
3.05586114166972e-05
3.05581445094654e-05
3.05576776165011e-05
3.05572107378039e-05
3.05567438733729e-05
3.05562770232075e-05
3.05558101873071e-05
3.05553433656711e-05
3.05548765582987e-05
3.05544097651894e-05
3.05539429863424e-05
3.05534762217571e-05
3.05530094714329e-05
3.05525427353692e-05
3.05520760135651e-05
3.05516093060202e-05
3.05511426127337e-05
3.0550675933705e-05
3.05502092689335e-05
3.05497426184184e-05
3.05492759821592e-05
3.05488093601552e-05
3.05483427524057e-05
3.054787615891e-05
3.05474095796676e-05
3.05469430146778e-05
3.05464764639399e-05
3.05460099274532e-05
3.05455434052172e-05
3.05450768972311e-05
3.05446104034943e-05
3.05441439240062e-05
3.0543677458766e-05
3.05432110077732e-05
3.05427445710272e-05
3.05422781485271e-05
3.05418117402724e-05
3.05413453462625e-05
3.05408789664967e-05
3.05404126009742e-05
3.05399462496946e-05
3.05394799126571e-05
3.0539013589861e-05
3.05385472813058e-05
3.05380809869908e-05
3.05376147069152e-05
3.05371484410786e-05
3.05366821894801e-05
3.05362159521192e-05
3.05357497289952e-05
3.05352835201075e-05
3.05348173254554e-05
3.05343511450382e-05
3.05338849788553e-05
3.0533418826906e-05
3.05329526891898e-05
3.05324865657059e-05
3.05320204564537e-05
3.05315543614325e-05
3.05310882806418e-05
3.05306222140807e-05
3.05301561617488e-05
3.05296901236452e-05
3.05292240997695e-05
3.05287580901209e-05
3.05282920946988e-05
3.05278261135025e-05
3.05273601465313e-05
3.05268941937847e-05
3.0526428255262e-05
3.05259623309625e-05
3.05254964208855e-05
3.05250305250305e-05
3.05245646433968e-05
3.05240987759836e-05
3.05236329227905e-05
3.05231670838166e-05
3.05227012590614e-05
3.05222354485242e-05
3.05217696522044e-05
3.05213038701013e-05
3.05208381022143e-05
3.05203723485427e-05
3.05199066090858e-05
3.0519440883843e-05
3.05189751728137e-05
3.05185094759972e-05
3.05180437933928e-05
3.0517578125e-05
3.0517112470818e-05
3.05166468308462e-05
3.0516181205084e-05
3.05157155935307e-05
3.05152499961856e-05
3.05147844130481e-05
3.05143188441176e-05
3.05138532893934e-05
3.05133877488748e-05
3.05129222225613e-05
3.0512456710452e-05
3.05119912125465e-05
3.05115257288441e-05
3.0511060259344e-05
3.05105948040457e-05
3.05101293629485e-05
3.05096639360517e-05
3.05091985233548e-05
3.0508733124857e-05
3.05082677405577e-05
3.05078023704562e-05
3.0507337014552e-05
3.05068716728443e-05
3.05064063453325e-05
3.0505941032016e-05
3.05054757328941e-05
3.05050104479661e-05
3.05045451772314e-05
3.05040799206894e-05
3.05036146783394e-05
3.05031494501807e-05
3.05026842362128e-05
3.05022190364349e-05
3.05017538508464e-05
3.05012886794467e-05
3.05008235222351e-05
3.0500358379211e-05
3.04998932503736e-05
3.04994281357225e-05
3.04989630352568e-05
3.0498497948976e-05
3.04980328768794e-05
3.04975678189664e-05
3.04971027752364e-05
3.04966377456885e-05
3.04961727303223e-05
3.04957077291371e-05
3.04952427421322e-05
3.0494777769307e-05
3.04943128106608e-05
3.0493847866193e-05
3.04933829359029e-05
3.04929180197899e-05
3.04924531178533e-05
3.04919882300925e-05
3.04915233565069e-05
3.04910584970957e-05
3.04905936518584e-05
3.04901288207943e-05
3.04896640039027e-05
3.0489199201183e-05
3.04887344126345e-05
3.04882696382567e-05
3.04878048780488e-05
3.04873401320102e-05
3.04868754001402e-05
3.04864106824383e-05
3.04859459789037e-05
3.04854812895359e-05
3.04850166143341e-05
3.04845519532977e-05
3.0484087306426e-05
3.04836226737185e-05
3.04831580551745e-05
3.04826934507933e-05
3.04822288605743e-05
3.04817642845168e-05
3.04812997226202e-05
3.04808351748838e-05
3.0480370641307e-05
3.04799061218891e-05
3.04794416166296e-05
3.04789771255277e-05
3.04785126485827e-05
3.04780481857942e-05
3.04775837371613e-05
3.04771193026835e-05
3.04766548823601e-05
3.04761904761905e-05
3.0475726084174e-05
3.04752617063099e-05
3.04747973425977e-05
3.04743329930366e-05
3.04738686576261e-05
3.04734043363654e-05
3.0472940029254e-05
3.04724757362912e-05
3.04720114574763e-05
3.04715471928087e-05
3.04710829422878e-05
3.04706187059128e-05
3.04701544836832e-05
3.04696902755983e-05
3.04692260816575e-05
3.04687619018601e-05
3.04682977362055e-05
3.0467833584693e-05
3.04673694473219e-05
3.04669053240917e-05
3.04664412150017e-05
3.04659771200512e-05
3.04655130392396e-05
3.04650489725662e-05
3.04645849200305e-05
3.04641208816317e-05
3.04636568573692e-05
3.04631928472423e-05
3.04627288512505e-05
3.0462264869393e-05
3.04618009016693e-05
3.04613369480787e-05
3.04608730086204e-05
3.0460409083294e-05
3.04599451720987e-05
3.04594812750339e-05
3.04590173920989e-05
3.04585535232932e-05
3.0458089668616e-05
3.04576258280667e-05
3.04571620016447e-05
3.04566981893493e-05
3.04562343911799e-05
3.04557706071358e-05
3.04553068372164e-05
3.0454843081421e-05
3.04543793397491e-05
3.04539156121998e-05
3.04534518987727e-05
3.04529881994671e-05
3.04525245142822e-05
3.04520608432176e-05
3.04515971862724e-05
3.04511335434462e-05
3.04506699147381e-05
3.04502063001477e-05
3.04497426996742e-05
3.0449279113317e-05
3.04488155410755e-05
3.04483519829489e-05
3.04478884389368e-05
3.04474249090383e-05
3.0446961393253e-05
3.044649789158e-05
3.04460344040189e-05
3.04455709305689e-05
3.04451074712294e-05
3.04446440259997e-05
3.04441805948793e-05
3.04437171778674e-05
3.04432537749635e-05
3.04427903861668e-05
3.04423270114768e-05
3.04418636508927e-05
3.0441400304414e-05
3.044093697204e-05
3.04404736537701e-05
3.04400103496035e-05
3.04395470595398e-05
3.04390837835781e-05
3.0438620521718e-05
3.04381572739586e-05
3.04376940402995e-05
3.04372308207399e-05
3.04367676152793e-05
3.04363044239168e-05
3.04358412466521e-05
3.04353780834842e-05
3.04349149344128e-05
3.0434451799437e-05
3.04339886785562e-05
3.04335255717699e-05
3.04330624790773e-05
3.04325994004778e-05
3.04321363359708e-05
3.04316732855556e-05
3.04312102492316e-05
3.04307472269982e-05
3.04302842188546e-05
3.04298212248003e-05
3.04293582448346e-05
3.04288952789569e-05
3.04284323271665e-05
3.04279693894628e-05
3.04275064658451e-05
3.04270435563129e-05
3.04265806608653e-05
3.04261177795019e-05
3.0425654912222e-05
3.04251920590249e-05
3.04247292199099e-05
3.04242663948766e-05
3.04238035839241e-05
3.04233407870518e-05
3.04228780042592e-05
3.04224152355456e-05
3.04219524809102e-05
3.04214897403526e-05
3.0421027013872e-05
3.04205643014678e-05
3.04201016031394e-05
3.0419638918886e-05
3.04191762487072e-05
3.04187135926022e-05
3.04182509505703e-05
3.04177883226111e-05
3.04173257087237e-05
3.04168631089076e-05
3.04164005231621e-05
3.04159379514866e-05
3.04154753938804e-05
3.04150128503429e-05
3.04145503208735e-05
3.04140878054715e-05
3.04136253041363e-05
3.04131628168671e-05
3.04127003436635e-05
3.04122378845247e-05
3.04117754394502e-05
3.04113130084391e-05
3.0410850591491e-05
3.04103881886052e-05
3.0409925799781e-05
3.04094634250179e-05
3.0409001064315e-05
3.04085387176719e-05
3.04080763850879e-05
3.04076140665623e-05
3.04071517620944e-05
3.04066894716838e-05
3.04062271953296e-05
3.04057649330313e-05
3.04053026847882e-05
3.04048404505997e-05
3.04043782304652e-05
3.04039160243839e-05
3.04034538323554e-05
3.04029916543788e-05
3.04025294904536e-05
3.04020673405792e-05
3.04016052047548e-05
3.04011430829799e-05
3.04006809752538e-05
3.04002188815759e-05
3.03997568019456e-05
3.03992947363621e-05
3.03988326848249e-05
3.03983706473333e-05
3.03979086238867e-05
3.03974466144844e-05
3.03969846191258e-05
3.03965226378102e-05
3.03960606705371e-05
3.03955987173057e-05
3.03951367781155e-05
3.03946748529658e-05
3.03942129418559e-05
3.03937510447852e-05
3.03932891617531e-05
3.03928272927589e-05
3.0392365437802e-05
3.03919035968818e-05
3.03914417699976e-05
3.03909799571487e-05
3.03905181583346e-05
3.03900563735546e-05
3.0389594602808e-05
3.03891328460942e-05
3.03886711034126e-05
3.03882093747626e-05
3.03877476601434e-05
3.03872859595545e-05
3.03868242729952e-05
3.03863626004649e-05
3.03859009419629e-05
3.03854392974886e-05
3.03849776670414e-05
3.03845160506206e-05
3.03840544482256e-05
3.03835928598557e-05
3.03831312855103e-05
3.03826697251888e-05
3.03822081788904e-05
3.03817466466147e-05
3.03812851283609e-05
3.03808236241284e-05
3.03803621339166e-05
3.03799006577248e-05
3.03794391955524e-05
3.03789777473988e-05
3.03785163132633e-05
3.03780548931452e-05
3.0377593487044e-05
3.03771320949589e-05
3.03766707168894e-05
3.03762093528349e-05
3.03757480027946e-05
3.03752866667679e-05
3.03748253447543e-05
3.0374364036753e-05
3.03739027427634e-05
3.03734414627849e-05
3.03729801968169e-05
3.03725189448587e-05
3.03720577069096e-05
3.03715964829691e-05
3.03711352730365e-05
3.03706740771111e-05
3.03702128951924e-05
3.03697517272796e-05
3.03692905733722e-05
3.03688294334695e-05
3.03683683075708e-05
3.03679071956756e-05
3.03674460977832e-05
3.03669850138929e-05
3.03665239440041e-05
3.03660628881162e-05
3.03656018462286e-05
3.03651408183405e-05
3.03646798044515e-05
3.03642188045607e-05
3.03637578186676e-05
3.03632968467716e-05
3.0362835888872e-05
3.03623749449682e-05
3.03619140150595e-05
3.03614530991453e-05
3.0360992197225e-05
3.03605313092979e-05
3.03600704353634e-05
3.03596095754209e-05
3.03591487294696e-05
3.03586878975091e-05
3.03582270795386e-05
3.03577662755574e-05
3.03573054855651e-05
3.03568447095609e-05
3.03563839475442e-05
3.03559231995143e-05
3.03554624654707e-05
3.03550017454126e-05
3.03545410393395e-05
3.03540803472507e-05
3.03536196691455e-05
3.03531590050234e-05
3.03526983548837e-05
3.03522377187258e-05
3.0351777096549e-05
3.03513164883527e-05
3.03508558941362e-05
3.0350395313899e-05
3.03499347476403e-05
3.03494741953596e-05
3.03490136570561e-05
3.03485531327294e-05
3.03480926223787e-05
3.03476321260034e-05
3.03471716436028e-05
3.03467111751764e-05
3.03462507207235e-05
3.03457902802434e-05
3.03453298537355e-05
3.03448694411992e-05
3.03444090426339e-05
3.03439486580389e-05
3.03434882874135e-05
3.03430279307572e-05
3.03425675880693e-05
3.03421072593492e-05
3.03416469445962e-05
3.03411866438096e-05
3.0340726356989e-05
3.03402660841336e-05
3.03398058252427e-05
3.03393455803158e-05
3.03388853493523e-05
3.03384251323514e-05
3.03379649293125e-05
3.03375047402351e-05
3.03370445651185e-05
3.0336584403962e-05
3.0336124256765e-05
3.03356641235268e-05
3.03352040042469e-05
3.03347438989246e-05
3.03342838075593e-05
3.03338237301503e-05
3.0333363666697e-05
3.03329036171988e-05
3.03324435816549e-05
3.03319835600649e-05
3.0331523552428e-05
3.03310635587437e-05
3.03306035790112e-05
3.033014361323e-05
3.03296836613994e-05
3.03292237235188e-05
3.03287637995875e-05
3.0328303889605e-05
3.03278439935705e-05
3.03273841114835e-05
3.03269242433432e-05
3.03264643891492e-05
3.03260045489007e-05
3.03255447225971e-05
3.03250849102377e-05
3.03246251118221e-05
3.03241653273494e-05
3.0323705556819e-05
3.03232458002305e-05
3.0322786057583e-05
3.0322326328876e-05
3.03218666141088e-05
3.03214069132808e-05
3.03209472263914e-05
3.03204875534399e-05
3.03200278944257e-05
3.03195682493481e-05
3.03191086182066e-05
3.03186490010005e-05
3.03181893977292e-05
3.03177298083919e-05
3.03172702329882e-05
3.03168106715174e-05
3.03163511239787e-05
3.03158915903717e-05
3.03154320706956e-05
3.03149725649498e-05
3.03145130731338e-05
3.03140535952468e-05
3.03135941312882e-05
3.03131346812574e-05
3.03126752451538e-05
3.03122158229767e-05
3.03117564147255e-05
3.03112970203995e-05
3.03108376399982e-05
3.03103782735209e-05
3.03099189209669e-05
3.03094595823356e-05
3.03090002576265e-05
3.03085409468388e-05
3.0308081649972e-05
3.03076223670253e-05
3.03071630979982e-05
3.030670384289e-05
3.03062446017002e-05
3.0305785374428e-05
3.03053261610728e-05
3.0304866961634e-05
3.0304407776111e-05
3.03039486045032e-05
3.03034894468098e-05
3.03030303030303e-05
3.0302571173164e-05
3.03021120572104e-05
3.03016529551687e-05
3.03011938670384e-05
3.03007347928187e-05
3.03002757325092e-05
3.0299816686109e-05
3.02993576536177e-05
3.02988986350346e-05
3.0298439630359e-05
3.02979806395904e-05
3.0297521662728e-05
3.02970626997713e-05
3.02966037507195e-05
3.02961448155722e-05
3.02956858943286e-05
3.02952269869882e-05
3.02947680935502e-05
3.02943092140141e-05
3.02938503483793e-05
3.0293391496645e-05
3.02929326588107e-05
3.02924738348757e-05
3.02920150248395e-05
3.02915562287012e-05
3.02910974464605e-05
3.02906386781165e-05
3.02901799236687e-05
3.02897211831165e-05
3.02892624564592e-05
3.02888037436961e-05
3.02883450448268e-05
3.02878863598504e-05
3.02874276887664e-05
3.02869690315742e-05
3.02865103882731e-05
3.02860517588625e-05
3.02855931433417e-05
3.02851345417102e-05
3.02846759539673e-05
3.02842173801124e-05
3.02837588201448e-05
3.02833002740639e-05
3.02828417418691e-05
3.02823832235597e-05
3.02819247191351e-05
3.02814662285948e-05
3.0281007751938e-05
3.02805492891641e-05
3.02800908402725e-05
3.02796324052626e-05
3.02791739841337e-05
3.02787155768852e-05
3.02782571835165e-05
3.02777988040269e-05
3.02773404384159e-05
3.02768820866827e-05
3.02764237488268e-05
3.02759654248475e-05
3.02755071147442e-05
3.02750488185162e-05
3.0274590536163e-05
3.02741322676839e-05
3.02736740130782e-05
3.02732157723454e-05
3.02727575454848e-05
3.02722993324958e-05
3.02718411333777e-05
3.027138294813e-05
3.02709247767519e-05
3.02704666192429e-05
3.02700084756024e-05
3.02695503458296e-05
3.0269092229924e-05
3.0268634127885e-05
3.02681760397118e-05
3.0267717965404e-05
3.02672599049608e-05
3.02668018583816e-05
3.02663438256659e-05
3.02658858068129e-05
3.0265427801822e-05
3.02649698106926e-05
3.02645118334241e-05
3.02640538700159e-05
3.02635959204673e-05
3.02631379847776e-05
3.02626800629464e-05
3.02622221549728e-05
3.02617642608564e-05
3.02613063805965e-05
3.02608485141923e-05
3.02603906616434e-05
3.02599328229491e-05
3.02594749981088e-05
3.02590171871218e-05
3.02585593899874e-05
3.02581016067052e-05
3.02576438372744e-05
3.02571860816944e-05
3.02567283399646e-05
3.02562706120844e-05
3.0255812898053e-05
3.025535519787e-05
3.02548975115347e-05
3.02544398390464e-05
3.02539821804045e-05
3.02535245356084e-05
3.02530669046575e-05
3.02526092875511e-05
3.02521516842885e-05
3.02516940948693e-05
3.02512365192927e-05
3.02507789575582e-05
3.0250321409665e-05
3.02498638756126e-05
3.02494063554003e-05
3.02489488490275e-05
3.02484913564936e-05
3.02480338777979e-05
3.02475764129399e-05
3.02471189619189e-05
3.02466615247342e-05
3.02462041013853e-05
3.02457466918715e-05
3.02452892961921e-05
3.02448319143466e-05
3.02443745463344e-05
3.02439171921547e-05
3.0243459851807e-05
3.02430025252907e-05
3.02425452126051e-05
3.02420879137496e-05
3.02416306287235e-05
3.02411733575263e-05
3.02407161001573e-05
3.02402588566158e-05
3.02398016269013e-05
3.02393444110132e-05
3.02388872089507e-05
3.02384300207133e-05
3.02379728463004e-05
3.02375156857113e-05
3.02370585389453e-05
3.0236601406002e-05
3.02361442868805e-05
3.02356871815804e-05
3.0235230090101e-05
3.02347730124416e-05
3.02343159486017e-05
3.02338588985805e-05
3.02334018623776e-05
3.02329448399921e-05
3.02324878314236e-05
3.02320308366715e-05
3.02315738557349e-05
3.02311168886134e-05
3.02306599353064e-05
3.02302029958131e-05
3.0229746070133e-05
3.02292891582654e-05
3.02288322602098e-05
3.02283753759654e-05
3.02279185055317e-05
3.0227461648908e-05
3.02270048060938e-05
3.02265479770883e-05
3.02260911618909e-05
3.02256343605011e-05
3.02251775729182e-05
3.02247207991416e-05
3.02242640391706e-05
3.02238072930047e-05
3.02233505606432e-05
3.02228938420854e-05
3.02224371373308e-05
3.02219804463787e-05
3.02215237692284e-05
3.02210671058795e-05
3.02206104563312e-05
3.02201538205829e-05
3.02196971986341e-05
3.0219240590484e-05
3.0218783996132e-05
3.02183274155775e-05
3.021787084882e-05
3.02174142958587e-05
3.02169577566931e-05
3.02165012313224e-05
3.02160447197462e-05
3.02155882219637e-05
3.02151317379744e-05
3.02146752677776e-05
3.02142188113726e-05
3.0213762368759e-05
3.02133059399359e-05
3.02128495249029e-05
3.02123931236593e-05
3.02119367362045e-05
3.02114803625378e-05
3.02110240026586e-05
3.02105676565663e-05
3.02101113242602e-05
3.02096550057398e-05
3.02091987010045e-05
3.02087424100535e-05
3.02082861328863e-05
3.02078298695022e-05
3.02073736199006e-05
3.0206917384081e-05
3.02064611620426e-05
3.02060049537848e-05
3.02055487593071e-05
3.02050925786088e-05
3.02046364116892e-05
3.02041802585478e-05
3.02037241191839e-05
3.02032679935969e-05
3.02028118817862e-05
3.02023557837511e-05
3.02018996994911e-05
3.02014436290055e-05
3.02009875722936e-05
3.02005315293549e-05
3.02000755001888e-05
3.01996194847945e-05
3.01991634831715e-05
3.01987074953192e-05
3.01982515212369e-05
3.01977955609241e-05
3.019733961438e-05
3.01968836816041e-05
3.01964277625957e-05
3.01959718573542e-05
3.01955159658791e-05
3.01950600881696e-05
3.01946042242251e-05
3.01941483740451e-05
3.01936925376289e-05
3.01932367149758e-05
3.01927809060854e-05
3.01923251109568e-05
3.01918693295895e-05
3.0191413561983e-05
3.01909578081365e-05
3.01905020680494e-05
3.01900463417211e-05
3.01895906291511e-05
3.01891349303386e-05
3.0188679245283e-05
3.01882235739838e-05
3.01877679164403e-05
3.01873122726518e-05
3.01868566426178e-05
3.01864010263376e-05
3.01859454238107e-05
3.01854898350363e-05
3.01850342600139e-05
3.01845786987428e-05
3.01841231512225e-05
3.01836676174522e-05
3.01832120974314e-05
3.01827565911595e-05
3.01823010986358e-05
3.01818456198597e-05
3.01813901548305e-05
3.01809347035478e-05
3.01804792660107e-05
3.01800238422188e-05
3.01795684321714e-05
3.01791130358679e-05
3.01786576533076e-05
3.01782022844899e-05
3.01777469294143e-05
3.017729158808e-05
3.01768362604865e-05
3.01763809466331e-05
3.01759256465192e-05
3.01754703601442e-05
3.01750150875075e-05
3.01745598286085e-05
3.01741045834465e-05
3.01736493520209e-05
3.01731941343311e-05
3.01727389303764e-05
3.01722837401563e-05
3.01718285636701e-05
3.01713734009172e-05
3.0170918251897e-05
3.01704631166088e-05
3.01700079950521e-05
3.01695528872262e-05
3.01690977931305e-05
3.01686427127644e-05
3.01681876461272e-05
3.01677325932183e-05
3.01672775540371e-05
3.01668225285831e-05
3.01663675168555e-05
3.01659125188537e-05
3.01654575345772e-05
3.01650025640252e-05
3.01645476071973e-05
3.01640926640927e-05
3.01636377347108e-05
3.01631828190511e-05
3.01627279171128e-05
3.01622730288955e-05
3.01618181543983e-05
3.01613632936209e-05
3.01609084465624e-05
3.01604536132223e-05
3.01599987936e-05
3.01595439876949e-05
3.01590891955063e-05
3.01586344170336e-05
3.01581796522762e-05
3.01577249012335e-05
3.01572701639048e-05
3.01568154402895e-05
3.01563607303871e-05
3.01559060341968e-05
3.01554513517181e-05
3.01549966829504e-05
3.01545420278929e-05
3.01540873865452e-05
3.01536327589066e-05
3.01531781449765e-05
3.01527235447542e-05
3.01522689582391e-05
3.01518143854306e-05
3.01513598263282e-05
3.01509052809311e-05
3.01504507492387e-05
3.01499962312505e-05
3.01495417269658e-05
3.01490872363839e-05
3.01486327595044e-05
3.01481782963264e-05
3.01477238468496e-05
3.01472694110731e-05
3.01468149889964e-05
3.01463605806189e-05
3.01459061859399e-05
3.01454518049589e-05
3.01449974376752e-05
3.01445430840882e-05
3.01440887441973e-05
3.01436344180018e-05
3.01431801055011e-05
3.01427258066947e-05
3.01422715215819e-05
3.0141817250162e-05
3.01413629924345e-05
3.01409087483988e-05
3.01404545180541e-05
3.01400003014e-05
3.01395460984358e-05
3.01390919091608e-05
3.01386377335744e-05
3.01381835716761e-05
3.01377294234652e-05
3.01372752889411e-05
3.01368211681032e-05
3.01363670609508e-05
3.01359129674833e-05
3.01354588877002e-05
3.01350048216008e-05
3.01345507691844e-05
3.01340967304505e-05
3.01336427053984e-05
3.01331886940276e-05
3.01327346963374e-05
3.01322807123271e-05
3.01318267419962e-05
3.01313727853441e-05
3.01309188423701e-05
3.01304649130736e-05
3.0130010997454e-05
3.01295570955107e-05
3.0129103207243e-05
3.01286493326504e-05
3.01281954717322e-05
3.01277416244878e-05
3.01272877909166e-05
3.0126833971018e-05
3.01263801647913e-05
3.01259263722359e-05
3.01254725933513e-05
3.01250188281368e-05
3.01245650765917e-05
3.01241113387155e-05
3.01236576145076e-05
3.01232039039672e-05
3.01227502070939e-05
3.0122296523887e-05
3.01218428543458e-05
3.01213891984698e-05
3.01209355562584e-05
3.01204819277108e-05
3.01200283128266e-05
3.01195747116051e-05
3.01191211240456e-05
3.01186675501476e-05
3.01182139899104e-05
3.01177604433334e-05
3.01173069104161e-05
3.01168533911577e-05
3.01163998855577e-05
3.01159463936154e-05
3.01154929153303e-05
3.01150394507017e-05
3.0114585999729e-05
3.01141325624115e-05
3.01136791387488e-05
3.01132257287401e-05
3.01127723323848e-05
3.01123189496823e-05
3.0111865580632e-05
3.01114122252334e-05
3.01109588834856e-05
3.01105055553883e-05
3.01100522409406e-05
3.01095989401421e-05
3.01091456529921e-05
3.010869237949e-05
3.01082391196351e-05
3.01077858734269e-05
3.01073326408647e-05
3.01068794219479e-05
3.01064262166759e-05
3.01059730250482e-05
3.0105519847064e-05
3.01050666827227e-05
3.01046135320238e-05
3.01041603949666e-05
3.01037072715505e-05
3.01032541617749e-05
3.01028010656392e-05
3.01023479831427e-05
3.01018949142849e-05
3.0101441859065e-05
3.01009888174827e-05
3.01005357895371e-05
3.01000827752276e-05
3.00996297745538e-05
3.00991767875149e-05
3.00987238141103e-05
3.00982708543394e-05
3.00978179082017e-05
3.00973649756964e-05
3.0096912056823e-05
3.00964591515808e-05
3.00960062599693e-05
3.00955533819878e-05
3.00951005176357e-05
3.00946476669124e-05
3.00941948298173e-05
3.00937420063498e-05
3.00932891965092e-05
3.00928364002949e-05
3.00923836177064e-05
3.00919308487429e-05
3.00914780934039e-05
3.00910253516889e-05
3.0090572623597e-05
3.00901199091278e-05
3.00896672082807e-05
3.00892145210549e-05
3.008876184745e-05
3.00883091874652e-05
3.00878565411e-05
3.00874039083538e-05
3.00869512892259e-05
3.00864986837157e-05
3.00860460918226e-05
3.0085593513546e-05
3.00851409488853e-05
3.00846883978399e-05
3.00842358604091e-05
3.00837833365924e-05
3.00833308263891e-05
3.00828783297986e-05
3.00824258468203e-05
3.00819733774536e-05
3.00815209216978e-05
3.00810684795524e-05
3.00806160510167e-05
3.00801636360902e-05
3.00797112347721e-05
3.0079258847062e-05
3.00788064729592e-05
3.0078354112463e-05
3.00779017655728e-05
3.00774494322881e-05
3.00769971126083e-05
3.00765448065326e-05
3.00760925140606e-05
3.00756402351915e-05
3.00751879699248e-05
3.00747357182599e-05
3.00742834801961e-05
3.00738312557328e-05
3.00733790448695e-05
3.00729268476054e-05
3.00724746639401e-05
3.00720224938728e-05
3.0071570337403e-05
3.00711181945301e-05
3.00706660652533e-05
3.00702139495722e-05
3.00697618474862e-05
3.00693097589945e-05
3.00688576840966e-05
3.00684056227919e-05
3.00679535750797e-05
3.00675015409595e-05
3.00670495204306e-05
3.00665975134924e-05
3.00661455201443e-05
3.00656935403857e-05
3.0065241574216e-05
3.00647896216346e-05
3.00643376826409e-05
3.00638857572341e-05
3.00634338454138e-05
3.00629819471793e-05
3.00625300625301e-05
3.00620781914654e-05
3.00616263339847e-05
3.00611744900873e-05
3.00607226597727e-05
3.00602708430403e-05
3.00598190398894e-05
3.00593672503194e-05
3.00589154743297e-05
3.00584637119197e-05
3.00580119630888e-05
3.00575602278363e-05
3.00571085061617e-05
3.00566567980644e-05
3.00562051035436e-05
3.00557534225989e-05
3.00553017552296e-05
3.00548501014351e-05
3.00543984612148e-05
3.00539468345681e-05
3.00534952214943e-05
3.00530436219928e-05
3.00525920360631e-05
3.00521404637045e-05
3.00516889049165e-05
3.00512373596983e-05
3.00507858280494e-05
3.00503343099692e-05
3.00498828054571e-05
3.00494313145124e-05
3.00489798371345e-05
3.00485283733229e-05
3.00480769230769e-05
3.00476254863959e-05
3.00471740632793e-05
3.00467226537265e-05
3.00462712577369e-05
3.00458198753098e-05
3.00453685064447e-05
3.0044917151141e-05
3.00444658093979e-05
3.0044014481215e-05
3.00435631665916e-05
3.0043111865527e-05
3.00426605780208e-05
3.00422093040722e-05
3.00417580436807e-05
3.00413067968457e-05
3.00408555635664e-05
3.00404043438425e-05
3.00399531376731e-05
3.00395019450578e-05
3.00390507659958e-05
3.00385996004866e-05
3.00381484485296e-05
3.00376973101242e-05
3.00372461852697e-05
3.00367950739656e-05
3.00363439762112e-05
3.00358928920059e-05
3.00354418213492e-05
3.00349907642403e-05
3.00345397206788e-05
3.00340886906639e-05
3.00336376741951e-05
3.00331866712718e-05
3.00327356818933e-05
3.0032284706059e-05
3.00318337437684e-05
3.00313827950208e-05
3.00309318598156e-05
3.00304809381522e-05
3.003003003003e-05
3.00295791354484e-05
3.00291282544068e-05
3.00286773869045e-05
3.0028226532941e-05
3.00277756925156e-05
3.00273248656277e-05
3.00268740522768e-05
3.00264232524622e-05
3.00259724661832e-05
3.00255216934394e-05
3.00250709342301e-05
3.00246201885546e-05
3.00241694564124e-05
3.00237187378029e-05
3.00232680327254e-05
3.00228173411793e-05
3.00223666631641e-05
3.0021915998679e-05
3.00214653477236e-05
3.00210147102972e-05
3.00205640863992e-05
3.00201134760289e-05
3.00196628791859e-05
3.00192122958694e-05
3.00187617260788e-05
3.00183111698136e-05
3.00178606270731e-05
3.00174100978568e-05
3.00169595821639e-05
3.0016509079994e-05
3.00160585913464e-05
3.00156081162204e-05
3.00151576546156e-05
3.00147072065312e-05
3.00142567719667e-05
3.00138063509214e-05
3.00133559433948e-05
3.00129055493862e-05
3.00124551688951e-05
3.00120048019208e-05
3.00115544484627e-05
3.00111041085202e-05
3.00106537820926e-05
3.00102034691795e-05
3.00097531697802e-05
3.0009302883894e-05
3.00088526115204e-05
3.00084023526587e-05
3.00079521073084e-05
3.00075018754689e-05
3.00070516571394e-05
3.00066014523195e-05
3.00061512610085e-05
3.00057010832058e-05
3.00052509189108e-05
3.00048007681229e-05
3.00043506308415e-05
3.00039005070659e-05
3.00034503967956e-05
3.000300030003e-05
3.00025502167684e-05
3.00021001470103e-05
3.0001650090755e-05
3.00012000480019e-05
3.00007500187505e-05
3.0000300003e-05
2.999985000075e-05
2.99994000119998e-05
2.99989500367487e-05
2.99985000749963e-05
2.99980501267418e-05
2.99976001919846e-05
2.99971502707243e-05
2.99967003629601e-05
2.99962504686914e-05
2.99958005879177e-05
2.99953507206383e-05
2.99949008668526e-05
2.99944510265601e-05
2.999400119976e-05
2.99935513864519e-05
2.99931015866351e-05
2.99926518003089e-05
2.99922020274729e-05
2.99917522681263e-05
2.99913025222685e-05
2.99908527898991e-05
2.99904030710173e-05
2.99899533656225e-05
2.99895036737142e-05
2.99890539952917e-05
2.99886043303545e-05
2.99881546789018e-05
2.99877050409332e-05
2.9987255416448e-05
2.99868058054456e-05
2.99863562079254e-05
2.99859066238868e-05
2.99854570533291e-05
2.99850074962519e-05
2.99845579526544e-05
2.99841084225361e-05
2.99836589058963e-05
2.99832094027345e-05
2.998275991305e-05
2.99823104368423e-05
2.99818609741107e-05
2.99814115248546e-05
2.99809620890734e-05
2.99805126667666e-05
2.99800632579335e-05
2.99796138625734e-05
2.99791644806859e-05
2.99787151122703e-05
2.99782657573259e-05
2.99778164158523e-05
2.99773670878487e-05
2.99769177733145e-05
2.99764684722493e-05
2.99760191846523e-05
2.99755699105229e-05
2.99751206498606e-05
2.99746714026647e-05
2.99742221689347e-05
2.99737729486699e-05
2.99733237418697e-05
2.99728745485336e-05
2.99724253686608e-05
2.99719762022509e-05
2.99715270493032e-05
2.9971077909817e-05
2.99706287837919e-05
2.99701796712271e-05
2.99697305721222e-05
2.99692814864764e-05
2.99688324142891e-05
2.99683833555599e-05
2.9967934310288e-05
2.99674852784729e-05
2.99670362601139e-05
2.99665872552104e-05
2.99661382637619e-05
2.99656892857678e-05
2.99652403212274e-05
2.99647913701401e-05
2.99643424325053e-05
2.99638935083225e-05
2.99634445975909e-05
2.99629957003101e-05
2.99625468164794e-05
2.99620979460982e-05
2.99616490891659e-05
2.99612002456818e-05
2.99607514156455e-05
2.99603025990562e-05
2.99598537959135e-05
2.99594050062166e-05
2.99589562299649e-05
2.9958507467158e-05
2.99580587177951e-05
2.99576099818756e-05
2.99571612593991e-05
2.99567125503647e-05
2.9956263854772e-05
2.99558151726204e-05
2.99553665039092e-05
2.99549178486378e-05
2.99544692068057e-05
2.99540205784121e-05
2.99535719634566e-05
2.99531233619386e-05
2.99526747738573e-05
2.99522261992123e-05
2.99517776380028e-05
2.99513290902284e-05
2.99508805558883e-05
2.99504320349821e-05
2.99499835275091e-05
2.99495350334686e-05
2.99490865528601e-05
2.99486380856831e-05
2.99481896319367e-05
2.99477411916206e-05
2.99472927647341e-05
2.99468443512765e-05
2.99463959512473e-05
2.99459475646458e-05
2.99454991914715e-05
2.99450508317238e-05
2.9944602485402e-05
2.99441541525056e-05
2.99437058330339e-05
2.99432575269864e-05
2.99428092343624e-05
2.99423609551613e-05
2.99419126893826e-05
2.99414644370256e-05
2.99410161980898e-05
2.99405679725744e-05
2.9940119760479e-05
2.9939671561803e-05
2.99392233765456e-05
2.99387752047064e-05
2.99383270462847e-05
2.99378789012798e-05
2.99374307696913e-05
2.99369826515186e-05
2.99365345467609e-05
2.99360864554177e-05
2.99356383774884e-05
2.99351903129724e-05
2.99347422618691e-05
2.99342942241779e-05
2.99338461998982e-05
2.99333981890294e-05
2.99329501915709e-05
2.9932502207522e-05
2.99320542368823e-05
2.9931606279651e-05
2.99311583358276e-05
2.99307104054115e-05
2.9930262488402e-05
2.99298145847986e-05
2.99293666946007e-05
2.99289188178077e-05
2.99284709544189e-05
2.99280231044338e-05
2.99275752678518e-05
2.99271274446722e-05
2.99266796348945e-05
2.99262318385181e-05
2.99257840555423e-05
2.99253362859665e-05
2.99248885297902e-05
2.99244407870128e-05
2.99239930576336e-05
2.99235453416521e-05
2.99230976390676e-05
2.99226499498796e-05
2.99222022740874e-05
2.99217546116904e-05
2.99213069626881e-05
2.99208593270799e-05
2.99204117048651e-05
2.99199640960431e-05
2.99195165006133e-05
2.99190689185753e-05
2.99186213499282e-05
2.99181737946716e-05
2.99177262528048e-05
2.99172787243272e-05
2.99168312092383e-05
2.99163837075374e-05
2.9915936219224e-05
2.99154887442974e-05
2.9915041282757e-05
2.99145938346022e-05
2.99141463998325e-05
2.99136989784472e-05
2.99132515704457e-05
2.99128041758275e-05
2.99123567945918e-05
2.99119094267383e-05
2.99114620722661e-05
2.99110147311748e-05
2.99105674034636e-05
2.99101200891322e-05
2.99096727881797e-05
2.99092255006057e-05
2.99087782264095e-05
2.99083309655905e-05
2.99078837181481e-05
2.99074364840818e-05
2.99069892633909e-05
2.99065420560748e-05
2.99060948621329e-05
2.99056476815647e-05
2.99052005143694e-05
2.99047533605467e-05
2.99043062200957e-05
2.9903859093016e-05
2.99034119793068e-05
2.99029648789677e-05
2.99025177919981e-05
2.99020707183972e-05
2.99016236581646e-05
2.99011766112997e-05
2.99007295778017e-05
2.99002825576702e-05
2.98998355509045e-05
2.9899388557504e-05
2.98989415774682e-05
2.98984946107963e-05
2.9898047657488e-05
2.98976007175424e-05
2.98971537909591e-05
2.98967068777374e-05
2.98962599778768e-05
2.98958130913766e-05
2.98953662182362e-05
2.9894919358455e-05
2.98944725120325e-05
2.98940256789681e-05
2.9893578859261e-05
2.98931320529108e-05
2.98926852599169e-05
2.98922384802786e-05
2.98917917139953e-05
2.98913449610665e-05
2.98908982214916e-05
2.98904514952698e-05
2.98900047824008e-05
2.98895580828837e-05
2.98891113967182e-05
2.98886647239035e-05
2.9888218064439e-05
2.98877714183242e-05
2.98873247855584e-05
2.98868781661412e-05
2.98864315600717e-05
2.98859849673496e-05
2.98855383879741e-05
2.98850918219446e-05
2.98846452692607e-05
2.98841987299216e-05
2.98837522039267e-05
2.98833056912756e-05
2.98828591919675e-05
2.98824127060019e-05
2.98819662333782e-05
2.98815197740957e-05
2.98810733281539e-05
2.98806268955523e-05
2.98801804762901e-05
2.98797340703668e-05
2.98792876777818e-05
2.98788412985344e-05
2.98783949326242e-05
2.98779485800505e-05
2.98775022408127e-05
2.98770559149101e-05
2.98766096023423e-05
2.98761633031086e-05
2.98757170172084e-05
2.98752707446411e-05
2.98748244854061e-05
2.98743782395029e-05
2.98739320069308e-05
2.98734857876891e-05
2.98730395817774e-05
2.98725933891951e-05
2.98721472099414e-05
2.9871701044016e-05
2.9871254891418e-05
2.9870808752147e-05
2.98703626262023e-05
2.98699165135833e-05
2.98694704142896e-05
2.98690243283203e-05
2.9868578255675e-05
2.98681321963531e-05
2.98676861503539e-05
2.98672401176769e-05
2.98667940983215e-05
2.9866348092287e-05
2.98659020995729e-05
2.98654561201786e-05
2.98650101541035e-05
2.98645642013469e-05
2.98641182619083e-05
2.98636723357871e-05
2.98632264229827e-05
2.98627805234945e-05
2.98623346373219e-05
2.98618887644644e-05
2.98614429049212e-05
2.98609970586918e-05
2.98605512257756e-05
2.98601054061721e-05
2.98596595998806e-05
2.98592138069005e-05
2.98587680272312e-05
2.98583222608722e-05
2.98578765078228e-05
2.98574307680824e-05
2.98569850416505e-05
2.98565393285264e-05
2.98560936287096e-05
2.98556479421995e-05
2.98552022689954e-05
2.98547566090967e-05
2.9854310962503e-05
2.98538653292135e-05
2.98534197092277e-05
2.9852974102545e-05
2.98525285091647e-05
2.98520829290864e-05
2.98516373623093e-05
2.9851191808833e-05
2.98507462686567e-05
2.985030074178e-05
2.98498552282021e-05
2.98494097279226e-05
2.98489642409408e-05
2.98485187672562e-05
2.9848073306868e-05
2.98476278597758e-05
2.9847182425979e-05
2.98467370054769e-05
2.98462915982689e-05
2.98458462043545e-05
2.98454008237331e-05
2.9844955456404e-05
2.98445101023667e-05
2.98440647616205e-05
2.9843619434165e-05
2.98431741199994e-05
2.98427288191232e-05
2.98422835315358e-05
2.98418382572366e-05
2.98413929962251e-05
2.98409477485005e-05
2.98405025140623e-05
2.984005729291e-05
2.98396120850429e-05
2.98391668904604e-05
2.9838721709162e-05
2.9838276541147e-05
2.98378313864148e-05
2.98373862449649e-05
2.98369411167967e-05
2.98364960019095e-05
2.98360509003028e-05
2.9835605811976e-05
2.98351607369285e-05
2.98347156751596e-05
2.98342706266689e-05
2.98338255914556e-05
2.98333805695192e-05
2.98329355608592e-05
2.98324905654749e-05
2.98320455833657e-05
2.9831600614531e-05
2.98311556589702e-05
2.98307107166828e-05
2.98302657876682e-05
2.98298208719257e-05
2.98293759694547e-05
2.98289310802547e-05
2.98284862043251e-05
2.98280413416653e-05
2.98275964922747e-05
2.98271516561526e-05
2.98267068332985e-05
2.98262620237119e-05
2.9825817227392e-05
2.98253724443384e-05
2.98249276745504e-05
2.98244829180274e-05
2.98240381747689e-05
2.98235934447742e-05
2.98231487280427e-05
2.98227040245739e-05
2.98222593343672e-05
2.98218146574219e-05
2.98213699937375e-05
2.98209253433134e-05
2.9820480706149e-05
2.98200360822437e-05
2.98195914715968e-05
2.98191468742079e-05
2.98187022900763e-05
2.98182577192015e-05
2.98178131615827e-05
2.98173686172195e-05
2.98169240861113e-05
2.98164795682574e-05
2.98160350636572e-05
2.98155905723103e-05
2.98151460942159e-05
2.98147016293734e-05
2.98142571777824e-05
2.98138127394422e-05
2.98133683143522e-05
2.98129239025117e-05
2.98124795039203e-05
2.98120351185774e-05
2.98115907464822e-05
2.98111463876343e-05
2.98107020420331e-05
2.98102577096779e-05
2.98098133905682e-05
2.98093690847033e-05
2.98089247920827e-05
2.98084805127059e-05
2.98080362465721e-05
2.98075919936808e-05
2.98071477540314e-05
2.98067035276234e-05
2.9806259314456e-05
2.98058151145288e-05
2.98053709278412e-05
2.98049267543925e-05
2.98044825941822e-05
2.98040384472096e-05
2.98035943134742e-05
2.98031501929754e-05
2.98027060857126e-05
2.98022619916852e-05
2.98018179108926e-05
2.98013738433342e-05
2.98009297890094e-05
2.98004857479177e-05
2.98000417200584e-05
2.9799597705431e-05
2.97991537040348e-05
2.97987097158693e-05
2.97982657409339e-05
2.97978217792279e-05
2.97973778307509e-05
2.97969338955022e-05
2.97964899734811e-05
2.97960460646872e-05
2.97956021691198e-05
2.97951582867784e-05
2.97947144176623e-05
2.9794270561771e-05
2.97938267191038e-05
2.97933828896602e-05
2.97929390734396e-05
2.97924952704414e-05
2.9792051480665e-05
2.97916077041098e-05
2.97911639407752e-05
2.97907201906606e-05
2.97902764537655e-05
2.97898327300892e-05
2.97893890196312e-05
2.97889453223909e-05
2.97885016383676e-05
2.97880579675608e-05
2.97876143099699e-05
2.97871706655943e-05
2.97867270344335e-05
2.97862834164867e-05
2.97858398117535e-05
2.97853962202332e-05
2.97849526419253e-05
2.97845090768291e-05
2.97840655249442e-05
2.97836219862697e-05
2.97831784608053e-05
2.97827349485503e-05
2.97822914495041e-05
2.97818479636661e-05
2.97814044910358e-05
2.97809610316125e-05
2.97805175853956e-05
2.97800741523846e-05
2.97796307325789e-05
2.97791873259779e-05
2.97787439325809e-05
2.97783005523875e-05
2.97778571853969e-05
2.97774138316087e-05
2.97769704910222e-05
2.97765271636369e-05
2.97760838494521e-05
2.97756405484673e-05
2.97751972606819e-05
2.97747539860952e-05
2.97743107247067e-05
2.97738674765159e-05
2.9773424241522e-05
2.97729810197246e-05
2.9772537811123e-05
2.97720946157167e-05
2.9771651433505e-05
2.97712082644874e-05
2.97707651086633e-05
2.97703219660321e-05
2.97698788365931e-05
2.97694357203459e-05
2.97689926172898e-05
2.97685495274243e-05
2.97681064507487e-05
2.97676633872624e-05
2.97672203369649e-05
2.97667772998556e-05
2.97663342759339e-05
2.97658912651992e-05
2.97654482676509e-05
2.97650052832884e-05
2.97645623121112e-05
2.97641193541186e-05
2.97636764093101e-05
2.9763233477685e-05
2.97627905592428e-05
2.97623476539829e-05
2.97619047619048e-05
2.97614618830077e-05
2.97610190172912e-05
2.97605761647546e-05
2.97601333253973e-05
2.97596904992188e-05
2.97592476862185e-05
2.97588048863958e-05
2.975836209975e-05
2.97579193262807e-05
2.97574765659872e-05
2.97570338188689e-05
2.97565910849253e-05
2.97561483641557e-05
2.97557056565596e-05
2.97552629621364e-05
2.97548202808855e-05
2.97543776128063e-05
2.97539349578982e-05
2.97534923161606e-05
2.9753049687593e-05
2.97526070721947e-05
2.97521644699652e-05
2.97517218809039e-05
2.97512793050101e-05
2.97508367422834e-05
2.97503941927231e-05
2.97499516563286e-05
2.97495091330993e-05
2.97490666230347e-05
2.97486241261342e-05
2.97481816423971e-05
2.97477391718229e-05
2.97472967144111e-05
2.97468542701609e-05
2.97464118390719e-05
2.97459694211434e-05
2.97455270163749e-05
2.97450846247658e-05
2.97446422463154e-05
2.97441998810232e-05
2.97437575288886e-05
2.97433151899111e-05
2.97428728640899e-05
2.97424305514247e-05
2.97419882519146e-05
2.97415459655593e-05
2.9741103692358e-05
2.97406614323103e-05
2.97402191854154e-05
2.97397769516729e-05
2.97393347310821e-05
2.97388925236424e-05
2.97384503293533e-05
2.97380081482142e-05
2.97375659802245e-05
2.97371238253836e-05
2.97366816836909e-05
2.97362395551459e-05
2.97357974397478e-05
2.97353553374963e-05
2.97349132483906e-05
2.97344711724302e-05
2.97340291096145e-05
2.97335870599429e-05
2.97331450234149e-05
2.97327030000297e-05
2.9732260989787e-05
2.9731818992686e-05
2.97313770087262e-05
2.97309350379069e-05
2.97304930802277e-05
2.9730051135688e-05
2.9729609204287e-05
2.97291672860243e-05
2.97287253808993e-05
2.97282834889113e-05
2.97278416100599e-05
2.97273997443444e-05
2.97269578917641e-05
2.97265160523187e-05
2.97260742260073e-05
2.97256324128296e-05
2.97251906127848e-05
2.97247488258724e-05
2.97243070520918e-05
2.97238652914425e-05
2.97234235439238e-05
2.97229818095351e-05
2.97225400882759e-05
2.97220983801456e-05
2.97216566851436e-05
2.97212150032693e-05
2.97207733345222e-05
2.97203316789015e-05
2.97198900364069e-05
2.97194484070376e-05
2.97190067907931e-05
2.97185651876727e-05
2.9718123597676e-05
2.97176820208024e-05
2.97172404570512e-05
2.97167989064218e-05
2.97163573689137e-05
2.97159158445263e-05
2.9715474333259e-05
2.97150328351113e-05
2.97145913500825e-05
2.9714149878172e-05
2.97137084193793e-05
2.97132669737038e-05
2.97128255411448e-05
2.97123841217019e-05
2.97119427153744e-05
2.97115013221618e-05
2.97110599420634e-05
2.97106185750787e-05
2.97101772212071e-05
2.9709735880448e-05
2.97092945528008e-05
2.9708853238265e-05
2.97084119368399e-05
2.9707970648525e-05
2.97075293733197e-05
2.97070881112233e-05
2.97066468622354e-05
2.97062056263553e-05
2.97057644035825e-05
2.97053231939163e-05
2.97048819973563e-05
2.97044408139017e-05
2.9703999643552e-05
2.97035584863067e-05
2.97031173421651e-05
2.97026762111266e-05
2.97022350931908e-05
2.97017939883569e-05
2.97013528966244e-05
2.97009118179928e-05
2.97004707524614e-05
2.97000297000297e-05
2.9699588660697e-05
2.96991476344629e-05
2.96987066213266e-05
2.96982656212877e-05
2.96978246343455e-05
2.96973836604995e-05
2.96969426997491e-05
2.96965017520936e-05
2.96960608175326e-05
2.96956198960653e-05
2.96951789876913e-05
2.969473809241e-05
2.96942972102208e-05
2.9693856341123e-05
2.96934154851162e-05
2.96929746421997e-05
2.96925338123729e-05
2.96920929956353e-05
2.96916521919862e-05
2.96912114014252e-05
2.96907706239515e-05
2.96903298595647e-05
2.96898891082642e-05
2.96894483700493e-05
2.96890076449195e-05
2.96885669328741e-05
2.96881262339127e-05
2.96876855480347e-05
2.96872448752394e-05
2.96868042155262e-05
2.96863635688946e-05
2.96859229353441e-05
2.96854823148739e-05
2.96850417074836e-05
2.96846011131725e-05
2.96841605319402e-05
2.96837199637859e-05
2.96832794087091e-05
2.96828388667092e-05
2.96823983377857e-05
2.96819578219379e-05
2.96815173191654e-05
2.96810768294674e-05
2.96806363528434e-05
2.96801958892929e-05
2.96797554388152e-05
2.96793150014098e-05
2.9678874577076e-05
2.96784341658134e-05
2.96779937676213e-05
2.96775533824991e-05
2.96771130104463e-05
2.96766726514623e-05
2.96762323055465e-05
2.96757919726983e-05
2.96753516529171e-05
2.96749113462024e-05
2.96744710525535e-05
2.96740307719699e-05
2.9673590504451e-05
2.96731502499963e-05
2.96727100086051e-05
2.96722697802768e-05
2.9671829565011e-05
2.96713893628069e-05
2.96709491736641e-05
2.96705089975819e-05
2.96700688345597e-05
2.9669628684597e-05
2.96691885476932e-05
2.96687484238477e-05
2.966830831306e-05
2.96678682153294e-05
2.96674281306554e-05
2.96669880590373e-05
2.96665480004747e-05
2.96661079549668e-05
2.96656679225133e-05
2.96652279031134e-05
2.96647878967665e-05
2.96643479034722e-05
2.96639079232298e-05
2.96634679560387e-05
2.96630280018984e-05
2.96625880608083e-05
2.96621481327678e-05
2.96617082177763e-05
2.96612683158332e-05
2.9660828426938e-05
2.966038855109e-05
2.96599486882888e-05
2.96595088385336e-05
2.9659069001824e-05
2.96586291781594e-05
2.96581893675391e-05
2.96577495699626e-05
2.96573097854294e-05
2.96568700139387e-05
2.96564302554901e-05
2.9655990510083e-05
2.96555507777168e-05
2.96551110583909e-05
2.96546713521047e-05
2.96542316588577e-05
2.96537919786493e-05
2.96533523114788e-05
2.96529126573458e-05
2.96524730162496e-05
2.96520333881896e-05
2.96515937731653e-05
2.96511541711761e-05
2.96507145822214e-05
2.96502750063007e-05
2.96498354434133e-05
2.96493958935587e-05
2.96489563567362e-05
2.96485168329454e-05
2.96480773221857e-05
2.96476378244563e-05
2.96471983397569e-05
2.96467588680867e-05
2.96463194094453e-05
2.9645879963832e-05
2.96454405312463e-05
2.96450011116875e-05
2.96445617051552e-05
2.96441223116487e-05
2.96436829311674e-05
2.96432435637107e-05
2.96428042092782e-05
2.96423648678692e-05
2.9641925539483e-05
2.96414862241193e-05
2.96410469217773e-05
2.96406076324565e-05
2.96401683561563e-05
2.96397290928761e-05
2.96392898426154e-05
2.96388506053735e-05
2.963841138115e-05
2.96379721699441e-05
2.96375329717554e-05
2.96370937865833e-05
2.96366546144271e-05
2.96362154552864e-05
2.96357763091604e-05
2.96353371760487e-05
2.96348980559507e-05
2.96344589488657e-05
2.96340198547933e-05
2.96335807737328e-05
2.96331417056836e-05
2.96327026506453e-05
2.96322636086171e-05
2.96318245795985e-05
2.9631385563589e-05
2.96309465605879e-05
2.96305075705947e-05
2.96300685936088e-05
2.96296296296296e-05
2.96291906786566e-05
2.96287517406892e-05
2.96283128157267e-05
2.96278739037687e-05
2.96274350048145e-05
2.96269961188635e-05
2.96265572459152e-05
2.96261183859691e-05
2.96256795390244e-05
2.96252407050807e-05
2.96248018841374e-05
2.96243630761939e-05
2.96239242812495e-05
2.96234854993038e-05
2.96230467303562e-05
2.96226079744061e-05
2.96221692314528e-05
2.96217305014959e-05
2.96212917845347e-05
2.96208530805687e-05
2.96204143895973e-05
2.96199757116199e-05
2.9619537046636e-05
2.96190983946449e-05
2.96186597556461e-05
2.9618221129639e-05
2.9617782516623e-05
2.96173439165976e-05
2.96169053295621e-05
2.96164667555161e-05
2.96160281944588e-05
2.96155896463899e-05
2.96151511113085e-05
2.96147125892143e-05
2.96142740801066e-05
2.96138355839848e-05
2.96133971008484e-05
2.96129586306968e-05
2.96125201735294e-05
2.96120817293456e-05
2.96116432981448e-05
2.96112048799266e-05
2.96107664746902e-05
2.96103280824352e-05
2.96098897031609e-05
2.96094513368667e-05
2.96090129835522e-05
2.96085746432167e-05
2.96081363158596e-05
2.96076980014804e-05
2.96072597000785e-05
2.96068214116532e-05
2.96063831362042e-05
2.96059448737306e-05
2.96055066242321e-05
2.9605068387708e-05
2.96046301641577e-05
2.96041919535806e-05
2.96037537559763e-05
2.9603315571344e-05
2.96028773996832e-05
2.96024392409935e-05
2.9602001095274e-05
2.96015629625244e-05
2.9601124842744e-05
2.96006867359323e-05
2.96002486420886e-05
2.95998105612124e-05
2.95993724933031e-05
2.95989344383602e-05
2.95984963963831e-05
2.95980583673711e-05
2.95976203513238e-05
2.95971823482404e-05
2.95967443581206e-05
2.95963063809637e-05
2.9595868416769e-05
2.95954304655361e-05
2.95949925272644e-05
2.95945546019532e-05
2.95941166896021e-05
2.95936787902104e-05
2.95932409037776e-05
2.9592803030303e-05
2.95923651697862e-05
2.95919273222265e-05
2.95914894876234e-05
2.95910516659762e-05
2.95906138572845e-05
2.95901760615476e-05
2.95897382787649e-05
2.9589300508936e-05
2.95888627520601e-05
2.95884250081368e-05
2.95879872771655e-05
2.95875495591455e-05
2.95871118540764e-05
2.95866741619575e-05
2.95862364827882e-05
2.9585798816568e-05
2.95853611632964e-05
2.95849235229727e-05
2.95844858955963e-05
2.95840482811668e-05
2.95836106796835e-05
2.95831730911458e-05
2.95827355155531e-05
2.9582297952905e-05
2.95818604032008e-05
2.95814228664399e-05
2.95809853426218e-05
2.95805478317458e-05
2.95801103338115e-05
2.95796728488183e-05
2.95792353767655e-05
2.95787979176526e-05
2.95783604714791e-05
2.95779230382443e-05
2.95774856179476e-05
2.95770482105886e-05
2.95766108161666e-05
2.9576173434681e-05
2.95757360661313e-05
2.9575298710517e-05
2.95748613678373e-05
2.95744240380919e-05
2.957398672128e-05
2.95735494174011e-05
2.95731121264546e-05
2.957267484844e-05
2.95722375833567e-05
2.95718003312042e-05
2.95713630919817e-05
2.95709258656889e-05
2.9570488652325e-05
2.95700514518895e-05
2.95696142643819e-05
2.95691770898016e-05
2.9568739928148e-05
2.95683027794205e-05
2.95678656436185e-05
2.95674285207416e-05
2.9566991410789e-05
2.95665543137603e-05
2.95661172296548e-05
2.9565680158472e-05
2.95652431002114e-05
2.95648060548723e-05
2.95643690224541e-05
2.95639320029564e-05
2.95634949963785e-05
2.95630580027198e-05
2.95626210219798e-05
2.95621840541579e-05
2.95617470992536e-05
2.95613101572662e-05
2.95608732281952e-05
2.956043631204e-05
2.95599994088e-05
2.95595625184747e-05
2.95591256410635e-05
2.95586887765659e-05
2.95582519249812e-05
2.95578150863088e-05
2.95573782605483e-05
2.9556941447699e-05
2.95565046477604e-05
2.95560678607318e-05
2.95556310866128e-05
2.95551943254027e-05
2.9554757577101e-05
2.95543208417071e-05
2.95538841192204e-05
2.95534474096403e-05
2.95530107129664e-05
2.95525740291979e-05
2.95521373583344e-05
2.95517007003753e-05
2.955126405532e-05
2.95508274231678e-05
2.95503908039184e-05
2.9549954197571e-05
2.95495176041251e-05
2.95490810235802e-05
2.95486444559356e-05
2.95482079011908e-05
2.95477713593452e-05
2.95473348303983e-05
2.95468983143495e-05
2.95464618111981e-05
2.95460253209437e-05
2.95455888435857e-05
2.95451523791234e-05
2.95447159275564e-05
2.9544279488884e-05
2.95438430631056e-05
2.95434066502208e-05
2.9542970250229e-05
2.95425338631294e-05
2.95420974889217e-05
2.95416611276052e-05
2.95412247791793e-05
2.95407884436436e-05
2.95403521209973e-05
2.95399158112399e-05
2.9539479514371e-05
2.95390432303898e-05
2.95386069592958e-05
2.95381707010885e-05
2.95377344557672e-05
2.95372982233315e-05
2.95368620037807e-05
2.95364257971143e-05
2.95359896033317e-05
2.95355534224323e-05
2.95351172544155e-05
2.95346810992808e-05
2.95342449570277e-05
2.95338088276555e-05
2.95333727111636e-05
2.95329366075516e-05
2.95325005168188e-05
2.95320644389646e-05
2.95316283739885e-05
2.953119232189e-05
2.95307562826684e-05
2.95303202563232e-05
2.95298842428538e-05
2.95294482422596e-05
2.95290122545401e-05
2.95285762796947e-05
2.95281403177228e-05
2.95277043686239e-05
2.95272684323973e-05
2.95268325090426e-05
2.95263965985591e-05
2.95259607009463e-05
2.95255248162036e-05
2.95250889443304e-05
2.95246530853262e-05
2.95242172391904e-05
2.95237814059225e-05
2.95233455855218e-05
2.95229097779877e-05
2.95224739833198e-05
2.95220382015174e-05
2.952160243258e-05
2.95211666765071e-05
2.95207309332979e-05
2.9520295202952e-05
2.95198594854688e-05
2.95194237808478e-05
2.95189880890883e-05
2.95185524101898e-05
2.95181167441517e-05
2.95176810909735e-05
2.95172454506545e-05
2.95168098231943e-05
2.95163742085922e-05
2.95159386068477e-05
2.95155030179602e-05
2.95150674419291e-05
2.95146318787539e-05
2.9514196328434e-05
2.95137607909688e-05
2.95133252663578e-05
2.95128897546003e-05
2.95124542556959e-05
2.95120187696439e-05
2.95115832964439e-05
2.95111478360951e-05
2.95107123885971e-05
2.95102769539492e-05
2.9509841532151e-05
2.95094061232018e-05
2.9508970727101e-05
2.95085353438482e-05
2.95080999734427e-05
2.9507664615884e-05
2.95072292711714e-05
2.95067939393045e-05
2.95063586202827e-05
2.95059233141053e-05
2.95054880207719e-05
2.95050527402818e-05
2.95046174726345e-05
2.95041822178294e-05
2.95037469758659e-05
2.95033117467436e-05
2.95028765304617e-05
2.95024413270198e-05
2.95020061364173e-05
2.95015709586535e-05
2.95011357937281e-05
2.95007006416402e-05
2.95002655023895e-05
2.94998303759753e-05
2.94993952623971e-05
2.94989601616543e-05
2.94985250737463e-05
2.94980899986726e-05
2.94976549364326e-05
2.94972198870256e-05
2.94967848504513e-05
2.94963498267089e-05
2.9495914815798e-05
2.94954798177179e-05
2.94950448324681e-05
2.94946098600481e-05
2.94941749004572e-05
2.94937399536948e-05
2.94933050197605e-05
2.94928700986537e-05
2.94924351903737e-05
2.949200029492e-05
2.94915654122921e-05
2.94911305424893e-05
2.94906956855112e-05
2.94902608413571e-05
2.94898260100265e-05
2.94893911915189e-05
2.94889563858335e-05
2.94885215929699e-05
2.94880868129276e-05
2.94876520457059e-05
2.94872172913042e-05
2.94867825497221e-05
2.94863478209589e-05
2.94859131050141e-05
2.94854784018871e-05
2.94850437115773e-05
2.94846090340842e-05
2.94841743694072e-05
2.94837397175458e-05
2.94833050784993e-05
2.94828704522672e-05
2.9482435838849e-05
2.94820012382441e-05
2.94815666504518e-05
2.94811320754717e-05
2.94806975133032e-05
2.94802629639456e-05
2.94798284273986e-05
2.94793939036613e-05
2.94789593927334e-05
2.94785248946143e-05
2.94780904093033e-05
2.94776559367999e-05
2.94772214771036e-05
2.94767870302137e-05
2.94763525961298e-05
2.94759181748511e-05
2.94754837663773e-05
2.94750493707077e-05
2.94746149878417e-05
2.94741806177788e-05
2.94737462605184e-05
2.947331191606e-05
2.9472877584403e-05
2.94724432655467e-05
2.94720089594907e-05
2.94715746662344e-05
2.94711403857772e-05
2.94707061181186e-05
2.94702718632579e-05
2.94698376211947e-05
2.94694033919283e-05
2.94689691754582e-05
2.94685349717839e-05
2.94681007809047e-05
2.94676666028201e-05
2.94672324375295e-05
2.94667982850323e-05
2.94663641453281e-05
2.94659300184162e-05
2.94654959042961e-05
2.94650618029671e-05
2.94646277144288e-05
2.94641936386806e-05
2.94637595757219e-05
2.94633255255521e-05
2.94628914881706e-05
2.9462457463577e-05
2.94620234517707e-05
2.9461589452751e-05
2.94611554665174e-05
2.94607214930694e-05
2.94602875324063e-05
2.94598535845277e-05
2.94594196494329e-05
2.94589857271214e-05
2.94585518175926e-05
2.9458117920846e-05
2.9457684036881e-05
2.9457250165697e-05
2.94568163072935e-05
2.94563824616699e-05
2.94559486288256e-05
2.94555148087601e-05
2.94550810014728e-05
2.94546472069631e-05
2.94542134252305e-05
2.94537796562744e-05
2.94533459000942e-05
2.94529121566895e-05
2.94524784260596e-05
2.94520447082039e-05
2.94516110031219e-05
2.9451177310813e-05
2.94507436312767e-05
2.94503099645124e-05
2.94498763105195e-05
2.94494426692975e-05
2.94490090408458e-05
2.94485754251638e-05
2.9448141822251e-05
2.94477082321068e-05
2.94472746547307e-05
2.94468410901221e-05
2.94464075382803e-05
2.9445973999205e-05
2.94455404728954e-05
2.9445106959351e-05
2.94446734585713e-05
2.94442399705558e-05
2.94438064953037e-05
2.94433730328146e-05
2.9442939583088e-05
2.94425061461232e-05
2.94420727219196e-05
2.94416393104768e-05
2.94412059117941e-05
2.94407725258711e-05
2.9440339152707e-05
2.94399057923015e-05
2.94394724446538e-05
2.94390391097635e-05
2.94386057876299e-05
2.94381724782526e-05
2.94377391816309e-05
2.94373058977642e-05
2.94368726266521e-05
2.9436439368294e-05
2.94360061226893e-05
2.94355728898374e-05
2.94351396697377e-05
2.94347064623898e-05
2.9434273267793e-05
2.94338400859468e-05
2.94334069168506e-05
2.94329737605039e-05
2.94325406169061e-05
2.94321074860565e-05
2.94316743679548e-05
2.94312412626003e-05
2.94308081699923e-05
2.94303750901305e-05
2.94299420230142e-05
2.94295089686429e-05
2.94290759270159e-05
2.94286428981328e-05
2.94282098819929e-05
2.94277768785957e-05
2.94273438879407e-05
2.94269109100272e-05
2.94264779448548e-05
2.94260449924228e-05
2.94256120527307e-05
2.94251791257779e-05
2.94247462115639e-05
2.94243133100881e-05
2.942388042135e-05
2.94234475453489e-05
2.94230146820843e-05
2.94225818315557e-05
2.94221489937625e-05
2.94217161687041e-05
2.942128335638e-05
2.94208505567896e-05
2.94204177699323e-05
2.94199849958077e-05
2.9419552234415e-05
2.94191194857538e-05
2.94186867498235e-05
2.94182540266235e-05
2.94178213161533e-05
2.94173886184123e-05
2.94169559334e-05
2.94165232611158e-05
2.94160906015591e-05
2.94156579547293e-05
2.9415225320626e-05
2.94147926992485e-05
2.94143600905962e-05
2.94139274946687e-05
2.94134949114654e-05
2.94130623409856e-05
2.94126297832289e-05
2.94121972381947e-05
2.94117647058824e-05
2.94113321862914e-05
2.94108996794212e-05
2.94104671852712e-05
2.9410034703841e-05
2.94096022351298e-05
2.94091697791371e-05
2.94087373358625e-05
2.94083049053053e-05
2.94078724874649e-05
2.94074400823408e-05
2.94070076899325e-05
2.94065753102394e-05
2.94061429432608e-05
2.94057105889964e-05
2.94052782474454e-05
2.94048459186074e-05
2.94044136024817e-05
2.94039812990679e-05
2.94035490083653e-05
2.94031167303734e-05
2.94026844650917e-05
2.94022522125195e-05
2.94018199726563e-05
2.94013877455016e-05
2.94009555310548e-05
2.94005233293153e-05
2.94000911402825e-05
2.9399658963956e-05
2.93992268003352e-05
2.93987946494194e-05
2.93983625112081e-05
2.93979303857008e-05
2.9397498272897e-05
2.9397066172796e-05
2.93966340853972e-05
2.93962020107002e-05
2.93957699487044e-05
2.93953378994092e-05
2.9394905862814e-05
2.93944738389183e-05
2.93940418277215e-05
2.93936098292231e-05
2.93931778434225e-05
2.93927458703192e-05
2.93923139099126e-05
2.9391881962202e-05
2.93914500271871e-05
2.93910181048672e-05
2.93905861952417e-05
2.93901542983101e-05
2.93897224140718e-05
2.93892905425263e-05
2.9388858683673e-05
2.93884268375114e-05
2.93879950040408e-05
2.93875631832608e-05
2.93871313751708e-05
2.93866995797702e-05
2.93862677970584e-05
2.9385836027035e-05
2.93854042696992e-05
2.93849725250507e-05
2.93845407930888e-05
2.93841090738129e-05
2.93836773672225e-05
2.93832456733171e-05
2.9382813992096e-05
2.93823823235588e-05
2.93819506677048e-05
2.93815190245336e-05
2.93810873940445e-05
2.93806557762369e-05
2.93802241711104e-05
2.93797925786644e-05
2.93793609988983e-05
2.93789294318115e-05
2.93784978774035e-05
2.93780663356738e-05
2.93776348066217e-05
2.93772032902468e-05
2.93767717865484e-05
2.9376340295526e-05
2.9375908817179e-05
2.9375477351507e-05
2.93750458985092e-05
2.93746144581852e-05
2.93741830305345e-05
2.93737516155563e-05
2.93733202132503e-05
2.93728888236158e-05
2.93724574466523e-05
2.93720260823592e-05
2.93715947307359e-05
2.93711633917819e-05
2.93707320654967e-05
2.93703007518797e-05
2.93698694509303e-05
2.93694381626479e-05
2.93690068870321e-05
2.93685756240822e-05
2.93681443737977e-05
2.93677131361781e-05
2.93672819112227e-05
2.9366850698931e-05
2.93664194993025e-05
2.93659883123367e-05
2.93655571380328e-05
2.93651259763904e-05
2.9364694827409e-05
2.93642636910879e-05
2.93638325674267e-05
2.93634014564247e-05
2.93629703580814e-05
2.93625392723963e-05
2.93621081993687e-05
2.93616771389982e-05
2.93612460912841e-05
2.9360815056226e-05
2.93603840338232e-05
2.93599530240752e-05
2.93595220269814e-05
2.93590910425413e-05
2.93586600707544e-05
2.935822911162e-05
2.93577981651376e-05
2.93573672313067e-05
2.93569363101267e-05
2.9356505401597e-05
2.93560745057171e-05
2.93556436224864e-05
2.93552127519044e-05
2.93547818939705e-05
2.93543510486842e-05
2.93539202160449e-05
2.9353489396052e-05
2.93530585887049e-05
2.93526277940033e-05
2.93521970119463e-05
2.93517662425336e-05
2.93513354857646e-05
2.93509047416387e-05
2.93504740101553e-05
2.93500432913139e-05
2.93496125851139e-05
2.93491818915548e-05
2.9348751210636e-05
2.9348320542357e-05
2.93478898867171e-05
2.9347459243716e-05
2.93470286133529e-05
2.93465979956274e-05
2.93461673905388e-05
2.93457367980867e-05
2.93453062182704e-05
2.93448756510894e-05
2.93444450965432e-05
2.93440145546312e-05
2.93435840253529e-05
2.93431535087076e-05
2.93427230046948e-05
2.93422925133141e-05
2.93418620345647e-05
2.93414315684462e-05
2.9341001114958e-05
2.93405706740996e-05
2.93401402458704e-05
2.93397098302698e-05
2.93392794272973e-05
2.93388490369523e-05
2.93384186592343e-05
2.93379882941427e-05
2.93375579416769e-05
2.93371276018365e-05
2.93366972746208e-05
2.93362669600293e-05
2.93358366580615e-05
2.93354063687167e-05
2.93349760919945e-05
2.93345458278942e-05
2.93341155764154e-05
2.93336853375574e-05
2.93332551113197e-05
2.93328248977018e-05
2.9332394696703e-05
2.93319645083229e-05
2.93315343325609e-05
2.93311041694165e-05
2.9330674018889e-05
2.93302438809779e-05
2.93298137556827e-05
2.93293836430027e-05
2.93289535429376e-05
2.93285234554866e-05
2.93280933806493e-05
2.93276633184251e-05
2.93272332688134e-05
2.93268032318137e-05
2.93263732074254e-05
2.9325943195648e-05
2.93255131964809e-05
2.93250832099236e-05
2.93246532359755e-05
2.9324223274636e-05
2.93237933259046e-05
2.93233633897808e-05
2.9322933466264e-05
2.93225035553536e-05
2.9322073657049e-05
2.93216437713498e-05
2.93212138982554e-05
2.93207840377652e-05
2.93203541898786e-05
2.93199243545952e-05
2.93194945319143e-05
2.93190647218354e-05
2.93186349243579e-05
2.93182051394814e-05
2.93177753672051e-05
2.93173456075287e-05
2.93169158604515e-05
2.93164861259729e-05
2.93160564040925e-05
2.93156266948097e-05
2.93151969981238e-05
2.93147673140344e-05
2.9314337642541e-05
2.93139079836428e-05
2.93134783373395e-05
2.93130487036304e-05
2.9312619082515e-05
2.93121894739928e-05
2.93117598780631e-05
2.93113302947254e-05
2.93109007239792e-05
2.9310471165824e-05
2.93100416202591e-05
2.9309612087284e-05
2.93091825668982e-05
2.93087530591011e-05
2.93083235638921e-05
2.93078940812708e-05
2.93074646112365e-05
2.93070351537887e-05
2.93066057089268e-05
2.93061762766503e-05
2.93057468569587e-05
2.93053174498513e-05
2.93048880553276e-05
2.93044586733872e-05
2.93040293040293e-05
2.93035999472535e-05
2.93031706030593e-05
2.93027412714459e-05
2.9302311952413e-05
2.930188264596e-05
2.93014533520863e-05
2.93010240707913e-05
2.93005948020745e-05
2.93001655459353e-05
2.92997363023733e-05
2.92993070713878e-05
2.92988778529782e-05
2.92984486471441e-05
2.92980194538849e-05
2.92975902732e-05
2.92971611050889e-05
2.9296731949551e-05
2.92963028065858e-05
2.92958736761927e-05
2.92954445583712e-05
2.92950154531207e-05
2.92945863604406e-05
2.92941572803304e-05
2.92937282127896e-05
2.92932991578177e-05
2.92928701154139e-05
2.92924410855779e-05
2.9292012068309e-05
2.92915830636067e-05
2.92911540714704e-05
2.92907250918996e-05
2.92902961248938e-05
2.92898671704524e-05
2.92894382285748e-05
2.92890092992605e-05
2.92885803825089e-05
2.92881514783194e-05
2.92877225866917e-05
2.92872937076249e-05
2.92868648411188e-05
2.92864359871725e-05
2.92860071457857e-05
2.92855783169578e-05
2.92851495006882e-05
2.92847206969764e-05
2.92842919058217e-05
2.92838631272237e-05
2.92834343611819e-05
2.92830056076956e-05
2.92825768667643e-05
2.92821481383874e-05
2.92817194225645e-05
2.92812907192949e-05
2.92808620285781e-05
2.92804333504136e-05
2.92800046848007e-05
2.92795760317391e-05
2.9279147391228e-05
2.92787187632669e-05
2.92782901478554e-05
2.92778615449928e-05
2.92774329546785e-05
2.92770043769122e-05
2.92765758116931e-05
2.92761472590207e-05
2.92757187188945e-05
2.9275290191314e-05
2.92748616762786e-05
2.92744331737877e-05
2.92740046838407e-05
2.92735762064373e-05
2.92731477415767e-05
2.92727192892584e-05
2.92722908494819e-05
2.92718624222466e-05
2.9271434007552e-05
2.92710056053976e-05
2.92705772157827e-05
2.92701488387068e-05
2.92697204741695e-05
2.926929212217e-05
2.9268863782708e-05
2.92684354557827e-05
2.92680071413937e-05
2.92675788395405e-05
2.92671505502224e-05
2.9266722273439e-05
2.92662940091896e-05
2.92658657574738e-05
2.92654375182909e-05
2.92650092916405e-05
2.92645810775219e-05
2.92641528759346e-05
2.92637246868781e-05
2.92632965103519e-05
2.92628683463553e-05
2.92624401948879e-05
2.9262012055949e-05
2.92615839295381e-05
2.92611558156547e-05
2.92607277142983e-05
2.92602996254682e-05
2.92598715491639e-05
2.92594434853849e-05
2.92590154341306e-05
2.92585873954005e-05
2.92581593691941e-05
2.92577313555107e-05
2.92573033543498e-05
2.92568753657109e-05
2.92564473895935e-05
2.92560194259969e-05
2.92555914749206e-05
2.92551635363642e-05
2.92547356103269e-05
2.92543076968084e-05
2.92538797958079e-05
2.92534519073251e-05
2.92530240313592e-05
2.92525961679099e-05
2.92521683169765e-05
2.92517404785585e-05
2.92513126526553e-05
2.92508848392664e-05
2.92504570383912e-05
2.92500292500293e-05
2.92496014741799e-05
2.92491737108427e-05
2.9248745960017e-05
2.92483182217023e-05
2.9247890495898e-05
2.92474627826036e-05
2.92470350818186e-05
2.92466073935424e-05
2.92461797177744e-05
2.92457520545141e-05
2.92453244037609e-05
2.92448967655144e-05
2.92444691397739e-05
2.9244041526539e-05
2.9243613925809e-05
2.92431863375833e-05
2.92427587618616e-05
2.92423311986432e-05
2.92419036479275e-05
2.9241476109714e-05
2.92410485840022e-05
2.92406210707915e-05
2.92401935700814e-05
2.92397660818713e-05
2.92393386061607e-05
2.9238911142949e-05
2.92384836922357e-05
2.92380562540202e-05
2.9237628828302e-05
2.92372014150805e-05
2.92367740143553e-05
2.92363466261256e-05
2.9235919250391e-05
2.9235491887151e-05
2.9235064536405e-05
2.92346371981524e-05
2.92342098723927e-05
2.92337825591253e-05
2.92333552583498e-05
2.92329279700655e-05
2.92325006942719e-05
2.92320734309685e-05
2.92316461801546e-05
2.92312189418299e-05
2.92307917159936e-05
2.92303645026453e-05
2.92299373017845e-05
2.92295101134105e-05
2.92290829375228e-05
2.92286557741209e-05
2.92282286232043e-05
2.92278014847723e-05
2.92273743588245e-05
2.92269472453602e-05
2.9226520144379e-05
2.92260930558803e-05
2.92256659798635e-05
2.92252389163281e-05
2.92248118652736e-05
2.92243848266994e-05
2.92239578006049e-05
2.92235307869897e-05
2.92231037858531e-05
2.92226767971946e-05
2.92222498210137e-05
2.92218228573098e-05
2.92213959060824e-05
2.9220968967331e-05
2.92205420410549e-05
2.92201151272536e-05
2.92196882259266e-05
2.92192613370734e-05
2.92188344606934e-05
2.9218407596786e-05
2.92179807453507e-05
2.9217553906387e-05
2.92171270798942e-05
2.9216700265872e-05
2.92162734643196e-05
2.92158466752366e-05
2.92154198986225e-05
2.92149931344766e-05
2.92145663827985e-05
2.92141396435875e-05
2.92137129168432e-05
2.92132862025649e-05
2.92128595007522e-05
2.92124328114045e-05
2.92120061345213e-05
2.92115794701019e-05
2.9211152818146e-05
2.92107261786528e-05
2.92102995516219e-05
2.92098729370527e-05
2.92094463349447e-05
2.92090197452973e-05
2.92085931681101e-05
2.92081666033823e-05
2.92077400511135e-05
2.92073135113032e-05
2.92068869839508e-05
2.92064604690558e-05
2.92060339666175e-05
2.92056074766355e-05
2.92051809991092e-05
2.92047545340381e-05
2.92043280814217e-05
2.92039016412593e-05
2.92034752135504e-05
2.92030487982945e-05
2.92026223954911e-05
2.92021960051396e-05
2.92017696272394e-05
2.920134326179e-05
2.92009169087909e-05
2.92004905682415e-05
2.92000642401413e-05
2.91996379244897e-05
2.91992116212862e-05
2.91987853305302e-05
2.91983590522213e-05
2.91979327863587e-05
2.91975065329421e-05
2.91970802919708e-05
2.91966540634443e-05
2.91962278473621e-05
2.91958016437236e-05
2.91953754525283e-05
2.91949492737756e-05
2.9194523107465e-05
2.9194096953596e-05
2.91936708121679e-05
2.91932446831803e-05
2.91928185666326e-05
2.91923924625243e-05
2.91919663708547e-05
2.91915402916235e-05
2.919111422483e-05
2.91906881704736e-05
2.91902621285539e-05
2.91898360990703e-05
2.91894100820222e-05
2.91889840774092e-05
2.91885580852306e-05
2.91881321054859e-05
2.91877061381746e-05
2.91872801832961e-05
2.91868542408499e-05
2.91864283108355e-05
2.91860023932522e-05
2.91855764880996e-05
2.91851505953771e-05
2.91847247150841e-05
2.91842988472202e-05
2.91838729917847e-05
2.91834471487772e-05
2.91830213181971e-05
2.91825955000438e-05
2.91821696943168e-05
2.91817439010155e-05
2.91813181201395e-05
2.91808923516881e-05
2.91804665956609e-05
2.91800408520572e-05
2.91796151208766e-05
2.91791894021184e-05
2.91787636957822e-05
2.91783380018674e-05
2.91779123203735e-05
2.91774866512999e-05
2.9177060994646e-05
2.91766353504114e-05
2.91762097185955e-05
2.91757840991977e-05
2.91753584922175e-05
2.91749328976543e-05
2.91745073155077e-05
2.91740817457771e-05
2.91736561884618e-05
2.91732306435615e-05
2.91728051110755e-05
2.91723795910032e-05
2.91719540833443e-05
2.9171528588098e-05
2.91711031052639e-05
2.91706776348415e-05
2.91702521768301e-05
2.91698267312292e-05
2.91694012980384e-05
2.91689758772569e-05
2.91685504688844e-05
2.91681250729203e-05
2.9167699689364e-05
2.9167274318215e-05
2.91668489594727e-05
2.91664236131366e-05
2.91659982792061e-05
2.91655729576808e-05
2.916514764856e-05
2.91647223518432e-05
2.91642970675299e-05
2.91638717956196e-05
2.91634465361116e-05
2.91630212890055e-05
2.91625960543008e-05
2.91621708319967e-05
2.91617456220929e-05
2.91613204245888e-05
2.91608952394839e-05
2.91604700667775e-05
2.91600449064692e-05
2.91596197585583e-05
2.91591946230445e-05
2.91587694999271e-05
2.91583443892056e-05
2.91579192908794e-05
2.9157494204948e-05
2.91570691314109e-05
2.91566440702675e-05
2.91562190215173e-05
2.91557939851597e-05
2.91553689611942e-05
2.91549439496203e-05
2.91545189504373e-05
2.91540939636448e-05
2.91536689892423e-05
2.91532440272291e-05
2.91528190776048e-05
2.91523941403688e-05
2.91519692155205e-05
2.91515443030595e-05
2.91511194029851e-05
2.91506945152968e-05
2.91502696399942e-05
2.91498447770766e-05
2.91494199265435e-05
2.91489950883943e-05
2.91485702626286e-05
2.91481454492458e-05
2.91477206482453e-05
2.91472958596266e-05
2.91468710833892e-05
2.91464463195325e-05
2.9146021568056e-05
2.91455968289591e-05
2.91451721022413e-05
2.9144747387902e-05
2.91443226859408e-05
2.9143897996357e-05
2.91434733191502e-05
2.91430486543197e-05
2.91426240018651e-05
2.91421993617858e-05
2.91417747340813e-05
2.9141350118751e-05
2.91409255157944e-05
2.91405009252109e-05
2.9140076347e-05
2.91396517811612e-05
2.91392272276939e-05
2.91388026865976e-05
2.91383781578717e-05
2.91379536415158e-05
2.91375291375291e-05
2.91371046459113e-05
2.91366801666618e-05
2.913625569978e-05
2.91358312452654e-05
2.91354068031175e-05
2.91349823733357e-05
2.91345579559194e-05
2.91341335508682e-05
2.91337091581815e-05
2.91332847778587e-05
2.91328604098993e-05
2.91324360543029e-05
2.91320117110687e-05
2.91315873801963e-05
2.91311630616852e-05
2.91307387555348e-05
2.91303144617446e-05
2.9129890180314e-05
2.91294659112425e-05
2.91290416545296e-05
2.91286174101746e-05
2.91281931781772e-05
2.91277689585366e-05
2.91273447512525e-05
2.91269205563242e-05
2.91264963737512e-05
2.9126072203533e-05
2.9125648045669e-05
2.91252239001587e-05
2.91247997670016e-05
2.91243756461971e-05
2.91239515377446e-05
2.91235274416437e-05
2.91231033578938e-05
2.91226792864944e-05
2.91222552274448e-05
2.91218311807446e-05
2.91214071463933e-05
2.91209831243903e-05
2.9120559114735e-05
2.91201351174269e-05
2.91197111324656e-05
2.91192871598503e-05
2.91188631995807e-05
2.91184392516561e-05
2.91180153160761e-05
2.911759139284e-05
2.91171674819474e-05
2.91167435833976e-05
2.91163196971903e-05
2.91158958233247e-05
2.91154719618005e-05
2.9115048112617e-05
2.91146242757737e-05
2.91142004512701e-05
2.91137766391056e-05
2.91133528392797e-05
2.91129290517919e-05
2.91125052766416e-05
2.91120815138282e-05
2.91116577633513e-05
2.91112340252103e-05
2.91108102994047e-05
2.91103865859339e-05
2.91099628847973e-05
2.91095391959945e-05
2.91091155195249e-05
2.9108691855388e-05
2.91082682035832e-05
2.910784456411e-05
2.91074209369679e-05
2.91069973221562e-05
2.91065737196746e-05
2.91061501295224e-05
2.9105726551699e-05
2.91053029862041e-05
2.9104879433037e-05
2.91044558921971e-05
2.9104032363684e-05
2.91036088474971e-05
2.91031853436359e-05
2.91027618520998e-05
2.91023383728883e-05
2.91019149060008e-05
2.91014914514369e-05
2.91010680091959e-05
2.91006445792774e-05
2.91002211616808e-05
2.90997977564056e-05
2.90993743634512e-05
2.90989509828171e-05
2.90985276145027e-05
2.90981042585076e-05
2.90976809148311e-05
2.90972575834728e-05
2.9096834264432e-05
2.90964109577084e-05
2.90959876633012e-05
2.90955643812101e-05
2.90951411114344e-05
2.90947178539736e-05
2.90942946088272e-05
2.90938713759946e-05
2.90934481554754e-05
2.90930249472689e-05
2.90926017513746e-05
2.9092178567792e-05
2.90917553965206e-05
2.90913322375598e-05
2.90909090909091e-05
2.90904859565679e-05
2.90900628345357e-05
2.9089639724812e-05
2.90892166273962e-05
2.90887935422878e-05
2.90883704694863e-05
2.90879474089911e-05
2.90875243608017e-05
2.90871013249175e-05
2.9086678301338e-05
2.90862552900627e-05
2.9085832291091e-05
2.90854093044224e-05
2.90849863300564e-05
2.90845633679924e-05
2.90841404182299e-05
2.90837174807684e-05
2.90832945556073e-05
2.9082871642746e-05
2.90824487421841e-05
2.9082025853921e-05
2.90816029779561e-05
2.9081180114289e-05
2.90807572629191e-05
2.90803344238459e-05
2.90799115970687e-05
2.90794887825872e-05
2.90790659804007e-05
2.90786431905087e-05
2.90782204129107e-05
2.90777976476062e-05
2.90773748945945e-05
2.90769521538752e-05
2.90765294254478e-05
2.90761067093116e-05
2.90756840054662e-05
2.90752613139111e-05
2.90748386346456e-05
2.90744159676692e-05
2.90739933129815e-05
2.90735706705819e-05
2.90731480404698e-05
2.90727254226447e-05
2.90723028171061e-05
2.90718802238535e-05
2.90714576428862e-05
2.90710350742038e-05
2.90706125178058e-05
2.90701899736915e-05
2.90697674418605e-05
2.90693449223122e-05
2.90689224150461e-05
2.90684999200616e-05
2.90680774373583e-05
2.90676549669355e-05
2.90672325087928e-05
2.90668100629296e-05
2.90663876293454e-05
2.90659652080396e-05
2.90655427990118e-05
2.90651204022613e-05
2.90646980177876e-05
2.90642756455902e-05
2.90638532856686e-05
2.90634309380222e-05
2.90630086026505e-05
2.9062586279553e-05
2.90621639687291e-05
2.90617416701783e-05
2.90613193839e-05
2.90608971098938e-05
2.9060474848159e-05
2.90600525986952e-05
2.90596303615018e-05
2.90592081365783e-05
2.90587859239241e-05
2.90583637235387e-05
2.90579415354216e-05
2.90575193595723e-05
2.90570971959901e-05
2.90566750446746e-05
2.90562529056253e-05
2.90558307788415e-05
2.90554086643229e-05
2.90549865620687e-05
2.90545644720786e-05
2.90541423943519e-05
2.90537203288881e-05
2.90532982756867e-05
2.90528762347472e-05
2.90524542060691e-05
2.90520321896517e-05
2.90516101854945e-05
2.90511881935971e-05
2.90507662139589e-05
2.90503442465793e-05
2.90499222914579e-05
2.9049500348594e-05
2.90490784179872e-05
2.90486564996369e-05
2.90482345935426e-05
2.90478126997037e-05
2.90473908181198e-05
2.90469689487902e-05
2.90465470917145e-05
2.90461252468921e-05
2.90457034143224e-05
2.90452815940051e-05
2.90448597859394e-05
2.90444379901249e-05
2.9044016206561e-05
2.90435944352473e-05
2.90431726761831e-05
2.9042750929368e-05
2.90423291948014e-05
2.90419074724828e-05
2.90414857624116e-05
2.90410640645873e-05
2.90406423790094e-05
2.90402207056774e-05
2.90397990445906e-05
2.90393773957486e-05
2.90389557591509e-05
2.90385341347969e-05
2.9038112522686e-05
2.90376909228178e-05
2.90372693351917e-05
2.90368477598072e-05
2.90364261966637e-05
2.90360046457607e-05
2.90355831070977e-05
2.90351615806742e-05
2.90347400664896e-05
2.90343185645433e-05
2.90338970748349e-05
2.90334755973638e-05
2.90330541321294e-05
2.90326326791313e-05
2.9032211238369e-05
2.90317898098418e-05
2.90313683935492e-05
2.90309469894908e-05
2.90305255976659e-05
2.90301042180741e-05
2.90296828507149e-05
2.90292614955876e-05
2.90288401526917e-05
2.90284188220268e-05
2.90279975035922e-05
2.90275761973875e-05
2.90271549034121e-05
2.90267336216656e-05
2.90263123521472e-05
2.90258910948566e-05
2.90254698497932e-05
2.90250486169564e-05
2.90246273963458e-05
2.90242061879608e-05
2.90237849918008e-05
2.90233638078653e-05
2.90229426361539e-05
2.90225214766659e-05
2.90221003294008e-05
2.90216791943582e-05
2.90212580715374e-05
2.9020836960938e-05
2.90204158625593e-05
2.90199947764009e-05
2.90195737024623e-05
2.90191526407429e-05
2.90187315912421e-05
2.90183105539595e-05
2.90178895288946e-05
2.90174685160467e-05
2.90170475154153e-05
2.9016626527e-05
2.90162055508001e-05
2.90157845868152e-05
2.90153636350448e-05
2.90149426954882e-05
2.9014521768145e-05
2.90141008530146e-05
2.90136799500965e-05
2.90132590593901e-05
2.9012838180895e-05
2.90124173146107e-05
2.90119964605364e-05
2.90115756186718e-05
2.90111547890164e-05
2.90107339715695e-05
2.90103131663306e-05
2.90098923732993e-05
2.90094715924749e-05
2.9009050823857e-05
2.90086300674451e-05
2.90082093232385e-05
2.90077885912367e-05
2.90073678714393e-05
2.90069471638457e-05
2.90065264684554e-05
2.90061057852678e-05
2.90056851142824e-05
2.90052644554987e-05
2.90048438089161e-05
2.90044231745341e-05
2.90040025523522e-05
2.90035819423699e-05
2.90031613445866e-05
2.90027407590017e-05
2.90023201856148e-05
2.90018996244254e-05
2.90014790754328e-05
2.90010585386367e-05
2.90006380140363e-05
2.90002175016313e-05
2.8999797001421e-05
2.8999376513405e-05
2.89989560375826e-05
2.89985355739535e-05
2.8998115122517e-05
2.89976946832727e-05
2.89972742562199e-05
2.89968538413582e-05
2.8996433438687e-05
2.89960130482059e-05
2.89955926699142e-05
2.89951723038114e-05
2.89947519498971e-05
2.89943316081706e-05
2.89939112786315e-05
2.89934909612792e-05
2.89930706561132e-05
2.89926503631329e-05
2.89922300823379e-05
2.89918098137276e-05
2.89913895573015e-05
2.8990969313059e-05
2.89905490809996e-05
2.89901288611228e-05
2.8989708653428e-05
2.89892884579148e-05
2.89888682745826e-05
2.89884481034308e-05
2.89880279444589e-05
2.89876077976665e-05
2.89871876630529e-05
2.89867675406177e-05
2.89863474303603e-05
2.89859273322802e-05
2.89855072463768e-05
2.89850871726497e-05
2.89846671110982e-05
2.8984247061722e-05
2.89838270245203e-05
2.89834069994928e-05
2.89829869866388e-05
2.89825669859579e-05
2.89821469974496e-05
2.89817270211132e-05
2.89813070569483e-05
2.89808871049543e-05
2.89804671651307e-05
2.8980047237477e-05
2.89796273219926e-05
2.89792074186771e-05
2.89787875275298e-05
2.89783676485504e-05
2.89779477817381e-05
2.89775279270925e-05
2.89771080846132e-05
2.89766882542994e-05
2.89762684361508e-05
2.89758486301668e-05
2.89754288363468e-05
2.89750090546903e-05
2.89745892851969e-05
2.89741695278659e-05
2.89737497826969e-05
2.89733300496893e-05
2.89729103288425e-05
2.89724906201562e-05
2.89720709236296e-05
2.89716512392624e-05
2.89712315670539e-05
2.89708119070037e-05
2.89703922591112e-05
2.89699726233759e-05
2.89695529997972e-05
2.89691333883747e-05
2.89687137891078e-05
2.89682942019959e-05
2.89678746270386e-05
2.89674550642353e-05
2.89670355135855e-05
2.89666159750887e-05
2.89661964487443e-05
2.89657769345518e-05
2.89653574325107e-05
2.89649379426205e-05
2.89645184648805e-05
2.89640989992904e-05
2.89636795458495e-05
2.89632601045574e-05
2.89628406754134e-05
2.89624212584172e-05
2.89620018535681e-05
2.89615824608657e-05
2.89611630803093e-05
2.89607437118985e-05
2.89603243556328e-05
2.89599050115116e-05
2.89594856795343e-05
2.89590663597006e-05
2.89586470520097e-05
2.89582277564613e-05
2.89578084730548e-05
2.89573892017896e-05
2.89569699426652e-05
2.89565506956811e-05
2.89561314608368e-05
2.89557122381318e-05
2.89552930275654e-05
2.89548738291373e-05
2.89544546428468e-05
2.89540354686935e-05
2.89536163066767e-05
2.8953197156796e-05
2.89527780190509e-05
2.89523588934408e-05
2.89519397799653e-05
2.89515206786236e-05
2.89511015894155e-05
2.89506825123402e-05
2.89502634473974e-05
2.89498443945864e-05
2.89494253539067e-05
2.89490063253579e-05
2.89485873089393e-05
2.89481683046505e-05
2.8947749312491e-05
2.89473303324601e-05
2.89469113645574e-05
2.89464924087824e-05
2.89460734651345e-05
2.89456545336131e-05
2.89452356142179e-05
2.89448167069482e-05
2.89443978118035e-05
2.89439789287833e-05
2.89435600578871e-05
2.89431411991143e-05
2.89427223524645e-05
2.8942303517937e-05
2.89418846955314e-05
2.89414658852471e-05
2.89410470870836e-05
2.89406283010404e-05
2.8940209527117e-05
2.89397907653128e-05
2.89393720156273e-05
2.89389532780599e-05
2.89385345526103e-05
2.89381158392777e-05
2.89376971380618e-05
2.89372784489619e-05
2.89368597719775e-05
2.89364411071082e-05
2.89360224543534e-05
2.89356038137126e-05
2.89351851851852e-05
2.89347665687707e-05
2.89343479644686e-05
2.89339293722784e-05
2.89335107921995e-05
2.89330922242315e-05
2.89326736683737e-05
2.89322551246257e-05
2.89318365929869e-05
2.89314180734569e-05
2.8930999566035e-05
2.89305810707208e-05
2.89301625875137e-05
2.89297441164133e-05
2.89293256574189e-05
2.89289072105301e-05
2.89284887757464e-05
2.89280703530671e-05
2.89276519424918e-05
2.892723354402e-05
2.89268151576511e-05
2.89263967833847e-05
2.89259784212201e-05
2.89255600711569e-05
2.89251417331945e-05
2.89247234073324e-05
2.89243050935701e-05
2.89238867919071e-05
2.89234685023428e-05
2.89230502248767e-05
2.89226319595083e-05
2.89222137062371e-05
2.89217954650625e-05
2.8921377235984e-05
2.89209590190011e-05
2.89205408141132e-05
2.89201226213199e-05
2.89197044406206e-05
2.89192862720148e-05
2.8918868115502e-05
2.89184499710816e-05
2.89180318387531e-05
2.89176137185159e-05
2.89171956103697e-05
2.89167775143138e-05
2.89163594303477e-05
2.89159413584709e-05
2.89155232986829e-05
2.89151052509831e-05
2.8914687215371e-05
2.89142691918462e-05
2.8913851180408e-05
2.89134331810559e-05
2.89130151937895e-05
2.89125972186081e-05
2.89121792555114e-05
2.89117613044987e-05
2.89113433655695e-05
2.89109254387233e-05
2.89105075239596e-05
2.89100896212778e-05
2.89096717306775e-05
2.89092538521581e-05
2.8908835985719e-05
2.89084181313599e-05
2.890800028908e-05
2.8907582458879e-05
2.89071646407562e-05
2.89067468347112e-05
2.89063290407435e-05
2.89059112588524e-05
2.89054934890376e-05
2.89050757312984e-05
2.89046579856344e-05
2.8904240252045e-05
2.89038225305297e-05
2.89034048210879e-05
2.89029871237192e-05
2.89025694384231e-05
2.89021517651989e-05
2.89017341040462e-05
2.89013164549645e-05
2.89008988179532e-05
2.89004811930119e-05
2.89000635801399e-05
2.88996459793368e-05
2.8899228390602e-05
2.8898810813935e-05
2.88983932493353e-05
2.88979756968024e-05
2.88975581563358e-05
2.88971406279349e-05
2.88967231115991e-05
2.88963056073281e-05
2.88958881151212e-05
2.8895470634978e-05
2.88950531668978e-05
2.88946357108803e-05
2.88942182669248e-05
2.88938008350308e-05
2.88933834151979e-05
2.88929660074255e-05
2.8892548611713e-05
2.889213122806e-05
2.8891713856466e-05
2.88912964969303e-05
2.88908791494525e-05
2.88904618140321e-05
2.88900444906685e-05
2.88896271793613e-05
2.88892098801098e-05
2.88887925929136e-05
2.88883753177721e-05
2.88879580546849e-05
2.88875408036514e-05
2.8887123564671e-05
2.88867063377434e-05
2.88862891228678e-05
2.88858719200439e-05
2.88854547292711e-05
2.88850375505488e-05
2.88846203838766e-05
2.88842032292539e-05
2.88837860866802e-05
2.8883368956155e-05
2.88829518376778e-05
2.8882534731248e-05
2.88821176368651e-05
2.88817005545287e-05
2.8881283484238e-05
2.88808664259928e-05
2.88804493797924e-05
2.88800323456362e-05
2.88796153235239e-05
2.88791983134548e-05
2.88787813154285e-05
2.88783643294444e-05
2.8877947355502e-05
2.88775303936007e-05
2.88771134437402e-05
2.88766965059197e-05
2.88762795801389e-05
2.88758626663972e-05
2.8875445764694e-05
2.88750288750289e-05
2.88746119974013e-05
2.88741951318107e-05
2.88737782782566e-05
2.88733614367385e-05
2.88729446072558e-05
2.8872527789808e-05
2.88721109843946e-05
2.88716941910151e-05
2.8871277409669e-05
2.88708606403557e-05
2.88704438830747e-05
2.88700271378255e-05
2.88696104046076e-05
2.88691936834204e-05
2.88687769742635e-05
2.88683602771363e-05
2.88679435920382e-05
2.88675269189689e-05
2.88671102579276e-05
2.8866693608914e-05
2.88662769719275e-05
2.88658603469676e-05
2.88654437340338e-05
2.88650271331255e-05
2.88646105442422e-05
2.88641939673835e-05
2.88637774025487e-05
2.88633608497373e-05
2.8862944308949e-05
2.8862527780183e-05
2.88621112634389e-05
2.88616947587162e-05
2.88612782660144e-05
2.88608617853329e-05
2.88604453166712e-05
2.88600288600289e-05
2.88596124154053e-05
2.88591959827999e-05
2.88587795622123e-05
2.88583631536419e-05
2.88579467570882e-05
2.88575303725507e-05
2.88571140000289e-05
2.88566976395221e-05
2.885628129103e-05
2.8855864954552e-05
2.88554486300876e-05
2.88550323176362e-05
2.88546160171974e-05
2.88541997287705e-05
2.88537834523552e-05
2.88533671879508e-05
2.88529509355569e-05
2.8852534695173e-05
2.88521184667984e-05
2.88517022504328e-05
2.88512860460755e-05
2.88508698537261e-05
2.8850453673384e-05
2.88500375050488e-05
2.88496213487198e-05
2.88492052043966e-05
2.88487890720787e-05
2.88483729517655e-05
2.88479568434566e-05
2.88475407471513e-05
2.88471246628492e-05
2.88467085905498e-05
2.88462925302525e-05
2.88458764819569e-05
2.88454604456624e-05
2.88450444213684e-05
2.88446284090745e-05
2.88442124087802e-05
2.88437964204849e-05
2.88433804441881e-05
2.88429644798892e-05
2.88425485275879e-05
2.88421325872835e-05
2.88417166589755e-05
2.88413007426635e-05
2.88408848383468e-05
2.88404689460251e-05
2.88400530656976e-05
2.88396371973641e-05
2.88392213410238e-05
2.88388054966763e-05
2.88383896643211e-05
2.88379738439577e-05
2.88375580355855e-05
2.88371422392041e-05
2.88367264548128e-05
2.88363106824113e-05
2.88358949219989e-05
2.88354791735752e-05
2.88350634371396e-05
2.88346477126916e-05
2.88342320002307e-05
2.88338162997564e-05
2.88334006112681e-05
2.88329849347654e-05
2.88325692702477e-05
2.88321536177145e-05
2.88317379771653e-05
2.88313223485995e-05
2.88309067320167e-05
2.88304911274164e-05
2.88300755347979e-05
2.88296599541608e-05
2.88292443855047e-05
2.88288288288288e-05
2.88284132841328e-05
2.88279977514162e-05
2.88275822306783e-05
2.88271667219187e-05
2.88267512251369e-05
2.88263357403324e-05
2.88259202675045e-05
2.88255048066529e-05
2.8825089357777e-05
2.88246739208763e-05
2.88242584959502e-05
2.88238430829983e-05
2.88234276820199e-05
2.88230122930147e-05
2.88225969159821e-05
2.88221815509216e-05
2.88217661978326e-05
2.88213508567147e-05
2.88209355275672e-05
2.88205202103898e-05
2.88201049051819e-05
2.88196896119429e-05
2.88192743306724e-05
2.88188590613698e-05
2.88184438040346e-05
2.88180285586663e-05
2.88176133252644e-05
2.88171981038284e-05
2.88167828943577e-05
2.88163676968518e-05
2.88159525113103e-05
2.88155373377325e-05
2.8815122176118e-05
2.88147070264663e-05
2.88142918887768e-05
2.88138767630491e-05
2.88134616492825e-05
2.88130465474767e-05
2.8812631457631e-05
2.8812216379745e-05
2.88118013138181e-05
2.88113862598499e-05
2.88109712178398e-05
2.88105561877872e-05
2.88101411696917e-05
2.88097261635528e-05
2.88093111693699e-05
2.88088961871426e-05
2.88084812168702e-05
2.88080662585524e-05
2.88076513121885e-05
2.88072363777781e-05
2.88068214553206e-05
2.88064065448156e-05
2.88059916462624e-05
2.88055767596607e-05
2.88051618850098e-05
2.88047470223093e-05
2.88043321715586e-05
2.88039173327573e-05
2.88035025059047e-05
2.88030876910005e-05
2.8802672888044e-05
2.88022580970348e-05
2.88018433179724e-05
2.88014285508561e-05
2.88010137956856e-05
2.88005990524603e-05
2.88001843211797e-05
2.87997696018432e-05
2.87993548944504e-05
2.87989401990007e-05
2.87985255154936e-05
2.87981108439286e-05
2.87976961843053e-05
2.87972815366229e-05
2.87968669008812e-05
2.87964522770795e-05
2.87960376652173e-05
2.87956230652941e-05
2.87952084773094e-05
2.87947939012627e-05
2.87943793371534e-05
2.87939647849811e-05
2.87935502447452e-05
2.87931357164452e-05
2.87927212000806e-05
2.87923066956509e-05
2.87918922031556e-05
2.87914777225941e-05
2.8791063253966e-05
2.87906487972706e-05
2.87902343525076e-05
2.87898199196764e-05
2.87894054987765e-05
2.87889910898073e-05
2.87885766927683e-05
2.87881623076591e-05
2.87877479344791e-05
2.87873335732278e-05
2.87869192239047e-05
2.87865048865092e-05
2.87860905610409e-05
2.87856762474992e-05
2.87852619458837e-05
2.87848476561938e-05
2.87844333784289e-05
2.87840191125887e-05
2.87836048586725e-05
2.87831906166799e-05
2.87827763866103e-05
2.87823621684632e-05
2.87819479622381e-05
2.87815337679345e-05
2.87811195855519e-05
2.87807054150897e-05
2.87802912565475e-05
2.87798771099247e-05
2.87794629752209e-05
2.87790488524354e-05
2.87786347415679e-05
2.87782206426177e-05
2.87778065555843e-05
2.87773924804673e-05
2.87769784172662e-05
2.87765643659803e-05
2.87761503266093e-05
2.87757362991526e-05
2.87753222836096e-05
2.87749082799799e-05
2.87744942882629e-05
2.87740803084581e-05
2.87736663405651e-05
2.87732523845833e-05
2.87728384405122e-05
2.87724245083512e-05
2.87720105880999e-05
2.87715966797577e-05
2.87711827833242e-05
2.87707688987988e-05
2.8770355026181e-05
2.87699411654703e-05
2.87695273166662e-05
2.87691134797681e-05
2.87686996547756e-05
2.87682858416881e-05
2.87678720405052e-05
2.87674582512262e-05
2.87670444738508e-05
2.87666307083783e-05
2.87662169548083e-05
2.87658032131402e-05
2.87653894833736e-05
2.87649757655079e-05
2.87645620595426e-05
2.87641483654773e-05
2.87637346833113e-05
2.87633210130442e-05
2.87629073546754e-05
2.87624937082045e-05
2.87620800736309e-05
2.87616664509542e-05
2.87612528401737e-05
2.87608392412891e-05
2.87604256542997e-05
2.87600120792051e-05
2.87595985160047e-05
2.87591849646981e-05
2.87587714252847e-05
2.8758357897764e-05
2.87579443821356e-05
2.87575308783988e-05
2.87571173865532e-05
2.87567039065982e-05
2.87562904385334e-05
2.87558769823583e-05
2.87554635380722e-05
2.87550501056748e-05
2.87546366851655e-05
2.87542232765437e-05
2.87538098798091e-05
2.8753396494961e-05
2.87529831219989e-05
2.87525697609224e-05
2.87521564117309e-05
2.87517430744239e-05
2.87513297490009e-05
2.87509164354614e-05
2.87505031338048e-05
2.87500898440308e-05
2.87496765661386e-05
2.87492633001279e-05
2.87488500459982e-05
2.87484368037488e-05
2.87480235733793e-05
2.87476103548893e-05
2.8747197148278e-05
2.87467839535452e-05
2.87463707706902e-05
2.87459575997125e-05
2.87455444406117e-05
2.87451312933872e-05
2.87447181580385e-05
2.8744305034565e-05
2.87438919229664e-05
2.8743478823242e-05
2.87430657353913e-05
2.87426526594139e-05
2.87422395953093e-05
2.87418265430768e-05
2.87414135027161e-05
2.87410004742265e-05
2.87405874576076e-05
2.87401744528589e-05
2.87397614599799e-05
2.873934847897e-05
2.87389355098287e-05
2.87385225525556e-05
2.873810960715e-05
2.87376966736116e-05
2.87372837519398e-05
2.8736870842134e-05
2.87364579441938e-05
2.87360450581187e-05
2.8735632183908e-05
2.87352193215615e-05
2.87348064710784e-05
2.87343936324584e-05
2.87339808057008e-05
2.87335679908053e-05
2.87331551877712e-05
2.8732742396598e-05
2.87323296172854e-05
2.87319168498326e-05
2.87315040942393e-05
2.87310913505049e-05
2.8730678618629e-05
2.87302658986109e-05
2.87298531904502e-05
2.87294404941464e-05
2.87290278096989e-05
2.87286151371073e-05
2.87282024763711e-05
2.87277898274896e-05
2.87273771904625e-05
2.87269645652892e-05
2.87265519519692e-05
2.8726139350502e-05
2.8725726760887e-05
2.87253141831239e-05
2.8724901617212e-05
2.87244890631508e-05
2.87240765209399e-05
2.87236639905786e-05
2.87232514720666e-05
2.87228389654033e-05
2.87224264705882e-05
2.87220139876208e-05
2.87216015165006e-05
2.8721189057227e-05
2.87207766097995e-05
2.87203641742177e-05
2.87199517504811e-05
2.8719539338589e-05
2.87191269385411e-05
2.87187145503367e-05
2.87183021739755e-05
2.87178898094568e-05
2.87174774567802e-05
2.87170651159452e-05
2.87166527869512e-05
2.87162404697977e-05
2.87158281644843e-05
2.87154158710104e-05
2.87150035893754e-05
2.8714591319579e-05
2.87141790616206e-05
2.87137668154997e-05
2.87133545812157e-05
2.87129423587682e-05
2.87125301481567e-05
2.87121179493805e-05
2.87117057624393e-05
2.87112935873326e-05
2.87108814240597e-05
2.87104692726203e-05
2.87100571330137e-05
2.87096450052395e-05
2.87092328892972e-05
2.87088207851862e-05
2.87084086929062e-05
2.87079966124564e-05
2.87075845438365e-05
2.87071724870459e-05
2.87067604420841e-05
2.87063484089506e-05
2.8705936387645e-05
2.87055243781666e-05
2.8705112380515e-05
2.87047003946896e-05
2.870428842069e-05
2.87038764585157e-05
2.87034645081661e-05
2.87030525696408e-05
2.87026406429392e-05
2.87022287280607e-05
2.8701816825005e-05
2.87014049337715e-05
2.87009930543597e-05
2.8700581186769e-05
2.87001693309991e-05
2.86997574870492e-05
2.86993456549191e-05
2.8698933834608e-05
2.86985220261157e-05
2.86981102294414e-05
2.86976984445847e-05
2.86972866715452e-05
2.86968749103223e-05
2.86964631609154e-05
2.86960514233242e-05
2.8695639697548e-05
2.86952279835863e-05
2.86948162814388e-05
2.86944045911047e-05
2.86939929125838e-05
2.86935812458753e-05
2.86931695909789e-05
2.8692757947894e-05
2.869234631662e-05
2.86919346971566e-05
2.86915230895032e-05
2.86911114936593e-05
2.86906999096243e-05
2.86902883373978e-05
2.86898767769792e-05
2.86894652283681e-05
2.8689053691564e-05
2.86886421665663e-05
2.86882306533745e-05
2.86878191519881e-05
2.86874076624066e-05
2.86869961846295e-05
2.86865847186563e-05
2.86861732644865e-05
2.86857618221196e-05
2.8685350391555e-05
2.86849389727923e-05
2.8684527565831e-05
2.86841161706705e-05
2.86837047873103e-05
2.868329341575e-05
2.8682882055989e-05
2.86824707080268e-05
2.86820593718629e-05
2.86816480474968e-05
2.8681236734928e-05
2.8680825434156e-05
2.86804141451803e-05
2.86800028680003e-05
2.86795916026156e-05
2.86791803490256e-05
2.86787691072299e-05
2.86783578772279e-05
2.86779466590192e-05
2.86775354526032e-05
2.86771242579794e-05
2.86767130751473e-05
2.86763019041064e-05
2.86758907448563e-05
2.86754795973963e-05
2.8675068461726e-05
2.86746573378448e-05
2.86742462257523e-05
2.8673835125448e-05
2.86734240369314e-05
2.86730129602019e-05
2.8672601895259e-05
2.86721908421022e-05
2.86717798007311e-05
2.86713687711451e-05
2.86709577533438e-05
2.86705467473265e-05
2.86701357530928e-05
2.86697247706422e-05
2.86693137999742e-05
2.86689028410883e-05
2.86684918939839e-05
2.86680809586606e-05
2.86676700351179e-05
2.86672591233552e-05
2.86668482233721e-05
2.8666437335168e-05
2.86660264587424e-05
2.86656155940949e-05
2.86652047412249e-05
2.86647939001319e-05
2.86643830708154e-05
2.86639722532749e-05
2.86635614475099e-05
2.86631506535198e-05
2.86627398713043e-05
2.86623291008627e-05
2.86619183421946e-05
2.86615075952995e-05
2.86610968601768e-05
2.86606861368261e-05
2.86602754252468e-05
2.86598647254385e-05
2.86594540374006e-05
2.86590433611326e-05
2.8658632696634e-05
2.86582220439044e-05
2.86578114029432e-05
2.86574007737498e-05
2.86569901563239e-05
2.86565795506648e-05
2.86561689567722e-05
2.86557583746454e-05
2.8655347804284e-05
2.86549372456874e-05
2.86545266988553e-05
2.86541161637869e-05
2.8653705640482e-05
2.86532951289398e-05
2.865288462916e-05
2.86524741411421e-05
2.86520636648855e-05
2.86516532003897e-05
2.86512427476542e-05
2.86508323066785e-05
2.86504218774621e-05
2.86500114600046e-05
2.86496010543053e-05
2.86491906603638e-05
2.86487802781797e-05
2.86483699077523e-05
2.86479595490811e-05
2.86475492021658e-05
2.86471388670057e-05
2.86467285436003e-05
2.86463182319492e-05
2.86459079320519e-05
2.86454976439078e-05
2.86450873675165e-05
2.86446771028774e-05
2.864426684999e-05
2.86438566088538e-05
2.86434463794684e-05
2.86430361618332e-05
2.86426259559476e-05
2.86422157618113e-05
2.86418055794237e-05
2.86413954087843e-05
2.86409852498926e-05
2.86405751027481e-05
2.86401649673502e-05
2.86397548436985e-05
2.86393447317925e-05
2.86389346316317e-05
2.86385245432155e-05
2.86381144665435e-05
2.86377044016152e-05
2.863729434843e-05
2.86368843069874e-05
2.8636474277287e-05
2.86360642593282e-05
2.86356542531105e-05
2.86352442586335e-05
2.86348342758966e-05
2.86344243048993e-05
2.86340143456412e-05
2.86336043981216e-05
2.86331944623402e-05
2.86327845382964e-05
2.86323746259896e-05
2.86319647254195e-05
2.86315548365854e-05
2.86311449594869e-05
2.86307350941235e-05
2.86303252404947e-05
2.86299153986e-05
2.86295055684388e-05
2.86290957500107e-05
2.86286859433152e-05
2.86282761483517e-05
2.86278663651198e-05
2.86274565936189e-05
2.86270468338486e-05
2.86266370858083e-05
2.86262273494976e-05
2.86258176249159e-05
2.86254079120627e-05
2.86249982109376e-05
2.862458852154e-05
2.86241788438694e-05
2.86237691779253e-05
2.86233595237073e-05
2.86229498812148e-05
2.86225402504472e-05
2.86221306314042e-05
2.86217210240852e-05
2.86213114284897e-05
2.86209018446171e-05
2.86204922724671e-05
2.8620082712039e-05
2.86196731633325e-05
2.86192636263469e-05
2.86188541010818e-05
2.86184445875367e-05
2.8618035085711e-05
2.86176255956043e-05
2.86172161172161e-05
2.86168066505459e-05
2.86163971955931e-05
2.86159877523572e-05
2.86155783208379e-05
2.86151689010344e-05
2.86147594929465e-05
2.86143500965734e-05
2.86139407119148e-05
2.86135313389702e-05
2.8613121977739e-05
2.86127126282207e-05
2.86123032904149e-05
2.8611893964321e-05
2.86114846499385e-05
2.86110753472669e-05
2.86106660563058e-05
2.86102567770546e-05
2.86098475095128e-05
2.86094382536799e-05
2.86090290095554e-05
2.86086197771389e-05
2.86082105564297e-05
2.86078013474274e-05
2.86073921501316e-05
2.86069829645416e-05
2.86065737906571e-05
2.86061646284774e-05
2.86057554780022e-05
2.86053463392308e-05
2.86049372121628e-05
2.86045280967977e-05
2.8604118993135e-05
2.86037099011742e-05
2.86033008209147e-05
2.86028917523562e-05
2.8602482695498e-05
2.86020736503397e-05
2.86016646168807e-05
2.86012555951206e-05
2.86008465850589e-05
2.86004375866951e-05
2.86000286000286e-05
2.8599619625059e-05
2.85992106617857e-05
2.85988017102083e-05
2.85983927703263e-05
2.85979838421391e-05
2.85975749256463e-05
2.85971660208473e-05
2.85967571277417e-05
2.85963482463289e-05
2.85959393766085e-05
2.85955305185799e-05
2.85951216722427e-05
2.85947128375963e-05
2.85943040146403e-05
2.85938952033741e-05
2.85934864037972e-05
2.85930776159092e-05
2.85926688397095e-05
2.85922600751976e-05
2.85918513223731e-05
2.85914425812354e-05
2.85910338517841e-05
2.85906251340186e-05
2.85902164279384e-05
2.8589807733543e-05
2.8589399050832e-05
2.85889903798047e-05
2.85885817204608e-05
2.85881730727998e-05
2.8587764436821e-05
2.85873558125241e-05
2.85869471999085e-05
2.85865385989737e-05
2.85861300097193e-05
2.85857214321446e-05
2.85853128662493e-05
2.85849043120328e-05
2.85844957694946e-05
2.85840872386343e-05
2.85836787194512e-05
2.85832702119449e-05
2.8582861716115e-05
2.85824532319609e-05
2.85820447594821e-05
2.85816362986781e-05
2.85812278495484e-05
2.85808194120925e-05
2.858041098631e-05
2.85800025722002e-05
2.85795941697628e-05
2.85791857789972e-05
2.85787773999028e-05
2.85783690324793e-05
2.85779606767261e-05
2.85775523326427e-05
2.85771440002286e-05
2.85767356794833e-05
2.85763273704064e-05
2.85759190729972e-05
2.85755107872553e-05
2.85751025131803e-05
2.85746942507715e-05
2.85742860000286e-05
2.85738777609509e-05
2.85734695335381e-05
2.85730613177896e-05
2.85726531137049e-05
2.85722449212835e-05
2.85718367405249e-05
2.85714285714286e-05
2.85710204139941e-05
2.85706122682209e-05
2.85702041341085e-05
2.85697960116565e-05
2.85693879008642e-05
2.85689798017313e-05
2.85685717142571e-05
2.85681636384413e-05
2.85677555742833e-05
2.85673475217826e-05
2.85669394809387e-05
2.85665314517511e-05
2.85661234342194e-05
2.85657154283429e-05
2.85653074341213e-05
2.85648994515539e-05
2.85644914806404e-05
2.85640835213802e-05
2.85636755737728e-05
2.85632676378178e-05
2.85628597135145e-05
2.85624518008626e-05
2.85620438998615e-05
2.85616360105107e-05
2.85612281328097e-05
2.85608202667581e-05
2.85604124123552e-05
2.85600045696007e-05
2.85595967384941e-05
2.85591889190347e-05
2.85587811112222e-05
2.8558373315056e-05
2.85579655305356e-05
2.85575577576606e-05
2.85571499964304e-05
2.85567422468445e-05
2.85563345089024e-05
2.85559267826037e-05
2.85555190679479e-05
2.85551113649343e-05
2.85547036735626e-05
2.85542959938323e-05
2.85538883257428e-05
2.85534806692936e-05
2.85530730244843e-05
2.85526653913143e-05
2.85522577697831e-05
2.85518501598904e-05
2.85514425616354e-05
2.85510349750178e-05
2.85506274000371e-05
2.85502198366927e-05
2.85498122849842e-05
2.85494047449111e-05
2.85489972164728e-05
2.85485896996688e-05
2.85481821944988e-05
2.85477747009621e-05
2.85473672190582e-05
2.85469597487868e-05
2.85465522901472e-05
2.85461448431389e-05
2.85457374077616e-05
2.85453299840146e-05
2.85449225718975e-05
2.85445151714098e-05
2.8544107782551e-05
2.85437004053205e-05
2.8543293039718e-05
2.85428856857428e-05
2.85424783433946e-05
2.85420710126727e-05
2.85416636935767e-05
2.85412563861061e-05
2.85408490902604e-05
2.85404418060392e-05
2.85400345334418e-05
2.85396272724678e-05
2.85392200231168e-05
2.85388127853881e-05
2.85384055592814e-05
2.85379983447961e-05
2.85375911419317e-05
2.85371839506877e-05
2.85367767710637e-05
2.85363696030591e-05
2.85359624466734e-05
2.85355553019062e-05
2.85351481687569e-05
2.8534741047225e-05
2.85343339373101e-05
2.85339268390116e-05
2.8533519752329e-05
2.8533112677262e-05
2.85327056138098e-05
2.85322985619722e-05
2.85318915217484e-05
2.85314844931382e-05
2.85310774761409e-05
2.85306704707561e-05
2.85302634769832e-05
2.85298564948218e-05
2.85294495242714e-05
2.85290425653315e-05
2.85286356180016e-05
2.85282286822811e-05
2.85278217581697e-05
2.85274148456667e-05
2.85270079447717e-05
2.85266010554842e-05
2.85261941778038e-05
2.85257873117298e-05
2.85253804572618e-05
2.85249736143994e-05
2.8524566783142e-05
2.85241599634891e-05
2.85237531554402e-05
2.85233463589948e-05
2.85229395741525e-05
2.85225328009127e-05
2.8522126039275e-05
2.85217192892388e-05
2.85213125508036e-05
2.8520905823969e-05
2.85204991087344e-05
2.85200924050994e-05
2.85196857130634e-05
2.85192790326261e-05
2.85188723637867e-05
2.8518465706545e-05
2.85180590609003e-05
2.85176524268522e-05
2.85172458044002e-05
2.85168391935438e-05
2.85164325942825e-05
2.85160260066157e-05
2.85156194305431e-05
2.8515212866064e-05
2.85148063131781e-05
2.85143997718848e-05
2.85139932421836e-05
2.8513586724074e-05
2.85131802175556e-05
2.85127737226277e-05
2.851236723929e-05
2.8511960767542e-05
2.85115543073831e-05
2.85111478588128e-05
2.85107414218307e-05
2.85103349964362e-05
2.85099285826289e-05
2.85095221804083e-05
2.85091157897738e-05
2.8508709410725e-05
2.85083030432613e-05
2.85078966873824e-05
2.85074903430876e-05
2.85070840103766e-05
2.85066776892487e-05
2.85062713797035e-05
2.85058650817406e-05
2.85054587953593e-05
2.85050525205593e-05
2.85046462573399e-05
2.85042400057008e-05
2.85038337656415e-05
2.85034275371613e-05
2.85030213202599e-05
2.85026151149368e-05
2.85022089211914e-05
2.85018027390232e-05
2.85013965684319e-05
2.85009904094167e-05
2.85005842619774e-05
2.85001781261133e-05
2.8499772001824e-05
2.8499365889109e-05
2.84989597879677e-05
2.84985536983998e-05
2.84981476204047e-05
2.84977415539818e-05
2.84973354991308e-05
2.84969294558511e-05
2.84965234241423e-05
2.84961174040037e-05
2.8495711395435e-05
2.84953053984356e-05
2.84948994130051e-05
2.84944934391429e-05
2.84940874768486e-05
2.84936815261216e-05
2.84932755869615e-05
2.84928696593677e-05
2.84924637433399e-05
2.84920578388774e-05
2.84916519459798e-05
2.84912460646466e-05
2.84908401948773e-05
2.84904343366715e-05
2.84900284900285e-05
2.84896226549479e-05
2.84892168314293e-05
2.84888110194721e-05
2.84884052190758e-05
2.848799943024e-05
2.84875936529641e-05
2.84871878872477e-05
2.84867821330902e-05
2.84863763904912e-05
2.84859706594502e-05
2.84855649399667e-05
2.84851592320401e-05
2.848475353567e-05
2.8484347850856e-05
2.84839421775974e-05
2.84835365158938e-05
2.84831308657448e-05
2.84827252271497e-05
2.84823196001082e-05
2.84819139846198e-05
2.84815083806838e-05
2.84811027883e-05
2.84806972074676e-05
2.84802916381864e-05
2.84798860804557e-05
2.84794805342751e-05
2.8479074999644e-05
2.84786694765621e-05
2.84782639650287e-05
2.84778584650434e-05
2.84774529766058e-05
2.84770474997152e-05
2.84766420343713e-05
2.84762365805735e-05
2.84758311383213e-05
2.84754257076143e-05
2.8475020288452e-05
2.84746148808337e-05
2.84742094847592e-05
2.84738041002278e-05
2.84733987272391e-05
2.84729933657925e-05
2.84725880158877e-05
2.84721826775241e-05
2.84717773507011e-05
2.84713720354184e-05
2.84709667316754e-05
2.84705614394716e-05
2.84701561588065e-05
2.84697508896797e-05
2.84693456320906e-05
2.84689403860388e-05
2.84685351515238e-05
2.8468129928545e-05
2.8467724717102e-05
2.84673195171943e-05
2.84669143288213e-05
2.84665091519827e-05
2.84661039866779e-05
2.84656988329063e-05
2.84652936906677e-05
2.84648885599613e-05
2.84644834407868e-05
2.84640783331436e-05
2.84636732370312e-05
2.84632681524493e-05
2.84628630793972e-05
2.84624580178744e-05
2.84620529678806e-05
2.84616479294151e-05
2.84612429024776e-05
2.84608378870674e-05
2.84604328831842e-05
2.84600278908273e-05
2.84596229099964e-05
2.8459217940691e-05
2.84588129829105e-05
2.84584080366544e-05
2.84580031019223e-05
2.84575981787137e-05
2.84571932670281e-05
2.84567883668649e-05
2.84563834782238e-05
2.84559786011041e-05
2.84555737355054e-05
2.84551688814273e-05
2.84547640388692e-05
2.84543592078306e-05
2.84539543883111e-05
2.84535495803101e-05
2.84531447838272e-05
2.84527399988619e-05
2.84523352254136e-05
2.84519304634819e-05
2.84515257130664e-05
2.84511209741664e-05
2.84507162467815e-05
2.84503115309113e-05
2.84499068265551e-05
2.84495021337127e-05
2.84490974523833e-05
2.84486927825666e-05
2.84482881242621e-05
2.84478834774693e-05
2.84474788421876e-05
2.84470742184166e-05
2.84466696061559e-05
2.84462650054048e-05
2.84458604161629e-05
2.84454558384298e-05
2.84450512722049e-05
2.84446467174878e-05
2.84442421742779e-05
2.84438376425747e-05
2.84434331223779e-05
2.84430286136868e-05
2.8442624116501e-05
2.844221963082e-05
2.84418151566433e-05
2.84414106939704e-05
2.84410062428009e-05
2.84406018031342e-05
2.84401973749698e-05
2.84397929583073e-05
2.84393885531461e-05
2.84389841594858e-05
2.84385797773259e-05
2.84381754066659e-05
2.84377710475053e-05
2.84373666998436e-05
2.84369623636803e-05
2.8436558039015e-05
2.8436153725847e-05
2.84357494241761e-05
2.84353451340016e-05
2.8434940855323e-05
2.843453658814e-05
2.84341323324519e-05
2.84337280882583e-05
2.84333238555587e-05
2.84329196343527e-05
2.84325154246396e-05
2.84321112264191e-05
2.84317070396907e-05
2.84313028644538e-05
2.84308987007079e-05
2.84304945484527e-05
2.84300904076875e-05
2.84296862784119e-05
2.84292821606254e-05
2.84288780543276e-05
2.84284739595179e-05
2.84280698761958e-05
2.84276658043608e-05
2.84272617440125e-05
2.84268576951504e-05
2.84264536577739e-05
2.84260496318827e-05
2.84256456174761e-05
2.84252416145537e-05
2.84248376231151e-05
2.84244336431597e-05
2.8424029674687e-05
2.84236257176966e-05
2.84232217721879e-05
2.84228178381605e-05
2.84224139156139e-05
2.84220100045475e-05
2.8421606104961e-05
2.84212022168538e-05
2.84207983402254e-05
2.84203944750753e-05
2.84199906214031e-05
2.84195867792082e-05
2.84191829484902e-05
2.84187791292486e-05
2.84183753214829e-05
2.84179715251925e-05
2.84175677403771e-05
2.84171639670361e-05
2.8416760205169e-05
2.84163564547754e-05
2.84159527158547e-05
2.84155489884065e-05
2.84151452724302e-05
2.84147415679254e-05
2.84143378748917e-05
2.84139341933284e-05
2.84135305232352e-05
2.84131268646115e-05
2.84127232174568e-05
2.84123195817707e-05
2.84119159575526e-05
2.84115123448021e-05
2.84111087435187e-05
2.84107051537019e-05
2.84103015753512e-05
2.84098980084662e-05
2.84094944530462e-05
2.84090909090909e-05
2.84086873765998e-05
2.84082838555723e-05
2.8407880346008e-05
2.84074768479064e-05
2.8407073361267e-05
2.84066698860893e-05
2.84062664223728e-05
2.8405862970117e-05
2.84054595293215e-05
2.84050560999858e-05
2.84046526821093e-05
2.84042492756916e-05
2.84038458807323e-05
2.84034424972307e-05
2.84030391251864e-05
2.8402635764599e-05
2.84022324154679e-05
2.84018290777926e-05
2.84014257515727e-05
2.84010224368077e-05
2.84006191334971e-05
2.84002158416404e-05
2.83998125612371e-05
2.83994092922867e-05
2.83990060347888e-05
2.83986027887428e-05
2.83981995541483e-05
2.83977963310047e-05
2.83973931193116e-05
2.83969899190686e-05
2.8396586730275e-05
2.83961835529305e-05
2.83957803870345e-05
2.83953772325865e-05
2.83949740895861e-05
2.83945709580328e-05
2.83941678379261e-05
2.83937647292655e-05
2.83933616320504e-05
2.83929585462805e-05
2.83925554719553e-05
2.83921524090741e-05
2.83917493576367e-05
2.83913463176424e-05
2.83909432890908e-05
2.83905402719814e-05
2.83901372663137e-05
2.83897342720872e-05
2.83893312893015e-05
2.8388928317956e-05
2.83885253580503e-05
2.83881224095838e-05
2.83877194725562e-05
2.83873165469668e-05
2.83869136328153e-05
2.83865107301011e-05
2.83861078388237e-05
2.83857049589827e-05
2.83853020905775e-05
2.83848992336077e-05
2.83844963880728e-05
2.83840935539724e-05
2.83836907313058e-05
2.83832879200727e-05
2.83828851202725e-05
2.83824823319047e-05
2.8382079554969e-05
2.83816767894647e-05
2.83812740353914e-05
2.83808712927487e-05
2.8380468561536e-05
2.83800658417528e-05
2.83796631333986e-05
2.8379260436473e-05
2.83788577509755e-05
2.83784550769056e-05
2.83780524142628e-05
2.83776497630466e-05
2.83772471232566e-05
2.83768444948922e-05
2.83764418779529e-05
2.83760392724384e-05
2.8375636678348e-05
2.83752340956813e-05
2.83748315244378e-05
2.83744289646171e-05
2.83740264162186e-05
2.83736238792419e-05
2.83732213536864e-05
2.83728188395517e-05
2.83724163368373e-05
2.83720138455428e-05
2.83716113656675e-05
2.83712088972111e-05
2.83708064401731e-05
2.83704039945529e-05
2.83700015603501e-05
2.83695991375642e-05
2.83691967261947e-05
2.83687943262411e-05
2.8368391937703e-05
2.83679895605798e-05
2.83675871948711e-05
2.83671848405764e-05
2.83667824976952e-05
2.8366380166227e-05
2.83659778461713e-05
2.83655755375277e-05
2.83651732402956e-05
2.83647709544745e-05
2.83643686800641e-05
2.83639664170638e-05
2.8363564165473e-05
2.83631619252914e-05
2.83627596965185e-05
2.83623574791537e-05
2.83619552731965e-05
2.83615530786466e-05
2.83611508955033e-05
2.83607487237663e-05
2.8360346563435e-05
2.83599444145089e-05
2.83595422769876e-05
2.83591401508706e-05
2.83587380361574e-05
2.83583359328475e-05
2.83579338409403e-05
2.83575317604356e-05
2.83571296913326e-05
2.83567276336311e-05
2.83563255873304e-05
2.83559235524301e-05
2.83555215289297e-05
2.83551195168288e-05
2.83547175161267e-05
2.83543155268232e-05
2.83539135489176e-05
2.83535115824095e-05
2.83531096272984e-05
2.83527076835838e-05
2.83523057512652e-05
2.83519038303422e-05
2.83515019208143e-05
2.83511000226809e-05
2.83506981359416e-05
2.83502962605959e-05
2.83498943966434e-05
2.83494925440835e-05
2.83490907029157e-05
2.83486888731396e-05
2.83482870547547e-05
2.83478852477605e-05
2.83474834521565e-05
2.83470816679423e-05
2.83466798951173e-05
2.8346278133681e-05
2.83458763836331e-05
2.83454746449729e-05
2.83450729177001e-05
2.83446712018141e-05
2.83442694973144e-05
2.83438678042006e-05
2.83434661224721e-05
2.83430644521286e-05
2.83426627931694e-05
2.83422611455942e-05
2.83418595094024e-05
2.83414578845936e-05
2.83410562711672e-05
2.83406546691229e-05
2.834025307846e-05
2.83398514991781e-05
2.83394499312768e-05
2.83390483747556e-05
2.83386468296139e-05
2.83382452958513e-05
2.83378437734673e-05
2.83374422624614e-05
2.83370407628331e-05
2.8336639274582e-05
2.83362377977076e-05
2.83358363322093e-05
2.83354348780868e-05
2.83350334353395e-05
2.83346320039668e-05
2.83342305839685e-05
2.83338291753439e-05
2.83334277780926e-05
2.83330263922141e-05
2.83326250177079e-05
2.83322236545735e-05
2.83318223028105e-05
2.83314209624184e-05
2.83310196333966e-05
2.83306183157447e-05
2.83302170094623e-05
2.83298157145488e-05
2.83294144310037e-05
2.83290131588266e-05
2.8328611898017e-05
2.83282106485744e-05
2.83278094104983e-05
2.83274081837882e-05
2.83270069684437e-05
2.83266057644643e-05
2.83262045718494e-05
2.83258033905987e-05
2.83254022207115e-05
2.83250010621875e-05
2.83245999150262e-05
2.8324198779227e-05
2.83237976547896e-05
2.83233965417133e-05
2.83229954399977e-05
2.83225943496424e-05
2.83221932706469e-05
2.83217922030106e-05
2.83213911467331e-05
2.8320990101814e-05
2.83205890682526e-05
2.83201880460486e-05
2.83197870352015e-05
2.83193860357107e-05
2.83189850475759e-05
2.83185840707965e-05
2.8318183105372e-05
2.83177821513019e-05
2.83173812085858e-05
2.83169802772232e-05
2.83165793572137e-05
2.83161784485566e-05
2.83157775512516e-05
2.83153766652981e-05
2.83149757906957e-05
2.83145749274439e-05
2.83141740755422e-05
2.83137732349902e-05
2.83133724057873e-05
2.8312971587933e-05
2.8312570781427e-05
2.83121699862686e-05
2.83117692024575e-05
2.83113684299931e-05
2.83109676688749e-05
2.83105669191026e-05
2.83101661806755e-05
2.83097654535932e-05
2.83093647378553e-05
2.83089640334612e-05
2.83085633404105e-05
2.83081626587026e-05
2.83077619883372e-05
2.83073613293137e-05
2.83069606816316e-05
2.83065600452905e-05
2.83061594202899e-05
2.83057588066292e-05
2.83053582043081e-05
2.8304957613326e-05
2.83045570336824e-05
2.83041564653769e-05
2.8303755908409e-05
2.83033553627783e-05
2.83029548284841e-05
2.83025543055261e-05
2.83021537939037e-05
2.83017532936165e-05
2.83013528046641e-05
2.83009523270458e-05
2.83005518607613e-05
2.830015140581e-05
2.82997509621915e-05
2.82993505299053e-05
2.8298950108951e-05
2.82985496993279e-05
2.82981493010357e-05
2.82977489140739e-05
2.82973485384419e-05
2.82969481741394e-05
2.82965478211658e-05
2.82961474795207e-05
2.82957471492035e-05
2.82953468302138e-05
2.82949465225511e-05
2.82945462262149e-05
2.82941459412048e-05
2.82937456675202e-05
2.82933454051607e-05
2.82929451541258e-05
2.82925449144151e-05
2.82921446860279e-05
2.8291744468964e-05
2.82913442632227e-05
2.82909440688036e-05
2.82905438857062e-05
2.82901437139301e-05
2.82897435534747e-05
2.82893434043396e-05
2.82889432665243e-05
2.82885431400283e-05
2.82881430248511e-05
2.82877429209923e-05
2.82873428284514e-05
2.82869427472279e-05
2.82865426773213e-05
2.82861426187311e-05
2.82857425714569e-05
2.82853425354981e-05
2.82849425108543e-05
2.82845424975251e-05
2.82841424955099e-05
2.82837425048082e-05
2.82833425254197e-05
2.82829425573437e-05
2.82825426005798e-05
2.82821426551276e-05
2.82817427209865e-05
2.82813427981561e-05
2.82809428866358e-05
2.82805429864253e-05
2.82801430975241e-05
2.82797432199316e-05
2.82793433536473e-05
2.82789434986709e-05
2.82785436550018e-05
2.82781438226395e-05
2.82777440015836e-05
2.82773441918335e-05
2.82769443933889e-05
2.82765446062491e-05
2.82761448304138e-05
2.82757450658825e-05
2.82753453126546e-05
2.82749455707298e-05
2.82745458401074e-05
2.82741461207872e-05
2.82737464127684e-05
2.82733467160508e-05
2.82729470306337e-05
2.82725473565168e-05
2.82721476936996e-05
2.82717480421814e-05
2.8271348401962e-05
2.82709487730408e-05
2.82705491554173e-05
2.82701495490911e-05
2.82697499540617e-05
2.82693503703285e-05
2.82689507978911e-05
2.82685512367491e-05
2.8268151686902e-05
2.82677521483492e-05
2.82673526210903e-05
2.82669531051248e-05
2.82665536004523e-05
2.82661541070722e-05
2.82657546249841e-05
2.82653551541875e-05
2.82649556946819e-05
2.82645562464669e-05
2.8264156809542e-05
2.82637573839066e-05
2.82633579695604e-05
2.82629585665027e-05
2.82625591747333e-05
2.82621597942515e-05
2.82617604250569e-05
2.8261361067149e-05
2.82609617205273e-05
2.82605623851915e-05
2.82601630611409e-05
2.82597637483751e-05
2.82593644468936e-05
2.8258965156696e-05
2.82585658777817e-05
2.82581666101503e-05
2.82577673538014e-05
2.82573681087344e-05
2.82569688749488e-05
2.82565696524442e-05
2.82561704412201e-05
2.8255771241276e-05
2.82553720526115e-05
2.8254972875226e-05
2.82545737091192e-05
2.82541745542904e-05
2.82537754107393e-05
2.82533762784653e-05
2.8252977157468e-05
2.82525780477469e-05
2.82521789493015e-05
2.82517798621313e-05
2.82513807862359e-05
2.82509817216148e-05
2.82505826682675e-05
2.82501836261936e-05
2.82497845953925e-05
2.82493855758637e-05
2.82489865676069e-05
2.82485875706215e-05
2.8248188584907e-05
2.8247789610463e-05
2.8247390647289e-05
2.82469916953844e-05
2.8246592754749e-05
2.8246193825382e-05
2.82457949072832e-05
2.82453960004519e-05
2.82449971048878e-05
2.82445982205903e-05
2.8244199347559e-05
2.82438004857934e-05
2.8243401635293e-05
2.82430027960573e-05
2.82426039680859e-05
2.82422051513782e-05
2.82418063459339e-05
2.82414075517524e-05
2.82410087688332e-05
2.82406099971759e-05
2.82402112367801e-05
2.82398124876451e-05
2.82394137497706e-05
2.8239015023156e-05
2.82386163078009e-05
2.82382176037049e-05
2.82378189108673e-05
2.82374202292879e-05
2.8237021558966e-05
2.82366228999012e-05
2.8236224252093e-05
2.8235825615541e-05
2.82354269902447e-05
2.82350283762035e-05
2.82346297734171e-05
2.82342311818849e-05
2.82338326016065e-05
2.82334340325814e-05
2.82330354748091e-05
2.82326369282891e-05
2.8232238393021e-05
2.82318398690043e-05
2.82314413562384e-05
2.82310428547231e-05
2.82306443644576e-05
2.82302458854417e-05
2.82298474176747e-05
2.82294489611563e-05
2.82290505158859e-05
2.82286520818631e-05
2.82282536590874e-05
2.82278552475583e-05
2.82274568472753e-05
2.82270584582381e-05
2.8226660080446e-05
2.82262617138986e-05
2.82258633585955e-05
2.82254650145361e-05
2.822506668172e-05
2.82246683601468e-05
2.82242700498158e-05
2.82238717507268e-05
2.82234734628791e-05
2.82230751862723e-05
2.82226769209059e-05
2.82222786667796e-05
2.82218804238926e-05
2.82214821922447e-05
2.82210839718354e-05
2.8220685762664e-05
2.82202875647303e-05
2.82198893780336e-05
2.82194912025736e-05
2.82190930383497e-05
2.82186948853616e-05
2.82182967436086e-05
2.82178986130903e-05
2.82175004938063e-05
2.8217102385756e-05
2.82167042889391e-05
2.82163062033549e-05
2.82159081290031e-05
2.82155100658832e-05
2.82151120139947e-05
2.82147139733371e-05
2.82143159439099e-05
2.82139179257128e-05
2.82135199187451e-05
2.82131219230064e-05
2.82127239384963e-05
2.82123259652142e-05
2.82119280031597e-05
2.82115300523324e-05
2.82111321127317e-05
2.82107341843571e-05
2.82103362672083e-05
2.82099383612847e-05
2.82095404665858e-05
2.82091425831112e-05
2.82087447108604e-05
2.82083468498329e-05
2.82079490000282e-05
2.82075511614459e-05
2.82071533340855e-05
2.82067555179465e-05
2.82063577130285e-05
2.8205959919331e-05
2.82055621368534e-05
2.82051643655953e-05
2.82047666055563e-05
2.82043688567359e-05
2.82039711191336e-05
2.82035733927489e-05
2.82031756775813e-05
2.82027779736304e-05
2.82023802808957e-05
2.82019825993767e-05
2.8201584929073e-05
2.82011872699841e-05
2.82007896221094e-05
2.82003919854486e-05
2.81999943600011e-05
2.81995967457665e-05
2.81991991427443e-05
2.81988015509341e-05
2.81984039703353e-05
2.81980064009475e-05
2.81976088427701e-05
2.81972112958028e-05
2.81968137600451e-05
2.81964162354965e-05
2.81960187221564e-05
2.81956212200245e-05
2.81952237291003e-05
2.81948262493832e-05
2.81944287808729e-05
2.81940313235688e-05
2.81936338774705e-05
2.81932364425774e-05
2.81928390188892e-05
2.81924416064053e-05
2.81920442051253e-05
2.81916468150487e-05
2.8191249436175e-05
2.81908520685038e-05
2.81904547120345e-05
2.81900573667667e-05
2.81896600327e-05
2.81892627098338e-05
2.81888653981677e-05
2.81884680977012e-05
2.81880708084339e-05
2.81876735303652e-05
2.81872762634947e-05
2.81868790078219e-05
2.81864817633463e-05
2.81860845300675e-05
2.8185687307985e-05
2.81852900970983e-05
2.8184892897407e-05
2.81844957089105e-05
2.81840985316085e-05
2.81837013655003e-05
2.81833042105856e-05
2.81829070668639e-05
2.81825099343348e-05
2.81821128129976e-05
2.8181715702852e-05
2.81813186038975e-05
2.81809215161336e-05
2.81805244395598e-05
2.81801273741757e-05
2.81797303199808e-05
2.81793332769747e-05
2.81789362451567e-05
2.81785392245266e-05
2.81781422150838e-05
2.81777452168277e-05
2.81773482297581e-05
2.81769512538743e-05
2.8176554289176e-05
2.81761573356626e-05
2.81757603933336e-05
2.81753634621887e-05
2.81749665422272e-05
2.81745696334488e-05
2.8174172735853e-05
2.81737758494393e-05
2.81733789742073e-05
2.81729821101564e-05
2.81725852572861e-05
2.81721884155961e-05
2.81717915850859e-05
2.81713947657549e-05
2.81709979576026e-05
2.81706011606288e-05
2.81702043748327e-05
2.81698076002141e-05
2.81694108367723e-05
2.8169014084507e-05
2.81686173434177e-05
2.81682206135038e-05
2.8167823894765e-05
2.81674271872007e-05
2.81670304908105e-05
2.81666338055939e-05
2.81662371315504e-05
2.81658404686796e-05
2.81654438169809e-05
2.8165047176454e-05
2.81646505470983e-05
2.81642539289134e-05
2.81638573218988e-05
2.8163460726054e-05
2.81630641413786e-05
2.8162667567872e-05
2.81622710055339e-05
2.81618744543637e-05
2.81614779143609e-05
2.81610813855252e-05
2.8160684867856e-05
2.81602883613528e-05
2.81598918660152e-05
2.81594953818428e-05
2.81590989088349e-05
2.81587024469912e-05
2.81583059963113e-05
2.81579095567945e-05
2.81575131284405e-05
2.81571167112488e-05
2.81567203052188e-05
2.81563239103503e-05
2.81559275266425e-05
2.81555311540952e-05
2.81551347927078e-05
2.81547384424799e-05
2.81543421034109e-05
2.81539457755004e-05
2.8153549458748e-05
2.81531531531532e-05
2.81527568587154e-05
2.81523605754343e-05
2.81519643033093e-05
2.815156804234e-05
2.81511717925259e-05
2.81507755538665e-05
2.81503793263614e-05
2.81499831100101e-05
2.81495869048122e-05
2.81491907107671e-05
2.81487945278743e-05
2.81483983561335e-05
2.81480021955442e-05
2.81476060461058e-05
2.81472099078179e-05
2.814681378068e-05
2.81464176646917e-05
2.81460215598525e-05
2.81456254661619e-05
2.81452293836195e-05
2.81448333122247e-05
2.81444372519771e-05
2.81440412028763e-05
2.81436451649218e-05
2.8143249138113e-05
2.81428531224496e-05
2.8142457117931e-05
2.81420611245568e-05
2.81416651423265e-05
2.81412691712396e-05
2.81408732112957e-05
2.81404772624944e-05
2.8140081324835e-05
2.81396853983172e-05
2.81392894829406e-05
2.81388935787045e-05
2.81384976856086e-05
2.81381018036523e-05
2.81377059328353e-05
2.8137310073157e-05
2.8136914224617e-05
2.81365183872148e-05
2.81361225609499e-05
2.81357267458218e-05
2.81353309418302e-05
2.81349351489745e-05
2.81345393672542e-05
2.81341435966689e-05
2.81337478372181e-05
2.81333520889014e-05
2.81329563517182e-05
2.81325606256681e-05
2.81321649107507e-05
2.81317692069654e-05
2.81313735143118e-05
2.81309778327895e-05
2.81305821623979e-05
2.81301865031365e-05
2.8129790855005e-05
2.81293952180028e-05
2.81289995921295e-05
2.81286039773846e-05
2.81282083737676e-05
2.81278127812781e-05
2.81274171999156e-05
2.81270216296796e-05
2.81266260705697e-05
2.81262305225854e-05
2.81258349857261e-05
2.81254394599916e-05
2.81250439453812e-05
2.81246484418945e-05
2.8124252949531e-05
2.81238574682903e-05
2.8123461998172e-05
2.81230665391754e-05
2.81226710913003e-05
2.8122275654546e-05
2.81218802289121e-05
2.81214848143982e-05
2.81210894110038e-05
2.81206940187284e-05
2.81202986375715e-05
2.81199032675328e-05
2.81195079086116e-05
2.81191125608076e-05
2.81187172241202e-05
2.81183218985491e-05
2.81179265840937e-05
2.81175312807536e-05
2.81171359885282e-05
2.81167407074172e-05
2.811634543742e-05
2.81159501785363e-05
2.81155549307654e-05
2.81151596941071e-05
2.81147644685607e-05
2.81143692541258e-05
2.8113974050802e-05
2.81135788585887e-05
2.81131836774856e-05
2.81127885074921e-05
2.81123933486077e-05
2.81119982008321e-05
2.81116030641647e-05
2.81112079386051e-05
2.81108128241528e-05
2.81104177208073e-05
2.81100226285682e-05
2.8109627547435e-05
2.81092324774072e-05
2.81088374184844e-05
2.8108442370666e-05
2.81080473339517e-05
2.81076523083409e-05
2.81072572938333e-05
2.81068622904282e-05
2.81064672981253e-05
2.81060723169241e-05
2.81056773468241e-05
2.81052823878248e-05
2.81048874399258e-05
2.81044925031266e-05
2.81040975774268e-05
2.81037026628258e-05
2.81033077593233e-05
2.81029128669187e-05
2.81025179856115e-05
2.81021231154014e-05
2.81017282562878e-05
2.81013334082702e-05
2.81009385713483e-05
2.81005437455215e-05
2.81001489307893e-05
2.80997541271514e-05
2.80993593346072e-05
2.80989645531562e-05
2.80985697827981e-05
2.80981750235322e-05
2.80977802753582e-05
2.80973855382757e-05
2.8096990812284e-05
2.80965960973828e-05
2.80962013935716e-05
2.80958067008499e-05
2.80954120192173e-05
2.80950173486732e-05
2.80946226892173e-05
2.8094228040849e-05
2.80938334035679e-05
2.80934387773735e-05
2.80930441622654e-05
2.80926495582431e-05
2.80922549653061e-05
2.80918603834539e-05
2.80914658126861e-05
2.80910712530022e-05
2.80906767044018e-05
2.80902821668844e-05
2.80898876404494e-05
2.80894931250966e-05
2.80890986208253e-05
2.80887041276351e-05
2.80883096455255e-05
2.80879151744962e-05
2.80875207145465e-05
2.80871262656761e-05
2.80867318278845e-05
2.80863374011712e-05
2.80859429855357e-05
2.80855485809777e-05
2.80851541874965e-05
2.80847598050918e-05
2.8084365433763e-05
2.80839710735098e-05
2.80835767243316e-05
2.8083182386228e-05
2.80827880591985e-05
2.80823937432427e-05
2.808199943836e-05
2.80816051445501e-05
2.80812108618124e-05
2.80808165901464e-05
2.80804223295518e-05
2.80800280800281e-05
2.80796338415747e-05
2.80792396141912e-05
2.80788453978772e-05
2.80784511926322e-05
2.80780569984557e-05
2.80776628153473e-05
2.80772686433064e-05
2.80768744823326e-05
2.80764803324255e-05
2.80760861935846e-05
2.80756920658094e-05
2.80752979490995e-05
2.80749038434543e-05
2.80745097488735e-05
2.80741156653565e-05
2.8073721592903e-05
2.80733275315123e-05
2.80729334811841e-05
2.80725394419179e-05
2.80721454137132e-05
2.80717513965696e-05
2.80713573904866e-05
2.80709633954637e-05
2.80705694115005e-05
2.80701754385965e-05
2.80697814767512e-05
2.80693875259642e-05
2.8068993586235e-05
2.80685996575631e-05
2.80682057399481e-05
2.80678118333895e-05
2.80674179378868e-05
2.80670240534396e-05
2.80666301800474e-05
2.80662363177098e-05
2.80658424664262e-05
2.80654486261963e-05
2.80650547970195e-05
2.80646609788954e-05
2.80642671718235e-05
2.80638733758033e-05
2.80634795908345e-05
2.80630858169164e-05
2.80626920540487e-05
2.8062298302231e-05
2.80619045614626e-05
2.80615108317432e-05
2.80611171130723e-05
2.80607234054494e-05
2.80603297088741e-05
2.80599360233459e-05
2.80595423488643e-05
2.80591486854289e-05
2.80587550330392e-05
2.80583613916947e-05
2.8057967761395e-05
2.80575741421397e-05
2.80571805339281e-05
2.805678693676e-05
2.80563933506348e-05
2.8055999775552e-05
2.80556062115112e-05
2.8055212658512e-05
2.80548191165537e-05
2.80544255856361e-05
2.80540320657587e-05
2.80536385569208e-05
2.80532450591222e-05
2.80528515723623e-05
2.80524580966407e-05
2.80520646319569e-05
2.80516711783104e-05
2.80512777357009e-05
2.80508843041277e-05
2.80504908835905e-05
2.80500974740887e-05
2.8049704075622e-05
2.80493106881898e-05
2.80489173117918e-05
2.80485239464273e-05
2.8048130592096e-05
2.80477372487975e-05
2.80473439165311e-05
2.80469505952965e-05
2.80465572850933e-05
2.80461639859208e-05
2.80457706977788e-05
2.80453774206666e-05
2.8044984154584e-05
2.80445908995303e-05
2.80441976555051e-05
2.8043804422508e-05
2.80434112005384e-05
2.8043017989596e-05
2.80426247896803e-05
2.80422316007908e-05
2.8041838422927e-05
2.80414452560885e-05
2.80410521002748e-05
2.80406589554855e-05
2.804026582172e-05
2.80398726989779e-05
2.80394795872589e-05
2.80390864865623e-05
2.80386933968877e-05
2.80383003182347e-05
2.80379072506028e-05
2.80375141939916e-05
2.80371211484005e-05
2.80367281138291e-05
2.8036335090277e-05
2.80359420777437e-05
2.80355490762287e-05
2.80351560857315e-05
2.80347631062518e-05
2.80343701377889e-05
2.80339771803426e-05
2.80335842339122e-05
2.80331912984974e-05
2.80327983740977e-05
2.80324054607126e-05
2.80320125583416e-05
2.80316196669844e-05
2.80312267866403e-05
2.8030833917309e-05
2.80304410589901e-05
2.80300482116829e-05
2.80296553753872e-05
2.80292625501023e-05
2.80288697358279e-05
2.80284769325635e-05
2.80280841403086e-05
2.80276913590628e-05
2.80272985888255e-05
2.80269058295964e-05
2.8026513081375e-05
2.80261203441608e-05
2.80257276179533e-05
2.80253349027521e-05
2.80249421985567e-05
2.80245495053667e-05
2.80241568231816e-05
2.80237641520009e-05
2.80233714918242e-05
2.8022978842651e-05
2.80225862044808e-05
2.80221935773132e-05
2.80218009611478e-05
2.8021408355984e-05
2.80210157618214e-05
2.80206231786595e-05
2.80202306064979e-05
2.80198380453361e-05
2.80194454951736e-05
2.80190529560101e-05
2.80186604278449e-05
2.80182679106778e-05
2.80178754045081e-05
2.80174829093354e-05
2.80170904251593e-05
2.80166979519794e-05
2.80163054897951e-05
2.80159130386059e-05
2.80155205984115e-05
2.80151281692114e-05
2.8014735751005e-05
2.8014343343792e-05
2.80139509475719e-05
2.80135585623442e-05
2.80131661881084e-05
2.80127738248641e-05
2.80123814726109e-05
2.80119891313482e-05
2.80115968010756e-05
2.80112044817927e-05
2.8010812173499e-05
2.80104198761939e-05
2.80100275898772e-05
2.80096353145482e-05
2.80092430502066e-05
2.80088507968518e-05
2.80084585544835e-05
2.80080663231011e-05
2.80076741027041e-05
2.80072818932923e-05
2.80068896948649e-05
2.80064975074217e-05
2.80061053309621e-05
2.80057131654858e-05
2.80053210109921e-05
2.80049288674807e-05
2.80045367349511e-05
2.80041446134028e-05
2.80037525028354e-05
2.80033604032484e-05
2.80029683146414e-05
2.80025762370138e-05
2.80021841703653e-05
2.80017921146953e-05
2.80014000700035e-05
2.80010080362893e-05
2.80006160135523e-05
2.8000224001792e-05
2.7999832001008e-05
2.79994400111998e-05
2.79990480323669e-05
2.79986560645089e-05
2.79982641076253e-05
2.79978721617157e-05
2.79974802267796e-05
2.79970883028165e-05
2.7996696389826e-05
2.79963044878076e-05
2.79959125967609e-05
2.79955207166853e-05
2.79951288475805e-05
2.7994736989446e-05
2.79943451422813e-05
2.79939533060859e-05
2.79935614808594e-05
2.79931696666013e-05
2.79927778633113e-05
2.79923860709887e-05
2.79919942896332e-05
2.79916025192442e-05
2.79912107598214e-05
2.79908190113643e-05
2.79904272738723e-05
2.79900355473451e-05
2.79896438317822e-05
2.79892521271832e-05
2.79888604335474e-05
2.79884687508746e-05
2.79880770791643e-05
2.79876854184159e-05
2.7987293768629e-05
2.79869021298033e-05
2.79865105019381e-05
2.7986118885033e-05
2.79857272790877e-05
2.79853356841015e-05
2.79849441000742e-05
2.79845525270051e-05
2.79841609648939e-05
2.798376941374e-05
2.79833778735431e-05
2.79829863443027e-05
2.79825948260182e-05
2.79822033186893e-05
2.79818118223155e-05
2.79814203368963e-05
2.79810288624313e-05
2.79806373989199e-05
2.79802459463619e-05
2.79798545047566e-05
2.79794630741036e-05
2.79790716544025e-05
2.79786802456528e-05
2.79782888478541e-05
2.79778974610058e-05
2.79775060851076e-05
2.79771147201589e-05
2.79767233661594e-05
2.79763320231085e-05
2.79759406910057e-05
2.79755493698508e-05
2.7975158059643e-05
2.79747667603821e-05
2.79743754720676e-05
2.79739841946989e-05
2.79735929282757e-05
2.79732016727975e-05
2.79728104282637e-05
2.79724191946741e-05
2.7972027972028e-05
2.7971636760325e-05
2.79712455595648e-05
2.79708543697467e-05
2.79704631908704e-05
2.79700720229355e-05
2.79696808659413e-05
2.79692897198876e-05
2.79688985847737e-05
2.79685074605994e-05
2.7968116347364e-05
2.79677252450672e-05
2.79673341537085e-05
2.79669430732874e-05
2.79665520038035e-05
2.79661609452562e-05
2.79657698976453e-05
2.79653788609701e-05
2.79649878352303e-05
2.79645968204253e-05
2.79642058165548e-05
2.79638148236182e-05
2.79634238416152e-05
2.79630328705451e-05
2.79626419104077e-05
2.79622509612024e-05
2.79618600229287e-05
2.79614690955863e-05
2.79610781791746e-05
2.79606872736932e-05
2.79602963791416e-05
2.79599054955194e-05
2.79595146228261e-05
2.79591237610613e-05
2.79587329102245e-05
2.79583420703152e-05
2.7957951241333e-05
2.79575604232775e-05
2.79571696161481e-05
2.79567788199444e-05
2.79563880346659e-05
2.79559972603123e-05
2.7955606496883e-05
2.79552157443775e-05
2.79548250027955e-05
2.79544342721364e-05
2.79540435523999e-05
2.79536528435853e-05
2.79532621456924e-05
2.79528714587206e-05
2.79524807826695e-05
2.79520901175385e-05
2.79516994633274e-05
2.79513088200355e-05
2.79509181876625e-05
2.79505275662078e-05
2.79501369556711e-05
2.79497463560518e-05
2.79493557673496e-05
2.79489651895639e-05
2.79485746226942e-05
2.79481840667403e-05
2.79477935217015e-05
2.79474029875774e-05
2.79470124643676e-05
2.79466219520715e-05
2.79462314506889e-05
2.79458409602191e-05
2.79454504806617e-05
2.79450600120164e-05
2.79446695542825e-05
2.79442791074597e-05
2.79438886715475e-05
2.79434982465455e-05
2.79431078324531e-05
2.794271742927e-05
2.79423270369956e-05
2.79419366556296e-05
2.79415462851714e-05
2.79411559256206e-05
2.79407655769768e-05
2.79403752392395e-05
2.79399849124081e-05
2.79395945964824e-05
2.79392042914618e-05
2.79388139973458e-05
2.79384237141341e-05
2.7938033441826e-05
2.79376431804213e-05
2.79372529299194e-05
2.79368626903199e-05
2.79364724616223e-05
2.79360822438261e-05
2.7935692036931e-05
2.79353018409364e-05
2.79349116558419e-05
2.7934521481647e-05
2.79341313183513e-05
2.79337411659544e-05
2.79333510244556e-05
2.79329608938547e-05
2.79325707741512e-05
2.79321806653445e-05
2.79317905674343e-05
2.79314004804201e-05
2.79310104043014e-05
2.79306203390777e-05
2.79302302847487e-05
2.79298402413138e-05
2.79294502087726e-05
2.79290601871247e-05
2.79286701763696e-05
2.79282801765067e-05
2.79278901875358e-05
2.79275002094563e-05
2.79271102422677e-05
2.79267202859696e-05
2.79263303405616e-05
2.79259404060432e-05
2.79255504824139e-05
2.79251605696733e-05
2.79247706678209e-05
2.79243807768563e-05
2.7923990896779e-05
2.79236010275885e-05
2.79232111692845e-05
2.79228213218664e-05
2.79224314853337e-05
2.79220416596862e-05
2.79216518449231e-05
2.79212620410443e-05
2.7920872248049e-05
2.7920482465937e-05
2.79200926947077e-05
2.79197029343608e-05
2.79193131848957e-05
2.79189234463119e-05
2.79185337186091e-05
2.79181440017868e-05
2.79177542958444e-05
2.79173646007817e-05
2.7916974916598e-05
2.7916585243293e-05
2.79161955808662e-05
2.79158059293172e-05
2.79154162886454e-05
2.79150266588505e-05
2.79146370399319e-05
2.79142474318892e-05
2.7913857834722e-05
2.79134682484299e-05
2.79130786730122e-05
2.79126891084687e-05
2.79122995547988e-05
2.79119100120021e-05
2.79115204800782e-05
2.79111309590265e-05
2.79107414488466e-05
2.79103519495381e-05
2.79099624611005e-05
2.79095729835334e-05
2.79091835168362e-05
2.79087940610086e-05
2.79084046160501e-05
2.79080151819603e-05
2.79076257587386e-05
2.79072363463846e-05
2.79068469448979e-05
2.79064575542781e-05
2.79060681745246e-05
2.79056788056369e-05
2.79052894476148e-05
2.79049001004576e-05
2.7904510764165e-05
2.79041214387365e-05
2.79037321241716e-05
2.79033428204699e-05
2.79029535276309e-05
2.79025642456542e-05
2.79021749745393e-05
2.79017857142857e-05
2.79013964648931e-05
2.79010072263609e-05
2.79006179986887e-05
2.7900228781876e-05
2.78998395759224e-05
2.78994503808275e-05
2.78990611965907e-05
2.78986720232117e-05
2.78982828606899e-05
2.7897893709025e-05
2.78975045682164e-05
2.78971154382637e-05
2.78967263191664e-05
2.78963372109242e-05
2.78959481135365e-05
2.78955590270029e-05
2.78951699513229e-05
2.78947808864961e-05
2.78943918325221e-05
2.78940027894003e-05
2.78936137571303e-05
2.78932247357117e-05
2.7892835725144e-05
2.78924467254268e-05
2.78920577365595e-05
2.78916687585418e-05
2.78912797913732e-05
2.78908908350533e-05
2.78905018895815e-05
2.78901129549575e-05
2.78897240311807e-05
2.78893351182508e-05
2.78889462161672e-05
2.78885573249296e-05
2.78881684445374e-05
2.78877795749902e-05
2.78873907162876e-05
2.78870018684291e-05
2.78866130314143e-05
2.78862242052426e-05
2.78858353899137e-05
2.78854465854271e-05
2.78850577917823e-05
2.78846690089789e-05
2.78842802370164e-05
2.78838914758944e-05
2.78835027256124e-05
2.788311398617e-05
2.78827252575667e-05
2.7882336539802e-05
2.78819478328756e-05
2.78815591367869e-05
2.78811704515356e-05
2.7880781777121e-05
2.78803931135429e-05
2.78800044608007e-05
2.7879615818894e-05
2.78792271878224e-05
2.78788385675853e-05
2.78784499581823e-05
2.78780613596131e-05
2.7877672771877e-05
2.78772841949737e-05
2.78768956289028e-05
2.78765070736637e-05
2.7876118529256e-05
2.78757299956793e-05
2.7875341472933e-05
2.78749529610169e-05
2.78745644599303e-05
2.78741759696729e-05
2.78737874902442e-05
2.78733990216437e-05
2.7873010563871e-05
2.78726221169256e-05
2.78722336808072e-05
2.78718452555151e-05
2.78714568410491e-05
2.78710684374085e-05
2.78706800445931e-05
2.78702916626022e-05
2.78699032914356e-05
2.78695149310926e-05
2.78691265815729e-05
2.78687382428761e-05
2.78683499150015e-05
2.78679615979489e-05
2.78675732917178e-05
2.78671849963076e-05
2.7866796711718e-05
2.78664084379485e-05
2.78660201749986e-05
2.78656319228679e-05
2.7865243681556e-05
2.78648554510623e-05
2.78644672313865e-05
2.78640790225281e-05
2.78636908244866e-05
2.78633026372616e-05
2.78629144608526e-05
2.78625262952592e-05
2.78621381404809e-05
2.78617499965173e-05
2.78613618633679e-05
2.78609737410322e-05
2.78605856295099e-05
2.78601975288005e-05
2.78598094389034e-05
2.78594213598184e-05
2.78590332915448e-05
2.78586452340823e-05
2.78582571874304e-05
2.78578691515886e-05
2.78574811265565e-05
2.78570931123337e-05
2.78567051089197e-05
2.78563171163141e-05
2.78559291345163e-05
2.7855541163526e-05
2.78551532033426e-05
2.78547652539658e-05
2.78543773153951e-05
2.785398938763e-05
2.78536014706702e-05
2.7853213564515e-05
2.78528256691641e-05
2.78524377846171e-05
2.78520499108734e-05
2.78516620479327e-05
2.78512741957945e-05
2.78508863544582e-05
2.78504985239236e-05
2.785011070419e-05
2.78497228952572e-05
2.78493350971246e-05
2.78489473097917e-05
2.78485595332581e-05
2.78481717675235e-05
2.78477840125872e-05
2.78473962684489e-05
2.78470085351081e-05
2.78466208125644e-05
2.78462331008173e-05
2.78458453998663e-05
2.78454577097111e-05
2.78450700303511e-05
2.7844682361786e-05
2.78442947040151e-05
2.78439070570382e-05
2.78435194208548e-05
2.78431317954644e-05
2.78427441808665e-05
2.78423565770607e-05
2.78419689840466e-05
2.78415814018236e-05
2.78411938303914e-05
2.78408062697496e-05
2.78404187198975e-05
2.78400311808349e-05
2.78396436525612e-05
2.78392561350761e-05
2.78388686283789e-05
2.78384811324694e-05
2.7838093647347e-05
2.78377061730113e-05
2.78373187094619e-05
2.78369312566983e-05
2.783654381472e-05
2.78361563835266e-05
2.78357689631176e-05
2.78353815534926e-05
2.78349941546512e-05
2.78346067665929e-05
2.78342193893172e-05
2.78338320228237e-05
2.7833444667112e-05
2.78330573221816e-05
2.7832669988032e-05
2.78322826646627e-05
2.78318953520735e-05
2.78315080502637e-05
2.7831120759233e-05
2.78307334789808e-05
2.78303462095068e-05
2.78299589508105e-05
2.78295717028915e-05
2.78291844657492e-05
2.78287972393833e-05
2.78284100237933e-05
2.78280228189787e-05
2.78276356249391e-05
2.78272484416741e-05
2.78268612691831e-05
2.78264741074658e-05
2.78260869565217e-05
2.78256998163504e-05
2.78253126869513e-05
2.78249255683241e-05
2.78245384604683e-05
2.78241513633834e-05
2.7823764277069e-05
2.78233772015247e-05
2.782299013675e-05
2.78226030827444e-05
2.78222160395075e-05
2.78218290070389e-05
2.78214419853381e-05
2.78210549744046e-05
2.78206679742381e-05
2.78202809848379e-05
2.78198940062038e-05
2.78195070383353e-05
2.78191200812318e-05
2.7818733134893e-05
2.78183461993185e-05
2.78179592745076e-05
2.78175723604601e-05
2.78171854571754e-05
2.78167985646532e-05
2.78164116828929e-05
2.78160248118941e-05
2.78156379516564e-05
2.78152511021793e-05
2.78148642634624e-05
2.78144774355052e-05
2.78140906183072e-05
2.78137038118681e-05
2.78133170161874e-05
2.78129302312645e-05
2.78125434570992e-05
2.78121566936908e-05
2.7811769941039e-05
2.78113831991434e-05
2.78109964680034e-05
2.78106097476187e-05
2.78102230379888e-05
2.78098363391131e-05
2.78094496509914e-05
2.78090629736231e-05
2.78086763070078e-05
2.7808289651145e-05
2.78079030060343e-05
2.78075163716753e-05
2.78071297480674e-05
2.78067431352103e-05
2.78063565331035e-05
2.78059699417465e-05
2.78055833611389e-05
2.78051967912803e-05
2.78048102321702e-05
2.78044236838081e-05
2.78040371461936e-05
2.78036506193263e-05
2.78032641032057e-05
2.78028775978314e-05
2.78024911032028e-05
2.78021046193197e-05
2.78017181461814e-05
2.78013316837877e-05
2.78009452321379e-05
2.78005587912317e-05
2.78001723610686e-05
2.77997859416482e-05
2.77993995329701e-05
2.77990131350337e-05
2.77986267478387e-05
2.77982403713845e-05
2.77978540056708e-05
2.7797467650697e-05
2.77970813064628e-05
2.77966949729677e-05
2.77963086502113e-05
2.7795922338193e-05
2.77955360369125e-05
2.77951497463693e-05
2.77947634665629e-05
2.77943771974929e-05
2.7793990939159e-05
2.77936046915605e-05
2.77932184546971e-05
2.77928322285683e-05
2.77924460131736e-05
2.77920598085127e-05
2.77916736145851e-05
2.77912874313903e-05
2.77909012589278e-05
2.77905150971973e-05
2.77901289461983e-05
2.77897428059303e-05
2.77893566763929e-05
2.77889705575857e-05
2.77885844495081e-05
2.77881983521598e-05
2.77878122655403e-05
2.77874261896492e-05
2.77870401244859e-05
2.77866540700502e-05
2.77862680263414e-05
2.77858819933592e-05
2.77854959711031e-05
2.77851099595727e-05
2.77847239587675e-05
2.77843379686871e-05
2.7783951989331e-05
2.77835660206988e-05
2.778318006279e-05
2.77827941156042e-05
2.7782408179141e-05
2.77820222533998e-05
2.77816363383803e-05
2.7781250434082e-05
2.77808645405045e-05
2.77804786576473e-05
2.77800927855099e-05
2.77797069240919e-05
2.7779321073393e-05
2.77789352334125e-05
2.77785494041501e-05
2.77781635856054e-05
2.77777777777778e-05
2.77773919806669e-05
2.77770061942724e-05
2.77766204185937e-05
2.77762346536304e-05
2.7775848899382e-05
2.77754631558481e-05
2.77750774230283e-05
2.77746917009221e-05
2.77743059895291e-05
2.77739202888488e-05
2.77735345988807e-05
2.77731489196245e-05
2.77727632510797e-05
2.77723775932458e-05
2.77719919461223e-05
2.7771606309709e-05
2.77712206840052e-05
2.77708350690105e-05
2.77704494647246e-05
2.77700638711469e-05
2.7769678288277e-05
2.77692927161145e-05
2.77689071546589e-05
2.77685216039098e-05
2.77681360638667e-05
2.77677505345292e-05
2.77673650158968e-05
2.77669795079691e-05
2.77665940107457e-05
2.7766208524226e-05
2.77658230484097e-05
2.77654375832963e-05
2.77650521288854e-05
2.77646666851764e-05
2.77642812521691e-05
2.77638958298628e-05
2.77635104182573e-05
2.7763125017352e-05
2.77627396271464e-05
2.77623542476402e-05
2.77619688788329e-05
2.7761583520724e-05
2.77611981733132e-05
2.77608128365999e-05
2.77604275105837e-05
2.77600421952641e-05
2.77596568906408e-05
2.77592715967133e-05
2.77588863134811e-05
2.77585010409438e-05
2.77581157791009e-05
2.7757730527952e-05
2.77573452874967e-05
2.77569600577345e-05
2.77565748386649e-05
2.77561896302876e-05
2.7755804432602e-05
2.77554192456077e-05
2.77550340693043e-05
2.77546489036914e-05
2.77542637487684e-05
2.7753878604535e-05
2.77534934709907e-05
2.7753108348135e-05
2.77527232359675e-05
2.77523381344878e-05
2.77519530436955e-05
2.77515679635899e-05
2.77511828941709e-05
2.77507978354378e-05
2.77504127873902e-05
2.77500277500278e-05
2.77496427233499e-05
2.77492577073563e-05
2.77488727020465e-05
2.77484877074199e-05
2.77481027234763e-05
2.7747717750215e-05
2.77473327876358e-05
2.77469478357381e-05
2.77465628945214e-05
2.77461779639855e-05
2.77457930441297e-05
2.77454081349537e-05
2.7745023236457e-05
2.77446383486391e-05
2.77442534714997e-05
2.77438686050383e-05
2.77434837492544e-05
2.77430989041476e-05
2.77427140697174e-05
2.77423292459635e-05
2.77419444328853e-05
2.77415596304824e-05
2.77411748387544e-05
2.77407900577008e-05
2.77404052873212e-05
2.77400205276152e-05
2.77396357785822e-05
2.77392510402219e-05
2.77388663125338e-05
2.77384815955175e-05
2.77380968891724e-05
2.77377121934983e-05
2.77373275084946e-05
2.77369428341608e-05
2.77365581704966e-05
2.77361735175015e-05
2.77357888751751e-05
2.77354042435168e-05
2.77350196225264e-05
2.77346350122032e-05
2.7734250412547e-05
2.77338658235571e-05
2.77334812452333e-05
2.7733096677575e-05
2.77327121205818e-05
2.77323275742533e-05
2.7731943038589e-05
2.77315585135885e-05
2.77311739992513e-05
2.77307894955769e-05
2.77304050025651e-05
2.77300205202152e-05
2.77296360485269e-05
2.77292515874997e-05
2.77288671371331e-05
2.77284826974268e-05
2.77280982683803e-05
2.77277138499931e-05
2.77273294422648e-05
2.77269450451949e-05
2.77265606587831e-05
2.77261762830288e-05
2.77257919179317e-05
2.77254075634912e-05
2.77250232197069e-05
2.77246388865785e-05
2.77242545641054e-05
2.77238702522872e-05
2.77234859511235e-05
2.77231016606138e-05
2.77227173807577e-05
2.77223331115547e-05
2.77219488530044e-05
2.77215646051063e-05
2.77211803678601e-05
2.77207961412652e-05
2.77204119253212e-05
2.77200277200277e-05
2.77196435253843e-05
2.77192593413904e-05
2.77188751680457e-05
2.77184910053497e-05
2.77181068533019e-05
2.7717722711902e-05
2.77173385811494e-05
2.77169544610438e-05
2.77165703515847e-05
2.77161862527716e-05
2.77158021646041e-05
2.77154180870818e-05
2.77150340202043e-05
2.7714649963971e-05
2.77142659183815e-05
2.77138818834354e-05
2.77134978591323e-05
2.77131138454717e-05
2.77127298424531e-05
2.77123458500762e-05
2.77119618683405e-05
2.77115778972455e-05
2.77111939367908e-05
2.77108099869759e-05
2.77104260478005e-05
2.7710042119264e-05
2.77096582013661e-05
2.77092742941062e-05
2.7708890397484e-05
2.7708506511499e-05
2.77081226361508e-05
2.77077387714389e-05
2.77073549173628e-05
2.77069710739222e-05
2.77065872411166e-05
2.77062034189455e-05
2.77058196074085e-05
2.77054358065052e-05
2.77050520162352e-05
2.77046682365979e-05
2.77042844675929e-05
2.77039007092199e-05
2.77035169614783e-05
2.77031332243677e-05
2.77027494978877e-05
2.77023657820378e-05
2.77019820768176e-05
2.77015983822267e-05
2.77012146982645e-05
2.77008310249307e-05
2.77004473622249e-05
2.77000637101465e-05
2.76996800686952e-05
2.76992964378705e-05
2.76989128176719e-05
2.7698529208099e-05
2.76981456091515e-05
2.76977620208287e-05
2.76973784431304e-05
2.76969948760559e-05
2.7696611319605e-05
2.76962277737772e-05
2.7695844238572e-05
2.7695460713989e-05
2.76950772000277e-05
2.76946936966877e-05
2.76943102039686e-05
2.76939267218699e-05
2.76935432503912e-05
2.7693159789532e-05
2.76927763392919e-05
2.76923928996705e-05
2.76920094706672e-05
2.76916260522818e-05
2.76912426445137e-05
2.76908592473624e-05
2.76904758608277e-05
2.76900924849089e-05
2.76897091196057e-05
2.76893257649176e-05
2.76889424208442e-05
2.76885590873851e-05
2.76881757645398e-05
2.76877924523078e-05
2.76874091506887e-05
2.76870258596822e-05
2.76866425792876e-05
2.76862593095047e-05
2.76858760503329e-05
2.76854928017719e-05
2.76851095638211e-05
2.76847263364802e-05
2.76843431197486e-05
2.7683959913626e-05
2.7683576718112e-05
2.7683193533206e-05
2.76828103589076e-05
2.76824271952165e-05
2.76820440421321e-05
2.7681660899654e-05
2.76812777677818e-05
2.7680894646515e-05
2.76805115358532e-05
2.76801284357959e-05
2.76797453463428e-05
2.76793622674934e-05
2.76789791992471e-05
2.76785961416037e-05
2.76782130945626e-05
2.76778300581234e-05
2.76774470322857e-05
2.76770640170491e-05
2.7676681012413e-05
2.76762980183771e-05
2.76759150349408e-05
2.76755320621039e-05
2.76751490998658e-05
2.7674766148226e-05
2.76743832071843e-05
2.767400027674e-05
2.76736173568928e-05
2.76732344476422e-05
2.76728515489879e-05
2.76724686609292e-05
2.76720857834659e-05
2.76717029165975e-05
2.76713200603235e-05
2.76709372146435e-05
2.7670554379557e-05
2.76701715550636e-05
2.7669788741163e-05
2.76694059378545e-05
2.76690231451379e-05
2.76686403630126e-05
2.76682575914782e-05
2.76678748305343e-05
2.76674920801804e-05
2.76671093404161e-05
2.7666726611241e-05
2.76663438926546e-05
2.76659611846565e-05
2.76655784872462e-05
2.76651958004233e-05
2.76648131241873e-05
2.76644304585379e-05
2.76640478034746e-05
2.76636651589969e-05
2.76632825251044e-05
2.76628999017967e-05
2.76625172890733e-05
2.76621346869338e-05
2.76617520953777e-05
2.76613695144047e-05
2.76609869440142e-05
2.76606043842058e-05
2.76602218349791e-05
2.76598392963337e-05
2.76594567682691e-05
2.76590742507848e-05
2.76586917438805e-05
2.76583092475557e-05
2.76579267618099e-05
2.76575442866428e-05
2.76571618220538e-05
2.76567793680426e-05
2.76563969246087e-05
2.76560144917516e-05
2.76556320694709e-05
2.76552496577663e-05
2.76548672566372e-05
2.76544848660832e-05
2.76541024861038e-05
2.76537201166987e-05
2.76533377578674e-05
2.76529554096094e-05
2.76525730719243e-05
2.76521907448118e-05
2.76518084282712e-05
2.76514261223023e-05
2.76510438269045e-05
2.76506615420774e-05
2.76502792678206e-05
2.76498970041337e-05
2.76495147510161e-05
2.76491325084675e-05
2.76487502764875e-05
2.76483680550755e-05
2.76479858442312e-05
2.76476036439542e-05
2.76472214542439e-05
2.76468392750999e-05
2.76464571065218e-05
2.76460749485092e-05
2.76456928010616e-05
2.76453106641786e-05
2.76449285378597e-05
2.76445464221046e-05
2.76441643169127e-05
2.76437822222837e-05
2.7643400138217e-05
2.76430180647123e-05
2.76426360017691e-05
2.7642253949387e-05
2.76418719075656e-05
2.76414898763043e-05
2.76411078556029e-05
2.76407258454607e-05
2.76403438458774e-05
2.76399618568526e-05
2.76395798783858e-05
2.76391979104766e-05
2.76388159531246e-05
2.76384340063292e-05
2.76380520700901e-05
2.76376701444068e-05
2.76372882292789e-05
2.7636906324706e-05
2.76365244306876e-05
2.76361425472233e-05
2.76357606743126e-05
2.76353788119551e-05
2.76349969601503e-05
2.76346151188979e-05
2.76342332881974e-05
2.76338514680484e-05
2.76334696584503e-05
2.76330878594028e-05
2.76327060709055e-05
2.76323242929579e-05
2.76319425255595e-05
2.763156076871e-05
2.76311790224089e-05
2.76307972866557e-05
2.763041556145e-05
2.76300338467915e-05
2.76296521426795e-05
2.76292704491138e-05
2.76288887660938e-05
2.76285070936192e-05
2.76281254316895e-05
2.76277437803042e-05
2.76273621394629e-05
2.76269805091653e-05
2.76265988894107e-05
2.76262172801989e-05
2.76258356815294e-05
2.76254540934017e-05
2.76250725158154e-05
2.762469094877e-05
2.76243093922652e-05
2.76239278463005e-05
2.76235463108754e-05
2.76231647859895e-05
2.76227832716424e-05
2.76224017678337e-05
2.76220202745629e-05
2.76216387918295e-05
2.76212573196332e-05
2.76208758579735e-05
2.76204944068499e-05
2.7620112966262e-05
2.76197315362095e-05
2.76193501166918e-05
2.76189687077085e-05
2.76185873092591e-05
2.76182059213434e-05
2.76178245439607e-05
2.76174431771107e-05
2.76170618207929e-05
2.76166804750069e-05
2.76162991397523e-05
2.76159178150286e-05
2.76155365008354e-05
2.76151551971722e-05
2.76147739040387e-05
2.76143926214343e-05
2.76140113493587e-05
2.76136300878113e-05
2.76132488367919e-05
2.76128675962999e-05
2.76124863663349e-05
2.76121051468964e-05
2.76117239379841e-05
2.76113427395974e-05
2.7610961551736e-05
2.76105803743995e-05
2.76101992075873e-05
2.7609818051299e-05
2.76094369055343e-05
2.76090557702927e-05
2.76086746455736e-05
2.76082935313768e-05
2.76079124277018e-05
2.76075313345481e-05
2.76071502519152e-05
2.76067691798029e-05
2.76063881182106e-05
2.76060070671378e-05
2.76056260265842e-05
2.76052449965493e-05
2.76048639770328e-05
2.7604482968034e-05
2.76041019695527e-05
2.76037209815883e-05
2.76033400041405e-05
2.76029590372088e-05
2.76025780807927e-05
2.76021971348919e-05
2.76018161995059e-05
2.76014352746343e-05
2.76010543602766e-05
2.76006734564323e-05
2.76002925631012e-05
2.75999116802826e-05
2.75995308079763e-05
2.75991499461817e-05
2.75987690948984e-05
2.7598388254126e-05
2.7598007423864e-05
2.7597626604112e-05
2.75972457948697e-05
2.75968649961364e-05
2.75964842079119e-05
2.75961034301957e-05
2.75957226629872e-05
2.75953419062862e-05
2.75949611600922e-05
2.75945804244046e-05
2.75941996992232e-05
2.75938189845475e-05
2.75934382803769e-05
2.75930575867112e-05
2.75926769035498e-05
2.75922962308923e-05
2.75919155687384e-05
2.75915349170874e-05
2.75911542759391e-05
2.7590773645293e-05
2.75903930251486e-05
2.75900124155056e-05
2.75896318163634e-05
2.75892512277217e-05
2.758887064958e-05
2.75884900819378e-05
2.75881095247948e-05
2.75877289781505e-05
2.75873484420045e-05
2.75869679163563e-05
2.75865874012055e-05
2.75862068965517e-05
2.75858264023945e-05
2.75854459187333e-05
2.75850654455678e-05
2.75846849828975e-05
2.7584304530722e-05
2.75839240890409e-05
2.75835436578537e-05
2.758316323716e-05
2.75827828269594e-05
2.75824024272514e-05
2.75820220380356e-05
2.75816416593116e-05
2.75812612910788e-05
2.7580880933337e-05
2.75805005860856e-05
2.75801202493243e-05
2.75797399230525e-05
2.75793596072699e-05
2.7578979301976e-05
2.75785990071704e-05
2.75782187228527e-05
2.75778384490224e-05
2.7577458185679e-05
2.75770779328222e-05
2.75766976904516e-05
2.75763174585666e-05
2.75759372371668e-05
2.75755570262519e-05
2.75751768258214e-05
2.75747966358748e-05
2.75744164564117e-05
2.75740362874318e-05
2.75736561289344e-05
2.75732759809193e-05
2.7572895843386e-05
2.7572515716334e-05
2.75721355997629e-05
2.75717554936723e-05
2.75713753980617e-05
2.75709953129308e-05
2.7570615238279e-05
2.7570235174106e-05
2.75698551204113e-05
2.75694750771945e-05
2.75690950444552e-05
2.75687150221928e-05
2.7568335010407e-05
2.75679550090974e-05
2.75675750182635e-05
2.75671950379049e-05
2.75668150680211e-05
2.75664351086118e-05
2.75660551596764e-05
2.75656752212145e-05
2.75652952932258e-05
2.75649153757098e-05
2.7564535468666e-05
2.7564155572094e-05
2.75637756859935e-05
2.75633958103638e-05
2.75630159452047e-05
2.75626360905157e-05
2.75622562462963e-05
2.75618764125462e-05
2.75614965892648e-05
2.75611167764518e-05
2.75607369741067e-05
2.75603571822291e-05
2.75599774008185e-05
2.75595976298746e-05
2.75592178693969e-05
2.75588381193849e-05
2.75584583798382e-05
2.75580786507565e-05
2.75576989321392e-05
2.75573192239859e-05
2.75569395262962e-05
2.75565598390697e-05
2.75561801623059e-05
2.75558004960044e-05
2.75554208401648e-05
2.75550411947866e-05
2.75546615598694e-05
2.75542819354128e-05
2.75539023214163e-05
2.75535227178795e-05
2.7553143124802e-05
2.75527635421833e-05
2.7552383970023e-05
2.75520044083207e-05
2.75516248570759e-05
2.75512453162883e-05
2.75508657859573e-05
2.75504862660826e-05
2.75501067566637e-05
2.75497272577001e-05
2.75493477691916e-05
2.75489682911375e-05
2.75485888235375e-05
2.75482093663912e-05
2.75478299196981e-05
2.75474504834578e-05
2.75470710576698e-05
2.75466916423338e-05
2.75463122374492e-05
2.75459328430157e-05
2.75455534590329e-05
2.75451740855002e-05
2.75447947224173e-05
2.75444153697838e-05
2.75440360275991e-05
2.75436566958629e-05
2.75432773745748e-05
2.75428980637343e-05
2.75425187633409e-05
2.75421394733943e-05
2.7541760193894e-05
2.75413809248396e-05
2.75410016662306e-05
2.75406224180666e-05
2.75402431803473e-05
2.75398639530721e-05
2.75394847362406e-05
2.75391055298524e-05
2.75387263339071e-05
2.75383471484042e-05
2.75379679733432e-05
2.75375888087239e-05
2.75372096545457e-05
2.75368305108082e-05
2.7536451377511e-05
2.75360722546536e-05
2.75356931422356e-05
2.75353140402566e-05
2.75349349487162e-05
2.75345558676139e-05
2.75341767969492e-05
2.75337977367218e-05
2.75334186869313e-05
2.75330396475771e-05
2.75326606186589e-05
2.75322816001762e-05
2.75319025921286e-05
2.75315235945157e-05
2.75311446073371e-05
2.75307656305922e-05
2.75303866642807e-05
2.75300077084022e-05
2.75296287629561e-05
2.75292498279422e-05
2.75288709033599e-05
2.75284919892088e-05
2.75281130854886e-05
2.75277341921986e-05
2.75273553093387e-05
2.75269764369082e-05
2.75265975749068e-05
2.7526218723334e-05
2.75258398821894e-05
2.75254610514726e-05
2.75250822311832e-05
2.75247034213206e-05
2.75243246218846e-05
2.75239458328746e-05
2.75235670542902e-05
2.75231882861311e-05
2.75228095283967e-05
2.75224307810866e-05
2.75220520442004e-05
2.75216733177377e-05
2.75212946016981e-05
2.7520915896081e-05
2.75205372008862e-05
2.75201585161131e-05
2.75197798417613e-05
2.75194011778304e-05
2.75190225243199e-05
2.75186438812295e-05
2.75182652485587e-05
2.75178866263071e-05
2.75175080144742e-05
2.75171294130596e-05
2.75167508220629e-05
2.75163722414837e-05
2.75159936713215e-05
2.75156151115758e-05
2.75152365622463e-05
2.75148580233326e-05
2.75144794948342e-05
2.75141009767506e-05
2.75137224690815e-05
2.75133439718263e-05
2.75129654849848e-05
2.75125870085564e-05
2.75122085425408e-05
2.75118300869374e-05
2.75114516417459e-05
2.75110732069658e-05
2.75106947825967e-05
2.75103163686382e-05
2.75099379650899e-05
2.75095595719513e-05
2.75091811892219e-05
2.75088028169014e-05
2.75084244549893e-05
2.75080461034853e-05
2.75076677623888e-05
2.75072894316994e-05
2.75069111114167e-05
2.75065328015404e-05
2.75061545020698e-05
2.75057762130047e-05
2.75053979343446e-05
2.75050196660891e-05
2.75046414082376e-05
2.75042631607899e-05
2.75038849237455e-05
2.75035066971039e-05
2.75031284808647e-05
2.75027502750275e-05
2.75023720795919e-05
2.75019938945574e-05
2.75016157199235e-05
2.750123755569e-05
2.75008594018563e-05
2.7500481258422e-05
2.75001031253867e-05
2.749972500275e-05
2.74993468905114e-05
2.74989687886704e-05
2.74985906972268e-05
2.74982126161799e-05
2.74978345455295e-05
2.74974564852751e-05
2.74970784354162e-05
2.74967003959525e-05
2.74963223668834e-05
2.74959443482086e-05
2.74955663399277e-05
2.74951883420401e-05
2.74948103545456e-05
2.74944323774436e-05
2.74940544107337e-05
2.74936764544155e-05
2.74932985084886e-05
2.74929205729525e-05
2.74925426478068e-05
2.74921647330511e-05
2.74917868286849e-05
2.74914089347079e-05
2.74910310511196e-05
2.74906531779195e-05
2.74902753151073e-05
2.74898974626825e-05
2.74895196206446e-05
2.74891417889933e-05
2.74887639677282e-05
2.74883861568487e-05
2.74880083563545e-05
2.74876305662452e-05
2.74872527865203e-05
2.74868750171793e-05
2.74864972582219e-05
2.74861195096476e-05
2.74857417714561e-05
2.74853640436468e-05
2.74849863262193e-05
2.74846086191733e-05
2.74842309225082e-05
2.74838532362237e-05
2.74834755603194e-05
2.74830978947947e-05
2.74827202396493e-05
2.74823425948828e-05
2.74819649604947e-05
2.74815873364846e-05
2.7481209722852e-05
2.74808321195966e-05
2.74804545267179e-05
2.74800769442154e-05
2.74796993720889e-05
2.74793218103377e-05
2.74789442589616e-05
2.747856671796e-05
2.74781891873326e-05
2.74778116670788e-05
2.74774341571984e-05
2.74770566576908e-05
2.74766791685557e-05
2.74763016897926e-05
2.7475924221401e-05
2.74755467633806e-05
2.74751693157309e-05
2.74747918784515e-05
2.7474414451542e-05
2.74740370350019e-05
2.74736596288309e-05
2.74732822330284e-05
2.74729048475941e-05
2.74725274725275e-05
2.74721501078282e-05
2.74717727534958e-05
2.74713954095298e-05
2.74710180759299e-05
2.74706407526956e-05
2.74702634398264e-05
2.7469886137322e-05
2.74695088451818e-05
2.74691315634056e-05
2.74687542919929e-05
2.74683770309431e-05
2.7467999780256e-05
2.74676225399311e-05
2.74672453099679e-05
2.7466868090366e-05
2.7466490881125e-05
2.74661136822445e-05
2.74657364937241e-05
2.74653593155632e-05
2.74649821477616e-05
2.74646049903187e-05
2.74642278432342e-05
2.74638507065076e-05
2.74634735801384e-05
2.74630964641263e-05
2.74627193584709e-05
2.74623422631716e-05
2.74619651782282e-05
2.746158810364e-05
2.74612110394068e-05
2.74608339855281e-05
2.74604569420035e-05
2.74600799088325e-05
2.74597028860148e-05
2.74593258735498e-05
2.74589488714372e-05
2.74585718796765e-05
2.74581948982674e-05
2.74578179272093e-05
2.74574409665019e-05
2.74570640161448e-05
2.74566870761374e-05
2.74563101464794e-05
2.74559332271704e-05
2.74555563182099e-05
2.74551794195975e-05
2.74548025313328e-05
2.74544256534153e-05
2.74540487858447e-05
2.74536719286205e-05
2.74532950817422e-05
2.74529182452095e-05
2.74525414190219e-05
2.7452164603179e-05
2.74517877976803e-05
2.74514110025255e-05
2.74510342177142e-05
2.74506574432458e-05
2.74502806791199e-05
2.74499039253363e-05
2.74495271818943e-05
2.74491504487936e-05
2.74487737260338e-05
2.74483970136144e-05
2.7448020311535e-05
2.74476436197952e-05
2.74472669383946e-05
2.74468902673327e-05
2.74465136066091e-05
2.74461369562234e-05
2.74457603161752e-05
2.74453836864639e-05
2.74450070670893e-05
2.74446304580509e-05
2.74442538593482e-05
2.74438772709808e-05
2.74435006929484e-05
2.74431241252504e-05
2.74427475678865e-05
2.74423710208562e-05
2.74419944841591e-05
2.74416179577948e-05
2.74412414417628e-05
2.74408649360628e-05
2.74404884406942e-05
2.74401119556568e-05
2.743973548095e-05
2.74393590165734e-05
2.74389825625266e-05
2.74386061188092e-05
2.74382296854207e-05
2.74378532623608e-05
2.74374768496289e-05
2.74371004472247e-05
2.74367240551478e-05
2.74363476733977e-05
2.7435971301974e-05
2.74355949408763e-05
2.74352185901041e-05
2.74348422496571e-05
2.74344659195347e-05
2.74340895997366e-05
2.74337132902624e-05
2.74333369911116e-05
2.74329607022838e-05
2.74325844237786e-05
2.74322081555955e-05
2.74318318977341e-05
2.74314556501941e-05
2.74310794129749e-05
2.74307031860762e-05
2.74303269694975e-05
2.74299507632384e-05
2.74295745672985e-05
2.74291983816773e-05
2.74288222063745e-05
2.74284460413895e-05
2.74280698867221e-05
2.74276937423717e-05
2.74273176083379e-05
2.74269414846203e-05
2.74265653712186e-05
2.74261892681321e-05
2.74258131753606e-05
2.74254370929037e-05
2.74250610207608e-05
2.74246849589315e-05
2.74243089074155e-05
2.74239328662123e-05
2.74235568353215e-05
2.74231808147427e-05
2.74228048044754e-05
2.74224288045192e-05
2.74220528148737e-05
2.74216768355385e-05
2.74213008665131e-05
2.74209249077971e-05
2.74205489593902e-05
2.74201730212918e-05
2.74197970935015e-05
2.7419421176019e-05
2.74190452688437e-05
2.74186693719754e-05
2.74182934854135e-05
2.74179176091576e-05
2.74175417432073e-05
2.74171658875622e-05
2.74167900422219e-05
2.74164142071858e-05
2.74160383824537e-05
2.74156625680251e-05
2.74152867638996e-05
2.74149109700766e-05
2.74145351865559e-05
2.7414159413337e-05
2.74137836504194e-05
2.74134078978028e-05
2.74130321554867e-05
2.74126564234707e-05
2.74122807017544e-05
2.74119049903373e-05
2.7411529289219e-05
2.74111535983992e-05
2.74107779178773e-05
2.7410402247653e-05
2.74100265877258e-05
2.74096509380953e-05
2.74092752987611e-05
2.74088996697228e-05
2.74085240509799e-05
2.7408148442532e-05
2.74077728443787e-05
2.74073972565195e-05
2.74070216789541e-05
2.74066461116821e-05
2.74062705547029e-05
2.74058950080162e-05
2.74055194716216e-05
2.74051439455186e-05
2.74047684297068e-05
2.74043929241857e-05
2.74040174289551e-05
2.74036419440144e-05
2.74032664693631e-05
2.7402891005001e-05
2.74025155509276e-05
2.74021401071424e-05
2.7401764673645e-05
2.7401389250435e-05
2.7401013837512e-05
2.74006384348755e-05
2.74002630425252e-05
2.73998876604606e-05
2.73995122886813e-05
2.73991369271868e-05
2.73987615759768e-05
2.73983862350508e-05
2.73980109044083e-05
2.73976355840491e-05
2.73972602739726e-05
2.73968849741784e-05
2.73965096846662e-05
2.73961344054354e-05
2.73957591364857e-05
2.73953838778166e-05
2.73950086294277e-05
2.73946333913186e-05
2.73942581634889e-05
2.73938829459382e-05
2.73935077386659e-05
2.73931325416718e-05
2.73927573549553e-05
2.73923821785162e-05
2.73920070123538e-05
2.73916318564678e-05
2.73912567108579e-05
2.73908815755235e-05
2.73905064504643e-05
2.73901313356798e-05
2.73897562311695e-05
2.73893811369332e-05
2.73890060529703e-05
2.73886309792805e-05
2.73882559158633e-05
2.73878808627182e-05
2.7387505819845e-05
2.73871307872431e-05
2.73867557649121e-05
2.73863807528516e-05
2.73860057510612e-05
2.73856307595405e-05
2.7385255778289e-05
2.73848808073063e-05
2.7384505846592e-05
2.73841308961457e-05
2.73837559559669e-05
2.73833810260553e-05
2.73830061064104e-05
2.73826311970317e-05
2.7382256297919e-05
2.73818814090716e-05
2.73815065304893e-05
2.73811316621716e-05
2.73807568041181e-05
2.73803819563283e-05
2.73800071188019e-05
2.73796322915383e-05
2.73792574745373e-05
2.73788826677983e-05
2.7378507871321e-05
2.73781330851049e-05
2.73777583091496e-05
2.73773835434548e-05
2.73770087880198e-05
2.73766340428444e-05
2.73762593079282e-05
2.73758845832706e-05
2.73755098688713e-05
2.73751351647299e-05
2.73747604708459e-05
2.73743857872189e-05
2.73740111138485e-05
2.73736364507343e-05
2.73732617978758e-05
2.73728871552727e-05
2.73725125229245e-05
2.73721379008307e-05
2.73717632889911e-05
2.73713886874051e-05
2.73710140960723e-05
2.73706395149923e-05
2.73702649441647e-05
2.7369890383589e-05
2.73695158332649e-05
2.73691412931919e-05
2.73687667633696e-05
2.73683922437976e-05
2.73680177344755e-05
2.73676432354028e-05
2.73672687465791e-05
2.7366894268004e-05
2.73665197996771e-05
2.73661453415979e-05
2.73657708937661e-05
2.73653964561812e-05
2.73650220288427e-05
2.73646476117504e-05
2.73642732049037e-05
2.73638988083022e-05
2.73635244219455e-05
2.73631500458333e-05
2.7362775679965e-05
2.73624013243402e-05
2.73620269789586e-05
2.73616526438197e-05
2.73612783189231e-05
2.73609040042683e-05
2.7360529699855e-05
2.73601554056827e-05
2.7359781121751e-05
2.73594068480595e-05
2.73590325846078e-05
2.73586583313954e-05
2.7358284088422e-05
2.7357909855687e-05
2.73575356331902e-05
2.7357161420931e-05
2.7356787218909e-05
2.73564130271239e-05
2.73560388455752e-05
2.73556646742624e-05
2.73552905131852e-05
2.73549163623432e-05
2.73545422217359e-05
2.73541680913629e-05
2.73537939712238e-05
2.73534198613182e-05
2.73530457616456e-05
2.73526716722056e-05
2.73522975929978e-05
2.73519235240218e-05
2.73515494652772e-05
2.73511754167635e-05
2.73508013784804e-05
2.73504273504274e-05
2.7350053332604e-05
2.73496793250099e-05
2.73493053276447e-05
2.73489313405079e-05
2.73485573635991e-05
2.73481833969179e-05
2.73478094404638e-05
2.73474354942365e-05
2.73470615582356e-05
2.73466876324605e-05
2.7346313716911e-05
2.73459398115865e-05
2.73455659164866e-05
2.7345192031611e-05
2.73448181569593e-05
2.73444442925309e-05
2.73440704383254e-05
2.73436965943426e-05
2.73433227605819e-05
2.73429489370429e-05
2.73425751237252e-05
2.73422013206283e-05
2.7341827527752e-05
2.73414537450956e-05
2.73410799726589e-05
2.73407062104414e-05
2.73403324584427e-05
2.73399587166623e-05
2.73395849850999e-05
2.7339211263755e-05
2.73388375526273e-05
2.73384638517162e-05
2.73380901610214e-05
2.73377164805424e-05
2.73373428102788e-05
2.73369691502303e-05
2.73365955003964e-05
2.73362218607766e-05
2.73358482313706e-05
2.7335474612178e-05
2.73351010031982e-05
2.7334727404431e-05
2.73343538158758e-05
2.73339802375323e-05
2.73336066694e-05
2.73332331114786e-05
2.73328595637676e-05
2.73324860262665e-05
2.7332112498975e-05
2.73317389818927e-05
2.73313654750191e-05
2.73309919783539e-05
2.73306184918965e-05
2.73302450156466e-05
2.73298715496037e-05
2.73294980937675e-05
2.73291246481375e-05
2.73287512127133e-05
2.73283777874945e-05
2.73280043724807e-05
2.73276309676714e-05
2.73272575730663e-05
2.73268841886648e-05
2.73265108144667e-05
2.73261374504714e-05
2.73257640966786e-05
2.73253907530878e-05
2.73250174196986e-05
2.73246440965106e-05
2.73242707835235e-05
2.73238974807367e-05
2.73235241881498e-05
2.73231509057625e-05
2.73227776335742e-05
2.73224043715847e-05
2.73220311197934e-05
2.73216578782e-05
2.73212846468041e-05
2.73209114256052e-05
2.73205382146028e-05
2.73201650137967e-05
2.73197918231863e-05
2.73194186427713e-05
2.73190454725512e-05
2.73186723125256e-05
2.73182991626941e-05
2.73179260230563e-05
2.73175528936118e-05
2.73171797743601e-05
2.73168066653008e-05
2.73164335664336e-05
2.73160604777579e-05
2.73156873992734e-05
2.73153143309797e-05
2.73149412728763e-05
2.73145682249628e-05
2.73141951872388e-05
2.73138221597039e-05
2.73134491423577e-05
2.73130761351997e-05
2.73127031382296e-05
2.73123301514469e-05
2.73119571748511e-05
2.7311584208442e-05
2.7311211252219e-05
2.73108383061818e-05
2.73104653703299e-05
2.73100924446629e-05
2.73097195291804e-05
2.7309346623882e-05
2.73089737287673e-05
2.73086008438358e-05
2.73082279690871e-05
2.73078551045208e-05
2.73074822501365e-05
2.73071094059338e-05
2.73067365719123e-05
2.73063637480715e-05
2.7305990934411e-05
2.73056181309304e-05
2.73052453376294e-05
2.73048725545074e-05
2.7304499781564e-05
2.73041270187989e-05
2.73037542662116e-05
2.73033815238017e-05
2.73030087915688e-05
2.73026360695125e-05
2.73022633576323e-05
2.73018906559279e-05
2.73015179643988e-05
2.73011452830446e-05
2.73007726118649e-05
2.73003999508593e-05
2.73000273000273e-05
2.72996546593686e-05
2.72992820288826e-05
2.72989094085691e-05
2.72985367984276e-05
2.72981641984577e-05
2.72977916086589e-05
2.72974190290308e-05
2.72970464595731e-05
2.72966739002852e-05
2.72963013511669e-05
2.72959288122177e-05
2.72955562834371e-05
2.72951837648247e-05
2.72948112563802e-05
2.7294438758103e-05
2.72940662699929e-05
2.72936937920493e-05
2.7293321324272e-05
2.72929488666603e-05
2.7292576419214e-05
2.72922039819326e-05
2.72918315548156e-05
2.72914591378628e-05
2.72910867310736e-05
2.72907143344477e-05
2.72903419479846e-05
2.72899695716839e-05
2.72895972055452e-05
2.72892248495681e-05
2.72888525037522e-05
2.7288480168097e-05
2.72881078426022e-05
2.72877355272673e-05
2.72873632220919e-05
2.72869909270755e-05
2.72866186422179e-05
2.72862463675185e-05
2.72858741029769e-05
2.72855018485927e-05
2.72851296043656e-05
2.72847573702951e-05
2.72843851463807e-05
2.72840129326221e-05
2.72836407290189e-05
2.72832685355706e-05
2.72828963522768e-05
2.72825241791371e-05
2.7282152016151e-05
2.72817798633183e-05
2.72814077206384e-05
2.72810355881109e-05
2.72806634657355e-05
2.72802913535117e-05
2.7279919251439e-05
2.72795471595172e-05
2.72791750777457e-05
2.72788030061241e-05
2.72784309446521e-05
2.72780588933291e-05
2.72776868521549e-05
2.7277314821129e-05
2.72769428002509e-05
2.72765707895203e-05
2.72761987889368e-05
2.72758267984998e-05
2.72754548182091e-05
2.72750828480642e-05
2.72747108880646e-05
2.727433893821e-05
2.72739669984999e-05
2.7273595068934e-05
2.72732231495118e-05
2.72728512402329e-05
2.72724793410969e-05
2.72721074521034e-05
2.72717355732519e-05
2.7271363704542e-05
2.72709918459734e-05
2.72706199975456e-05
2.72702481592583e-05
2.72698763311108e-05
2.7269504513103e-05
2.72691327052343e-05
2.72687609075044e-05
2.72683891199127e-05
2.7268017342459e-05
2.72676455751428e-05
2.72672738179637e-05
2.72669020709212e-05
2.7266530334015e-05
2.72661586072446e-05
2.72657868906097e-05
2.72654151841097e-05
2.72650434877444e-05
2.72646718015132e-05
2.72643001254158e-05
2.72639284594517e-05
2.72635568036206e-05
2.7263185157922e-05
2.72628135223555e-05
2.72624418969207e-05
2.72620702816172e-05
2.72616986764445e-05
2.72613270814023e-05
2.72609554964902e-05
2.72605839217076e-05
2.72602123570543e-05
2.72598408025297e-05
2.72594692581335e-05
2.72590977238653e-05
2.72587261997247e-05
2.72583546857112e-05
2.72579831818244e-05
2.72576116880639e-05
2.72572402044293e-05
2.72568687309202e-05
2.72564972675362e-05
2.72561258142768e-05
2.72557543711416e-05
2.72553829381303e-05
2.72550115152424e-05
2.72546401024774e-05
2.72542686998351e-05
2.72538973073149e-05
2.72535259249165e-05
2.72531545526395e-05
2.72527831904833e-05
2.72524118384477e-05
2.72520404965322e-05
2.72516691647363e-05
2.72512978430598e-05
2.72509265315021e-05
2.72505552300628e-05
2.72501839387416e-05
2.7249812657538e-05
2.72494413864516e-05
2.7249070125482e-05
2.72486988746287e-05
2.72483276338915e-05
2.72479564032698e-05
2.72475851827632e-05
2.72472139723713e-05
2.72468427720938e-05
2.72464715819301e-05
2.724610040188e-05
2.72457292319429e-05
2.72453580721185e-05
2.72449869224063e-05
2.72446157828059e-05
2.7244244653317e-05
2.72438735339391e-05
2.72435024246717e-05
2.72431313255146e-05
2.72427602364672e-05
2.72423891575291e-05
2.72420180887e-05
2.72416470299794e-05
2.7241275981367e-05
2.72409049428622e-05
2.72405339144647e-05
2.72401628961741e-05
2.723979188799e-05
2.72394208899119e-05
2.72390499019394e-05
2.72386789240722e-05
2.72383079563098e-05
2.72379369986517e-05
2.72375660510977e-05
2.72371951136472e-05
2.72368241862999e-05
2.72364532690553e-05
2.72360823619131e-05
2.72357114648727e-05
2.72353405779339e-05
2.72349697010962e-05
2.72345988343592e-05
2.72342279777224e-05
2.72338571311855e-05
2.7233486294748e-05
2.72331154684096e-05
2.72327446521698e-05
2.72323738460282e-05
2.72320030499843e-05
2.72316322640379e-05
2.72312614881884e-05
2.72308907224355e-05
2.72305199667788e-05
2.72301492212177e-05
2.7229778485752e-05
2.72294077603812e-05
2.72290370451049e-05
2.72286663399227e-05
2.72282956448341e-05
2.72279249598388e-05
2.72275542849364e-05
2.72271836201263e-05
2.72268129654083e-05
2.72264423207819e-05
2.72260716862467e-05
2.72257010618023e-05
2.72253304474483e-05
2.72249598431842e-05
2.72245892490097e-05
2.72242186649243e-05
2.72238480909277e-05
2.72234775270193e-05
2.72231069731989e-05
2.72227364294659e-05
2.722236589582e-05
2.72219953722608e-05
2.72216248587878e-05
2.72212543554007e-05
2.7220883862099e-05
2.72205133788823e-05
2.72201429057503e-05
2.72197724427024e-05
2.72194019897383e-05
2.72190315468576e-05
2.72186611140598e-05
2.72182906913446e-05
2.72179202787115e-05
2.72175498761601e-05
2.72171794836901e-05
2.7216809101301e-05
2.72164387289923e-05
2.72160683667637e-05
2.72156980146148e-05
2.72153276725452e-05
2.72149573405544e-05
2.7214587018642e-05
2.72142167068076e-05
2.72138464050509e-05
2.72134761133713e-05
2.72131058317686e-05
2.72127355602422e-05
2.72123652987918e-05
2.72119950474169e-05
2.72116248061172e-05
2.72112545748922e-05
2.72108843537415e-05
2.72105141426647e-05
2.72101439416615e-05
2.72097737507313e-05
2.72094035698737e-05
2.72090333990885e-05
2.72086632383751e-05
2.72082930877331e-05
2.72079229471622e-05
2.72075528166619e-05
2.72071826962318e-05
2.72068125858715e-05
2.72064424855806e-05
2.72060723953586e-05
2.72057023152053e-05
2.720533224512e-05
2.72049621851026e-05
2.72045921351524e-05
2.72042220952692e-05
2.72038520654525e-05
2.72034820457019e-05
2.72031120360169e-05
2.72027420363973e-05
2.72023720468425e-05
2.72020020673522e-05
2.72016320979259e-05
2.72012621385632e-05
2.72008921892638e-05
2.72005222500272e-05
2.7200152320853e-05
2.71997824017408e-05
2.71994124926902e-05
2.71990425937007e-05
2.7198672704772e-05
2.71983028259037e-05
2.71979329570953e-05
2.71975630983464e-05
2.71971932496566e-05
2.71968234110256e-05
2.71964535824528e-05
2.7196083763938e-05
2.71957139554806e-05
2.71953441570803e-05
2.71949743687367e-05
2.71946045904493e-05
2.71942348222177e-05
2.71938650640416e-05
2.71934953159204e-05
2.71931255778539e-05
2.71927558498416e-05
2.71923861318831e-05
2.71920164239779e-05
2.71916467261257e-05
2.71912770383261e-05
2.71909073605786e-05
2.71905376928829e-05
2.71901680352385e-05
2.7189798387645e-05
2.7189428750102e-05
2.71890591226091e-05
2.71886895051659e-05
2.71883198977719e-05
2.71879503004268e-05
2.71875807131302e-05
2.71872111358817e-05
2.71868415686808e-05
2.71864720115271e-05
2.71861024644202e-05
2.71857329273597e-05
2.71853634003453e-05
2.71849938833764e-05
2.71846243764527e-05
2.71842548795738e-05
2.71838853927392e-05
2.71835159159486e-05
2.71831464492015e-05
2.71827769924976e-05
2.71824075458363e-05
2.71820381092174e-05
2.71816686826404e-05
2.71812992661049e-05
2.71809298596105e-05
2.71805604631568e-05
2.71801910767433e-05
2.71798217003696e-05
2.71794523340355e-05
2.71790829777403e-05
2.71787136314838e-05
2.71783442952655e-05
2.71779749690851e-05
2.7177605652942e-05
2.71772363468359e-05
2.71768670507664e-05
2.71764977647331e-05
2.71761284887355e-05
2.71757592227733e-05
2.7175389966846e-05
2.71750207209533e-05
2.71746514850947e-05
2.71742822592698e-05
2.71739130434783e-05
2.71735438377196e-05
2.71731746419934e-05
2.71728054562993e-05
2.71724362806369e-05
2.71720671150058e-05
2.71716979594055e-05
2.71713288138356e-05
2.71709596782958e-05
2.71705905527857e-05
2.71702214373047e-05
2.71698523318526e-05
2.71694832364288e-05
2.71691141510331e-05
2.7168745075665e-05
2.7168376010324e-05
2.71680069550098e-05
2.71676379097219e-05
2.716726887446e-05
2.71668998492237e-05
2.71665308340125e-05
2.7166161828826e-05
2.71657928336639e-05
2.71654238485256e-05
2.71650548734108e-05
2.71646859083192e-05
2.71643169532502e-05
2.71639480082035e-05
2.71635790731787e-05
2.71632101481753e-05
2.7162841233193e-05
2.71624723282313e-05
2.71621034332899e-05
2.71617345483683e-05
2.71613656734661e-05
2.71609968085829e-05
2.71606279537183e-05
2.71602591088719e-05
2.71598902740433e-05
2.71595214492321e-05
2.71591526344378e-05
2.71587838296601e-05
2.71584150348986e-05
2.71580462501528e-05
2.71576774754223e-05
2.71573087107068e-05
2.71569399560058e-05
2.71565712113189e-05
2.71562024766457e-05
2.71558337519858e-05
2.71554650373388e-05
2.71550963327042e-05
2.71547276380818e-05
2.7154358953471e-05
2.71539902788715e-05
2.71536216142828e-05
2.71532529597046e-05
2.71528843151364e-05
2.71525156805778e-05
2.71521470560285e-05
2.71517784414879e-05
2.71514098369558e-05
2.71510412424316e-05
2.71506726579151e-05
2.71503040834057e-05
2.71499355189031e-05
2.71495669644069e-05
2.71491984199167e-05
2.71488298854319e-05
2.71484613609524e-05
2.71480928464775e-05
2.7147724342007e-05
2.71473558475404e-05
2.71469873630774e-05
2.71466188886174e-05
2.71462504241602e-05
2.71458819697052e-05
2.71455135252521e-05
2.71451450908005e-05
2.714477666635e-05
2.71444082519001e-05
2.71440398474505e-05
2.71436714530007e-05
2.71433030685504e-05
2.71429346940991e-05
2.71425663296465e-05
2.7142197975192e-05
2.71418296307354e-05
2.71414612962762e-05
2.7141092971814e-05
2.71407246573483e-05
2.71403563528789e-05
2.71399880584053e-05
2.7139619773927e-05
2.71392514994436e-05
2.71388832349549e-05
2.71385149804603e-05
2.71381467359594e-05
2.71377785014519e-05
2.71374102769373e-05
2.71370420624152e-05
2.71366738578852e-05
2.7136305663347e-05
2.71359374788e-05
2.7135569304244e-05
2.71352011396784e-05
2.7134832985103e-05
2.71344648405172e-05
2.71340967059207e-05
2.7133728581313e-05
2.71333604666938e-05
2.71329923620627e-05
2.71326242674191e-05
2.71322561827629e-05
2.71318881080934e-05
2.71315200434104e-05
2.71311519887134e-05
2.71307839440021e-05
2.71304159092759e-05
2.71300478845345e-05
2.71296798697775e-05
2.71293118650045e-05
2.71289438702151e-05
2.71285758854089e-05
2.71282079105854e-05
2.71278399457443e-05
2.71274719908852e-05
2.71271040460076e-05
2.71267361111111e-05
2.71263681861954e-05
2.712600027126e-05
2.71256323663045e-05
2.71252644713286e-05
2.71248965863318e-05
2.71245287113136e-05
2.71241608462738e-05
2.71237929912119e-05
2.71234251461275e-05
2.71230573110201e-05
2.71226894858894e-05
2.7122321670735e-05
2.71219538655565e-05
2.71215860703534e-05
2.71212182851254e-05
2.7120850509872e-05
2.71204827445929e-05
2.71201149892876e-05
2.71197472439557e-05
2.71193795085968e-05
2.71190117832106e-05
2.71186440677966e-05
2.71182763623544e-05
2.71179086668836e-05
2.71175409813838e-05
2.71171733058546e-05
2.71168056402956e-05
2.71164379847063e-05
2.71160703390865e-05
2.71157027034356e-05
2.71153350777532e-05
2.7114967462039e-05
2.71145998562926e-05
2.71142322605135e-05
2.71138646747014e-05
2.71134970988558e-05
2.71131295329763e-05
2.71127619770626e-05
2.71123944311142e-05
2.71120268951307e-05
2.71116593691117e-05
2.71112918530568e-05
2.71109243469656e-05
2.71105568508377e-05
2.71101893646727e-05
2.71098218884702e-05
2.71094544222298e-05
2.7109086965951e-05
2.71087195196335e-05
2.71083520832769e-05
2.71079846568807e-05
2.71076172404446e-05
2.71072498339681e-05
2.71068824374509e-05
2.71065150508925e-05
2.71061476742925e-05
2.71057803076506e-05
2.71054129509663e-05
2.71050456042392e-05
2.7104678267469e-05
2.71043109406551e-05
2.71039436237973e-05
2.7103576316895e-05
2.7103209019948e-05
2.71028417329557e-05
2.71024744559178e-05
2.71021071888339e-05
2.71017399317036e-05
2.71013726845265e-05
2.71010054473021e-05
2.71006382200301e-05
2.710027100271e-05
2.70999037953415e-05
2.70995365979242e-05
2.70991694104576e-05
2.70988022329413e-05
2.7098435065375e-05
2.70980679077582e-05
2.70977007600905e-05
2.70973336223716e-05
2.70969664946009e-05
2.70965993767782e-05
2.7096232268903e-05
2.70958651709749e-05
2.70954980829935e-05
2.70951310049584e-05
2.70947639368692e-05
2.70943968787255e-05
2.70940298305268e-05
2.70936627922729e-05
2.70932957639632e-05
2.70929287455974e-05
2.70925617371751e-05
2.70921947386958e-05
2.70918277501592e-05
2.70914607715648e-05
2.70910938029123e-05
2.70907268442012e-05
2.70903598954312e-05
2.70899929566018e-05
2.70896260277127e-05
2.70892591087634e-05
2.70888921997535e-05
2.70885253006826e-05
2.70881584115504e-05
2.70877915323564e-05
2.70874246631002e-05
2.70870578037814e-05
2.70866909543996e-05
2.70863241149544e-05
2.70859572854454e-05
2.70855904658722e-05
2.70852236562343e-05
2.70848568565315e-05
2.70844900667633e-05
2.70841232869292e-05
2.70837565170289e-05
2.7083389757062e-05
2.7083023007028e-05
2.70826562669267e-05
2.70822895367574e-05
2.708192281652e-05
2.70815561062139e-05
2.70811894058387e-05
2.70808227153941e-05
2.70804560348796e-05
2.70800893642949e-05
2.70797227036395e-05
2.70793560529131e-05
2.70789894121151e-05
2.70786227812453e-05
2.70782561603033e-05
2.70778895492885e-05
2.70775229482007e-05
2.70771563570394e-05
2.70767897758042e-05
2.70764232044947e-05
2.70760566431105e-05
2.70756900916512e-05
2.70753235501164e-05
2.70749570185057e-05
2.70745904968187e-05
2.7074223985055e-05
2.70738574832142e-05
2.70734909912959e-05
2.70731245092996e-05
2.7072758037225e-05
2.70723915750717e-05
2.70720251228393e-05
2.70716586805274e-05
2.70712922481355e-05
2.70709258256632e-05
2.70705594131103e-05
2.70701930104762e-05
2.70698266177605e-05
2.70694602349629e-05
2.7069093862083e-05
2.70687274991203e-05
2.70683611460744e-05
2.7067994802945e-05
2.70676284697316e-05
2.70672621464339e-05
2.70668958330514e-05
2.70665295295837e-05
2.70661632360305e-05
2.70657969523913e-05
2.70654306786657e-05
2.70650644148533e-05
2.70646981609538e-05
2.70643319169666e-05
2.70639656828915e-05
2.7063599458728e-05
2.70632332444757e-05
2.70628670401342e-05
2.70625008457032e-05
2.70621346611821e-05
2.70617684865706e-05
2.70614023218683e-05
2.70610361670748e-05
2.70606700221898e-05
2.70603038872127e-05
2.70599377621431e-05
2.70595716469808e-05
2.70592055417253e-05
2.70588394463761e-05
2.7058473360933e-05
2.70581072853954e-05
2.7057741219763e-05
2.70573751640353e-05
2.70570091182121e-05
2.70566430822928e-05
2.70562770562771e-05
2.70559110401645e-05
2.70555450339547e-05
2.70551790376473e-05
2.70548130512418e-05
2.70544470747379e-05
2.70540811081352e-05
2.70537151514332e-05
2.70533492046315e-05
2.70529832677298e-05
2.70526173407277e-05
2.70522514236247e-05
2.70518855164205e-05
2.70515196191146e-05
2.70511537317067e-05
2.70507878541963e-05
2.7050421986583e-05
2.70500561288665e-05
2.70496902810463e-05
2.7049324443122e-05
2.70489586150933e-05
2.70485927969597e-05
2.70482269887209e-05
2.70478611903764e-05
2.70474954019258e-05
2.70471296233687e-05
2.70467638547048e-05
2.70463980959336e-05
2.70460323470547e-05
2.70456666080677e-05
2.70453008789723e-05
2.7044935159768e-05
2.70445694504543e-05
2.70442037510311e-05
2.70438380614977e-05
2.70434723818538e-05
2.70431067120991e-05
2.70427410522331e-05
2.70423754022553e-05
2.70420097621655e-05
2.70416441319632e-05
2.7041278511648e-05
2.70409129012195e-05
2.70405473006774e-05
2.70401817100211e-05
2.70398161292503e-05
2.70394505583647e-05
2.70390849973637e-05
2.7038719446247e-05
2.70383539050143e-05
2.7037988373665e-05
2.70376228521988e-05
2.70372573406154e-05
2.70368918389142e-05
2.70365263470949e-05
2.70361608651571e-05
2.70357953931005e-05
2.70354299309245e-05
2.70350644786288e-05
2.7034699036213e-05
2.70343336036767e-05
2.70339681810194e-05
2.70336027682409e-05
2.70332373653407e-05
2.70328719723183e-05
2.70325065891735e-05
2.70321412159057e-05
2.70317758525146e-05
2.70314104989998e-05
2.70310451553609e-05
2.70306798215975e-05
2.70303144977092e-05
2.70299491836955e-05
2.70295838795562e-05
2.70292185852907e-05
2.70288533008987e-05
2.70284880263798e-05
2.70281227617336e-05
2.70277575069596e-05
2.70273922620576e-05
2.7027027027027e-05
2.70266618018675e-05
2.70262965865787e-05
2.70259313811602e-05
2.70255661856116e-05
2.70252009999324e-05
2.70248358241224e-05
2.7024470658181e-05
2.70241055021079e-05
2.70237403559027e-05
2.70233752195649e-05
2.70230100930943e-05
2.70226449764903e-05
2.70222798697526e-05
2.70219147728808e-05
2.70215496858745e-05
2.70211846087332e-05
2.70208195414567e-05
2.70204544840444e-05
2.7020089436496e-05
2.70197243988111e-05
2.70193593709893e-05
2.70189943530302e-05
2.70186293449333e-05
2.70182643466984e-05
2.70178993583249e-05
2.70175343798125e-05
2.70171694111608e-05
2.70168044523694e-05
2.70164395034378e-05
2.70160745643658e-05
2.70157096351528e-05
2.70153447157986e-05
2.70149798063026e-05
2.70146149066645e-05
2.70142500168839e-05
2.70138851369604e-05
2.70135202668936e-05
2.70131554066831e-05
2.70127905563284e-05
2.70124257158293e-05
2.70120608851852e-05
2.70116960643959e-05
2.70113312534608e-05
2.70109664523797e-05
2.7010601661152e-05
2.70102368797774e-05
2.70098721082556e-05
2.7009507346586e-05
2.70091425947683e-05
2.70087778528022e-05
2.70084131206871e-05
2.70080483984227e-05
2.70076836860087e-05
2.70073189834445e-05
2.70069542907299e-05
2.70065896078643e-05
2.70062249348475e-05
2.7005860271679e-05
2.70054956183583e-05
2.70051309748852e-05
2.70047663412592e-05
2.700440171748e-05
2.7004037103547e-05
2.70036724994599e-05
2.70033079052184e-05
2.7002943320822e-05
2.70025787462703e-05
2.70022141815629e-05
2.70018496266994e-05
2.70014850816795e-05
2.70011205465027e-05
2.70007560211686e-05
2.70003915056768e-05
2.7000027000027e-05
2.69996625042187e-05
2.69992980182515e-05
2.69989335421251e-05
2.6998569075839e-05
2.69982046193928e-05
2.69978401727862e-05
2.69974757360187e-05
2.69971113090899e-05
2.69967468919995e-05
2.6996382484747e-05
2.69960180873321e-05
2.69956536997543e-05
2.69952893220133e-05
2.69949249541086e-05
2.69945605960399e-05
2.69941962478067e-05
2.69938319094087e-05
2.69934675808454e-05
2.69931032621165e-05
2.69927389532216e-05
2.69923746541602e-05
2.6992010364932e-05
2.69916460855365e-05
2.69912818159734e-05
2.69909175562423e-05
2.69905533063428e-05
2.69901890662744e-05
2.69898248360368e-05
2.69894606156296e-05
2.69890964050524e-05
2.69887322043047e-05
2.69883680133862e-05
2.69880038322965e-05
2.69876396610352e-05
2.69872754996019e-05
2.69869113479962e-05
2.69865472062177e-05
2.6986183074266e-05
2.69858189521407e-05
2.69854548398413e-05
2.69850907373676e-05
2.69847266447191e-05
2.69843625618954e-05
2.69839984888961e-05
2.69836344257208e-05
2.69832703723691e-05
2.69829063288407e-05
2.6982542295135e-05
2.69821782712518e-05
2.69818142571907e-05
2.69814502529511e-05
2.69810862585328e-05
2.69807222739353e-05
2.69803582991582e-05
2.69799943342012e-05
2.69796303790638e-05
2.69792664337457e-05
2.69789024982464e-05
2.69785385725655e-05
2.69781746567027e-05
2.69778107506576e-05
2.69774468544297e-05
2.69770829680187e-05
2.69767190914241e-05
2.69763552246456e-05
2.69759913676828e-05
2.69756275205352e-05
2.69752636832025e-05
2.69748998556843e-05
2.69745360379801e-05
2.69741722300897e-05
2.69738084320125e-05
2.69734446437482e-05
2.69730808652964e-05
2.69727170966567e-05
2.69723533378287e-05
2.6971989588812e-05
2.69716258496062e-05
2.69712621202109e-05
2.69708984006257e-05
2.69705346908502e-05
2.69701709908841e-05
2.69698073007268e-05
2.69694436203781e-05
2.69690799498375e-05
2.69687162891046e-05
2.69683526381791e-05
2.69679889970605e-05
2.69676253657484e-05
2.69672617442425e-05
2.69668981325423e-05
2.69665345306475e-05
2.69661709385576e-05
2.69658073562722e-05
2.69654437837911e-05
2.69650802211137e-05
2.69647166682396e-05
2.69643531251685e-05
2.69639895919e-05
2.69636260684337e-05
2.69632625547691e-05
2.6962899050906e-05
2.69625355568438e-05
2.69621720725822e-05
2.69618085981208e-05
2.69614451334592e-05
2.69610816785969e-05
2.69607182335337e-05
2.69603547982691e-05
2.69599913728028e-05
2.69596279571342e-05
2.6959264551263e-05
2.69589011551889e-05
2.69585377689114e-05
2.69581743924301e-05
2.69578110257447e-05
2.69574476688547e-05
2.69570843217598e-05
2.69567209844594e-05
2.69563576569534e-05
2.69559943392412e-05
2.69556310313224e-05
2.69552677331968e-05
2.69549044448637e-05
2.6954541166323e-05
2.69541778975741e-05
2.69538146386167e-05
2.69534513894504e-05
2.69530881500748e-05
2.69527249204895e-05
2.6952361700694e-05
2.69519984906881e-05
2.69516352904713e-05
2.69512721000431e-05
2.69509089194033e-05
2.69505457485514e-05
2.6950182587487e-05
2.69498194362098e-05
2.69494562947193e-05
2.69490931630151e-05
2.69487300410968e-05
2.69483669289641e-05
2.69480038266165e-05
2.69476407340537e-05
2.69472776512753e-05
2.69469145782808e-05
2.69465515150699e-05
2.69461884616421e-05
2.69458254179971e-05
2.69454623841345e-05
2.69450993600539e-05
2.69447363457549e-05
2.6944373341237e-05
2.69440103465e-05
2.69436473615433e-05
2.69432843863667e-05
2.69429214209697e-05
2.69425584653519e-05
2.69421955195129e-05
2.69418325834523e-05
2.69414696571698e-05
2.69411067406649e-05
2.69407438339373e-05
2.69403809369864e-05
2.69400180498121e-05
2.69396551724138e-05
2.69392923047912e-05
2.69389294469438e-05
2.69385665988713e-05
2.69382037605732e-05
2.69378409320493e-05
2.6937478113299e-05
2.69371153043221e-05
2.6936752505118e-05
2.69363897156864e-05
2.69360269360269e-05
2.69356641661392e-05
2.69353014060227e-05
2.69349386556772e-05
2.69345759151022e-05
2.69342131842974e-05
2.69338504632622e-05
2.69334877519964e-05
2.69331250504996e-05
2.69327623587713e-05
2.69323996768112e-05
2.69320370046188e-05
2.69316743421939e-05
2.69313116895358e-05
2.69309490466444e-05
2.69305864135192e-05
2.69302237901597e-05
2.69298611765656e-05
2.69294985727366e-05
2.69291359786721e-05
2.69287733943719e-05
2.69284108198355e-05
2.69280482550625e-05
2.69276857000525e-05
2.69273231548052e-05
2.69269606193201e-05
2.69265980935969e-05
2.69262355776351e-05
2.69258730714343e-05
2.69255105749943e-05
2.69251480883145e-05
2.69247856113946e-05
2.69244231442341e-05
2.69240606868328e-05
2.69236982391901e-05
2.69233358013058e-05
2.69229733731793e-05
2.69226109548104e-05
2.69222485461986e-05
2.69218861473435e-05
2.69215237582447e-05
2.69211613789019e-05
2.69207990093146e-05
2.69204366494825e-05
2.69200742994051e-05
2.6919711959082e-05
2.6919349628513e-05
2.69189873076975e-05
2.69186249966352e-05
2.69182626953256e-05
2.69179004037685e-05
2.69175381219634e-05
2.69171758499098e-05
2.69168135876075e-05
2.6916451335056e-05
2.69160890922549e-05
2.69157268592038e-05
2.69153646359024e-05
2.69150024223502e-05
2.69146402185469e-05
2.6914278024492e-05
2.69139158401852e-05
2.6913553665626e-05
2.69131915008141e-05
2.69128293457491e-05
2.69124672004306e-05
2.69121050648582e-05
2.69117429390314e-05
2.691138082295e-05
2.69110187166135e-05
2.69106566200215e-05
2.69102945331737e-05
2.69099324560695e-05
2.69095703887087e-05
2.69092083310909e-05
2.69088462832156e-05
2.69084842450825e-05
2.69081222166911e-05
2.69077601980411e-05
2.69073981891321e-05
2.69070361899637e-05
2.69066742005354e-05
2.6906312220847e-05
2.6905950250898e-05
2.6905588290688e-05
2.69052263402166e-05
2.69048643994834e-05
2.69045024684881e-05
2.69041405472302e-05
2.69037786357094e-05
2.69034167339252e-05
2.69030548418773e-05
2.69026929595653e-05
2.69023310869887e-05
2.69019692241472e-05
2.69016073710404e-05
2.69012455276679e-05
2.69008836940293e-05
2.69005218701243e-05
2.69001600559523e-05
2.68997982515131e-05
2.68994364568062e-05
2.68990746718313e-05
2.68987128965879e-05
2.68983511310757e-05
2.68979893752942e-05
2.68976276292431e-05
2.6897265892922e-05
2.68969041663305e-05
2.68965424494681e-05
2.68961807423346e-05
2.68958190449295e-05
2.68954573572524e-05
2.68950956793029e-05
2.68947340110806e-05
2.68943723525852e-05
2.68940107038163e-05
2.68936490647734e-05
2.68932874354561e-05
2.68929258158641e-05
2.6892564205997e-05
2.68922026058544e-05
2.68918410154359e-05
2.68914794347411e-05
2.68911178637696e-05
2.6890756302521e-05
2.68903947509949e-05
2.6890033209191e-05
2.68896716771088e-05
2.6889310154748e-05
2.68889486421081e-05
2.68885871391888e-05
2.68882256459896e-05
2.68878641625103e-05
2.68875026887503e-05
2.68871412247093e-05
2.68867797703869e-05
2.68864183257827e-05
2.68860568908964e-05
2.68856954657275e-05
2.68853340502756e-05
2.68849726445403e-05
2.68846112485213e-05
2.68842498622182e-05
2.68838884856306e-05
2.6883527118758e-05
2.68831657616001e-05
2.68828044141565e-05
2.68824430764268e-05
2.68820817484106e-05
2.68817204301075e-05
2.68813591215172e-05
2.68809978226392e-05
2.68806365334731e-05
2.68802752540186e-05
2.68799139842753e-05
2.68795527242427e-05
2.68791914739205e-05
2.68788302333082e-05
2.68784690024056e-05
2.68781077812122e-05
2.68777465697276e-05
2.68773853679514e-05
2.68770241758832e-05
2.68766629935227e-05
2.68763018208694e-05
2.6875940657923e-05
2.68755795046831e-05
2.68752183611492e-05
2.6874857227321e-05
2.68744961031981e-05
2.687413498878e-05
2.68737738840665e-05
2.68734127890571e-05
2.68730517037515e-05
2.68726906281491e-05
2.68723295622497e-05
2.68719685060529e-05
2.68716074595582e-05
2.68712464227653e-05
2.68708853956738e-05
2.68705243782832e-05
2.68701633705933e-05
2.68698023726035e-05
2.68694413843136e-05
2.68690804057231e-05
2.68687194368316e-05
2.68683584776388e-05
2.68679975281442e-05
2.68676365883475e-05
2.68672756582483e-05
2.68669147378461e-05
2.68665538271406e-05
2.68661929261314e-05
2.68658320348181e-05
2.68654711532003e-05
2.68651102812777e-05
2.68647494190498e-05
2.68643885665162e-05
2.68640277236766e-05
2.68636668905306e-05
2.68633060670777e-05
2.68629452533176e-05
2.68625844492499e-05
2.68622236548741e-05
2.686186287019e-05
2.68615020951972e-05
2.68611413298951e-05
2.68607805742835e-05
2.68604198283619e-05
2.686005909213e-05
2.68596983655874e-05
2.68593376487336e-05
2.68589769415683e-05
2.68586162440911e-05
2.68582555563016e-05
2.68578948781994e-05
2.68575342097842e-05
2.68571735510555e-05
2.68568129020129e-05
2.68564522626561e-05
2.68560916329847e-05
2.68557310129982e-05
2.68553704026963e-05
2.68550098020786e-05
2.68546492111447e-05
2.68542886298942e-05
2.68539280583267e-05
2.68535674964419e-05
2.68532069442393e-05
2.68528464017186e-05
2.68524858688793e-05
2.68521253457211e-05
2.68517648322436e-05
2.68514043284464e-05
2.68510438343291e-05
2.68506833498913e-05
2.68503228751326e-05
2.68499624100526e-05
2.6849601954651e-05
2.68492415089274e-05
2.68488810728813e-05
2.68485206465124e-05
2.68481602298203e-05
2.68477998228045e-05
2.68474394254648e-05
2.68470790378007e-05
2.68467186598118e-05
2.68463582914978e-05
2.68459979328582e-05
2.68456375838926e-05
2.68452772446007e-05
2.68449169149821e-05
2.68445565950364e-05
2.68441962847632e-05
2.68438359841621e-05
2.68434756932328e-05
2.68431154119747e-05
2.68427551403876e-05
2.68423948784711e-05
2.68420346262247e-05
2.68416743836481e-05
2.68413141507408e-05
2.68409539275026e-05
2.6840593713933e-05
2.68402335100315e-05
2.68398733157979e-05
2.68395131312318e-05
2.68391529563327e-05
2.68387927911003e-05
2.68384326355341e-05
2.68380724896338e-05
2.6837712353399e-05
2.68373522268293e-05
2.68369921099243e-05
2.68366320026837e-05
2.68362719051069e-05
2.68359118171938e-05
2.68355517389438e-05
2.68351916703565e-05
2.68348316114316e-05
2.68344715621688e-05
2.68341115225675e-05
2.68337514926274e-05
2.68333914723482e-05
2.68330314617294e-05
2.68326714607706e-05
2.68323114694715e-05
2.68319514878317e-05
2.68315915158508e-05
2.68312315535283e-05
2.6830871600864e-05
2.68305116578573e-05
2.6830151724508e-05
2.68297918008156e-05
2.68294318867798e-05
2.68290719824001e-05
2.68287120876762e-05
2.68283522026077e-05
2.68279923271942e-05
2.68276324614353e-05
2.68272726053306e-05
2.68269127588797e-05
2.68265529220823e-05
2.68261930949379e-05
2.68258332774462e-05
2.68254734696067e-05
2.68251136714192e-05
2.68247538828831e-05
2.68243941039982e-05
2.68240343347639e-05
2.68236745751801e-05
2.68233148252461e-05
2.68229550849617e-05
2.68225953543265e-05
2.682223563334e-05
2.6821875922002e-05
2.68215162203119e-05
2.68211565282695e-05
2.68207968458743e-05
2.68204371731259e-05
2.6820077510024e-05
2.68197178565681e-05
2.6819358212758e-05
2.68189985785931e-05
2.68186389540731e-05
2.68182793391976e-05
2.68179197339662e-05
2.68175601383786e-05
2.68172005524343e-05
2.6816840976133e-05
2.68164814094743e-05
2.68161218524577e-05
2.68157623050829e-05
2.68154027673496e-05
2.68150432392572e-05
2.68146837208055e-05
2.6814324211994e-05
2.68139647128224e-05
2.68136052232903e-05
2.68132457433972e-05
2.68128862731429e-05
2.68125268125268e-05
2.68121673615487e-05
2.68118079202081e-05
2.68114484885046e-05
2.68110890664379e-05
2.68107296540075e-05
2.68103702512132e-05
2.68100108580544e-05
2.68096514745308e-05
2.68092921006421e-05
2.68089327363878e-05
2.68085733817675e-05
2.68082140367809e-05
2.68078547014275e-05
2.6807495375707e-05
2.68071360596191e-05
2.68067767531632e-05
2.6806417456339e-05
2.68060581691462e-05
2.68056988915844e-05
2.6805339623653e-05
2.68049803653519e-05
2.68046211166805e-05
2.68042618776385e-05
2.68039026482256e-05
2.68035434284412e-05
2.68031842182851e-05
2.68028250177569e-05
2.68024658268561e-05
2.68021066455823e-05
2.68017474739353e-05
2.68013883119146e-05
2.68010291595197e-05
2.68006700167504e-05
2.68003108836062e-05
2.67999517600868e-05
2.67995926461918e-05
2.67992335419207e-05
2.67988744472732e-05
2.67985153622489e-05
2.67981562868475e-05
2.67977972210684e-05
2.67974381649114e-05
2.67970791183761e-05
2.6796720081462e-05
2.67963610541688e-05
2.67960020364962e-05
2.67956430284436e-05
2.67952840300107e-05
2.67949250411972e-05
2.67945660620026e-05
2.67942070924266e-05
2.67938481324688e-05
2.67934891821287e-05
2.67931302414061e-05
2.67927713103005e-05
2.67924123888115e-05
2.67920534769387e-05
2.67916945746818e-05
2.67913356820404e-05
2.67909767990141e-05
2.67906179256025e-05
2.67902590618051e-05
2.67899002076217e-05
2.67895413630519e-05
2.67891825280952e-05
2.67888237027512e-05
2.67884648870196e-05
2.67881060809001e-05
2.67877472843921e-05
2.67873884974954e-05
2.67870297202095e-05
2.6786670952534e-05
2.67863121944686e-05
2.67859534460129e-05
2.67855947071665e-05
2.6785235977929e-05
2.67848772583e-05
2.67845185482791e-05
2.6784159847866e-05
2.67838011570602e-05
2.67834424758614e-05
2.67830838042692e-05
2.67827251422832e-05
2.6782366489903e-05
2.67820078471283e-05
2.67816492139586e-05
2.67812905903936e-05
2.67809319764328e-05
2.67805733720759e-05
2.67802147773225e-05
2.67798561921722e-05
2.67794976166247e-05
2.67791390506795e-05
2.67787804943363e-05
2.67784219475946e-05
2.67780634104542e-05
2.67777048829145e-05
2.67773463649752e-05
2.6776987856636e-05
2.67766293578964e-05
2.67762708687561e-05
2.67759123892147e-05
2.67755539192717e-05
2.67751954589268e-05
2.67748370081797e-05
2.67744785670299e-05
2.6774120135477e-05
2.67737617135207e-05
2.67734033011606e-05
2.67730448983963e-05
2.67726865052274e-05
2.67723281216535e-05
2.67719697476742e-05
2.67716113832892e-05
2.6771253028498e-05
2.67708946833003e-05
2.67705363476957e-05
2.67701780216838e-05
2.67698197052643e-05
2.67694613984367e-05
2.67691031012006e-05
2.67687448135557e-05
2.67683865355016e-05
2.67680282670378e-05
2.67676700081641e-05
2.67673117588801e-05
2.67669535191852e-05
2.67665952890792e-05
2.67662370685617e-05
2.67658788576323e-05
2.67655206562906e-05
2.67651624645362e-05
2.67648042823687e-05
2.67644461097878e-05
2.6764087946793e-05
2.6763729793384e-05
2.67633716495604e-05
2.67630135153218e-05
2.67626553906679e-05
2.67622972755981e-05
2.67619391701123e-05
2.67615810742099e-05
2.67612229878905e-05
2.67608649111539e-05
2.67605068439996e-05
2.67601487864273e-05
2.67597907384364e-05
2.67594327000268e-05
2.67590746711979e-05
2.67587166519494e-05
2.67583586422809e-05
2.6758000642192e-05
2.67576426516824e-05
2.67572846707516e-05
2.67569266993993e-05
2.67565687376251e-05
2.67562107854286e-05
2.67558528428094e-05
2.67554949097671e-05
2.67551369863014e-05
2.67547790724118e-05
2.6754421168098e-05
2.67540632733596e-05
2.67537053881963e-05
2.67533475126075e-05
2.6752989646593e-05
2.67526317901524e-05
2.67522739432852e-05
2.67519161059911e-05
2.67515582782697e-05
2.67512004601206e-05
2.67508426515435e-05
2.6750484852538e-05
2.67501270631035e-05
2.67497692832399e-05
2.67494115129467e-05
2.67490537522235e-05
2.67486960010699e-05
2.67483382594856e-05
2.67479805274702e-05
2.67476228050232e-05
2.67472650921443e-05
2.67469073888332e-05
2.67465496950893e-05
2.67461920109124e-05
2.67458343363021e-05
2.6745476671258e-05
2.67451190157796e-05
2.67447613698667e-05
2.67444037335188e-05
2.67440461067355e-05
2.67436884895165e-05
2.67433308818613e-05
2.67429732837697e-05
2.67426156952412e-05
2.67422581162753e-05
2.67419005468719e-05
2.67415429870304e-05
2.67411854367504e-05
2.67408278960317e-05
2.67404703648737e-05
2.67401128432762e-05
2.67397553312387e-05
2.67393978287609e-05
2.67390403358423e-05
2.67386828524827e-05
2.67383253786815e-05
2.67379679144385e-05
2.67376104597532e-05
2.67372530146253e-05
2.67368955790543e-05
2.67365381530399e-05
2.67361807365818e-05
2.67358233296794e-05
2.67354659323325e-05
2.67351085445407e-05
2.67347511663035e-05
2.67343937976206e-05
2.67340364384917e-05
2.67336790889162e-05
2.67333217488939e-05
2.67329644184244e-05
2.67326070975072e-05
2.6732249786142e-05
2.67318924843284e-05
2.67315351920661e-05
2.67311779093546e-05
2.67308206361935e-05
2.67304633725826e-05
2.67301061185213e-05
2.67297488740093e-05
2.67293916390463e-05
2.67290344136318e-05
2.67286771977655e-05
2.67283199914469e-05
2.67279627946758e-05
2.67276056074517e-05
2.67272484297742e-05
2.67268912616429e-05
2.67265341030575e-05
2.67261769540176e-05
2.67258198145228e-05
2.67254626845727e-05
2.6725105564167e-05
2.67247484533052e-05
2.6724391351987e-05
2.67240342602119e-05
2.67236771779797e-05
2.67233201052899e-05
2.67229630421421e-05
2.6722605988536e-05
2.67222489444712e-05
2.67218919099472e-05
2.67215348849638e-05
2.67211778695205e-05
2.67208208636169e-05
2.67204638672527e-05
2.67201068804275e-05
2.67197499031409e-05
2.67193929353925e-05
2.67190359771819e-05
2.67186790285088e-05
2.67183220893728e-05
2.67179651597734e-05
2.67176082397104e-05
2.67172513291833e-05
2.67168944281917e-05
2.67165375367352e-05
2.67161806548136e-05
2.67158237824263e-05
2.67154669195731e-05
2.67151100662535e-05
2.67147532224671e-05
2.67143963882136e-05
2.67140395634926e-05
2.67136827483037e-05
2.67133259426465e-05
2.67129691465206e-05
2.67126123599257e-05
2.67122555828614e-05
2.67118988153273e-05
2.6711542057323e-05
2.67111853088481e-05
2.67108285699022e-05
2.67104718404851e-05
2.67101151205962e-05
2.67097584102352e-05
2.67094017094017e-05
2.67090450180954e-05
2.67086883363158e-05
2.67083316640626e-05
2.67079750013354e-05
2.67076183481338e-05
2.67072617044574e-05
2.67069050703059e-05
2.67065484456789e-05
2.67061918305759e-05
2.67058352249967e-05
2.67054786289407e-05
2.67051220424077e-05
2.67047654653973e-05
2.6704408897909e-05
2.67040523399426e-05
2.67036957914975e-05
2.67033392525735e-05
2.67029827231702e-05
2.67026262032871e-05
2.67022696929239e-05
2.67019131920802e-05
2.67015567007557e-05
2.67012002189498e-05
2.67008437466624e-05
2.67004872838929e-05
2.67001308306411e-05
2.66997743869064e-05
2.66994179526886e-05
2.66990615279873e-05
2.6698705112802e-05
2.66983487071325e-05
2.66979923109782e-05
2.66976359243389e-05
2.66972795472141e-05
2.66969231796035e-05
2.66965668215068e-05
2.66962104729234e-05
2.6695854133853e-05
2.66954978042953e-05
2.66951414842499e-05
2.66947851737163e-05
2.66944288726943e-05
2.66940725811833e-05
2.66937162991832e-05
2.66933600266934e-05
2.66930037637135e-05
2.66926475102433e-05
2.66922912662823e-05
2.66919350318301e-05
2.66915788068864e-05
2.66912225914508e-05
2.66908663855229e-05
2.66905101891023e-05
2.66901540021886e-05
2.66897978247815e-05
2.66894416568805e-05
2.66890854984854e-05
2.66887293495957e-05
2.6688373210211e-05
2.66880170803309e-05
2.66876609599552e-05
2.66873048490833e-05
2.66869487477149e-05
2.66865926558497e-05
2.66862365734872e-05
2.66858805006271e-05
2.6685524437269e-05
2.66851683834125e-05
2.66848123390572e-05
2.66844563042028e-05
2.66841002788488e-05
2.6683744262995e-05
2.66833882566408e-05
2.6683032259786e-05
2.66826762724301e-05
2.66823202945728e-05
2.66819643262137e-05
2.66816083673524e-05
2.66812524179885e-05
2.66808964781217e-05
2.66805405477515e-05
2.66801846268776e-05
2.66798287154996e-05
2.66794728136172e-05
2.66791169212299e-05
2.66787610383374e-05
2.66784051649392e-05
2.66780493010351e-05
2.66776934466246e-05
2.66773376017074e-05
2.6676981766283e-05
2.66766259403511e-05
2.66762701239113e-05
2.66759143169632e-05
2.66755585195065e-05
2.66752027315408e-05
2.66748469530656e-05
2.66744911840807e-05
2.66741354245855e-05
2.66737796745799e-05
2.66734239340633e-05
2.66730682030354e-05
2.66727124814958e-05
2.66723567694441e-05
2.667200106688e-05
2.66716453738031e-05
2.6671289690213e-05
2.66709340161092e-05
2.66705783514916e-05
2.66702226963595e-05
2.66698670507128e-05
2.66695114145509e-05
2.66691557878735e-05
2.66688001706803e-05
2.66684445629709e-05
2.66680889647448e-05
2.66677333760017e-05
2.66673777967412e-05
2.6667022226963e-05
2.66666666666667e-05
2.66663111158518e-05
2.6665955574518e-05
2.6665600042665e-05
2.66652445202923e-05
2.66648890073995e-05
2.66645335039863e-05
2.66641780100524e-05
2.66638225255973e-05
2.66634670506206e-05
2.6663111585122e-05
2.66627561291011e-05
2.66624006825575e-05
2.66620452454908e-05
2.66616898179007e-05
2.66613343997867e-05
2.66609789911486e-05
2.66606235919858e-05
2.66602682022981e-05
2.66599128220851e-05
2.66595574513463e-05
2.66592020900814e-05
2.66588467382901e-05
2.66584913959719e-05
2.66581360631265e-05
2.66577807397534e-05
2.66574254258524e-05
2.6657070121423e-05
2.66567148264648e-05
2.66563595409775e-05
2.66560042649607e-05
2.6655648998414e-05
2.6655293741337e-05
2.66549384937294e-05
2.66545832555908e-05
2.66542280269208e-05
2.6653872807719e-05
2.6653517597985e-05
2.66531623977185e-05
2.66528072069191e-05
2.66524520255864e-05
2.665209685372e-05
2.66517416913195e-05
2.66513865383847e-05
2.6651031394915e-05
2.66506762609101e-05
2.66503211363697e-05
2.66499660212933e-05
2.66496109156806e-05
2.66492558195312e-05
2.66489007328448e-05
2.66485456556208e-05
2.66481905878591e-05
2.66478355295591e-05
2.66474804807205e-05
2.6647125441343e-05
2.66467704114261e-05
2.66464153909695e-05
2.66460603799728e-05
2.66457053784356e-05
2.66453503863576e-05
2.66449954037383e-05
2.66446404305774e-05
2.66442854668745e-05
2.66439305126292e-05
2.66435755678412e-05
2.66432206325101e-05
2.66428657066354e-05
2.66425107902169e-05
2.66421558832541e-05
2.66418009857466e-05
2.66414460976942e-05
2.66410912190963e-05
2.66407363499527e-05
2.66403814902629e-05
2.66400266400266e-05
2.66396717992434e-05
2.66393169679129e-05
2.66389621460348e-05
2.66386073336086e-05
2.6638252530634e-05
2.66378977371106e-05
2.6637542953038e-05
2.66371881784159e-05
2.66368334132438e-05
2.66364786575215e-05
2.66361239112484e-05
2.66357691744243e-05
2.66354144470488e-05
2.66350597291214e-05
2.66347050206419e-05
2.66343503216098e-05
2.66339956320247e-05
2.66336409518863e-05
2.66332862811942e-05
2.66329316199481e-05
2.66325769681474e-05
2.6632222325792e-05
2.66318676928813e-05
2.6631513069415e-05
2.66311584553928e-05
2.66308038508142e-05
2.66304492556789e-05
2.66300946699866e-05
2.66297400937367e-05
2.6629385526929e-05
2.6629030969563e-05
2.66286764216385e-05
2.66283218831549e-05
2.6627967354112e-05
2.66276128345094e-05
2.66272583243466e-05
2.66269038236234e-05
2.66265493323393e-05
2.66261948504939e-05
2.66258403780869e-05
2.6625485915118e-05
2.66251314615866e-05
2.66247770174925e-05
2.66244225828352e-05
2.66240681576145e-05
2.66237137418298e-05
2.6623359335481e-05
2.66230049385674e-05
2.66226505510889e-05
2.66222961730449e-05
2.66219418044352e-05
2.66215874452594e-05
2.6621233095517e-05
2.66208787552077e-05
2.66205244243312e-05
2.6620170102887e-05
2.66198157908747e-05
2.66194614882941e-05
2.66191071951447e-05
2.66187529114261e-05
2.6618398637138e-05
2.661804437228e-05
2.66176901168517e-05
2.66173358708527e-05
2.66169816342827e-05
2.66166274071412e-05
2.6616273189428e-05
2.66159189811426e-05
2.66155647822847e-05
2.66152105928538e-05
2.66148564128497e-05
2.66145022422718e-05
2.66141480811199e-05
2.66137939293936e-05
2.66134397870925e-05
2.66130856542162e-05
2.66127315307643e-05
2.66123774167365e-05
2.66120233121324e-05
2.66116692169516e-05
2.66113151311938e-05
2.66109610548585e-05
2.66106069879454e-05
2.66102529304541e-05
2.66098988823842e-05
2.66095448437354e-05
2.66091908145073e-05
2.66088367946995e-05
2.66084827843116e-05
2.66081287833433e-05
2.66077747917942e-05
2.66074208096638e-05
2.66070668369519e-05
2.6606712873658e-05
2.66063589197818e-05
2.66060049753229e-05
2.6605651040281e-05
2.66052971146555e-05
2.66049431984463e-05
2.66045892916528e-05
2.66042353942748e-05
2.66038815063118e-05
2.66035276277634e-05
2.66031737586294e-05
2.66028198989093e-05
2.66024660486027e-05
2.66021122077093e-05
2.66017583762287e-05
2.66014045541605e-05
2.66010507415043e-05
2.66006969382598e-05
2.66003431444266e-05
2.65999893600043e-05
2.65996355849925e-05
2.65992818193909e-05
2.65989280631991e-05
2.65985743164166e-05
2.65982205790433e-05
2.65978668510785e-05
2.65975131325221e-05
2.65971594233736e-05
2.65968057236326e-05
2.65964520332988e-05
2.65960983523717e-05
2.65957446808511e-05
2.65953910187365e-05
2.65950373660275e-05
2.65946837227238e-05
2.65943300888251e-05
2.65939764643308e-05
2.65936228492408e-05
2.65932692435545e-05
2.65929156472716e-05
2.65925620603917e-05
2.65922084829145e-05
2.65918549148396e-05
2.65915013561666e-05
2.65911478068951e-05
2.65907942670248e-05
2.65904407365552e-05
2.65900872154861e-05
2.6589733703817e-05
2.65893802015475e-05
2.65890267086773e-05
2.65886732252061e-05
2.65883197511333e-05
2.65879662864587e-05
2.6587612831182e-05
2.65872593853026e-05
2.65869059488202e-05
2.65865525217345e-05
2.65861991040451e-05
2.65858456957516e-05
2.65854922968536e-05
2.65851389073508e-05
2.65847855272428e-05
2.65844321565291e-05
2.65840787952095e-05
2.65837254432836e-05
2.6583372100751e-05
2.65830187676113e-05
2.65826654438641e-05
2.6582312129509e-05
2.65819588245458e-05
2.65816055289739e-05
2.65812522427932e-05
2.6580898966003e-05
2.65805456986032e-05
2.65801924405933e-05
2.65798391919729e-05
2.65794859527417e-05
2.65791327228993e-05
2.65787795024452e-05
2.65784262913793e-05
2.6578073089701e-05
2.657771989741e-05
2.65773667145059e-05
2.65770135409884e-05
2.6576660376857e-05
2.65763072221115e-05
2.65759540767514e-05
2.65756009407763e-05
2.65752478141859e-05
2.65748946969798e-05
2.65745415891576e-05
2.6574188490719e-05
2.65738354016635e-05
2.65734823219909e-05
2.65731292517007e-05
2.65727761907925e-05
2.65724231392661e-05
2.65720700971209e-05
2.65717170643567e-05
2.6571364040973e-05
2.65710110269696e-05
2.65706580223459e-05
2.65703050271017e-05
2.65699520412366e-05
2.65695990647501e-05
2.6569246097642e-05
2.65688931399118e-05
2.65685401915592e-05
2.65681872525838e-05
2.65678343229852e-05
2.6567481402763e-05
2.6567128491917e-05
2.65667755904466e-05
2.65664226983516e-05
2.65660698156315e-05
2.6565716942286e-05
2.65653640783147e-05
2.65650112237172e-05
2.65646583784933e-05
2.65643055426423e-05
2.65639527161642e-05
2.65635998990583e-05
2.65632470913244e-05
2.65628942929622e-05
2.65625415039711e-05
2.65621887243509e-05
2.65618359541011e-05
2.65614831932215e-05
2.65611304417116e-05
2.6560777699571e-05
2.65604249667995e-05
2.65600722433965e-05
2.65597195293618e-05
2.65593668246949e-05
2.65590141293955e-05
2.65586614434632e-05
2.65583087668977e-05
2.65579560996986e-05
2.65576034418654e-05
2.65572507933979e-05
2.65568981542956e-05
2.65565455245582e-05
2.65561929041853e-05
2.65558402931765e-05
2.65554876915315e-05
2.65551350992498e-05
2.65547825163312e-05
2.65544299427752e-05
2.65540773785815e-05
2.65537248237496e-05
2.65533722782793e-05
2.65530197421702e-05
2.65526672154218e-05
2.65523146980338e-05
2.65519621900058e-05
2.65516096913375e-05
2.65512572020285e-05
2.65509047220784e-05
2.65505522514868e-05
2.65501997902534e-05
2.65498473383778e-05
2.65494948958596e-05
2.65491424626985e-05
2.6548790038894e-05
2.65484376244458e-05
2.65480852193536e-05
2.65477328236169e-05
2.65473804372354e-05
2.65470280602087e-05
2.65466756925364e-05
2.65463233342182e-05
2.65459709852537e-05
2.65456186456425e-05
2.65452663153843e-05
2.65449139944787e-05
2.65445616829252e-05
2.65442093807236e-05
2.65438570878734e-05
2.65435048043744e-05
2.6543152530226e-05
2.6542800265428e-05
2.654244800998e-05
2.65420957638815e-05
2.65417435271323e-05
2.65413912997319e-05
2.654103908168e-05
2.65406868729763e-05
2.65403346736202e-05
2.65399824836116e-05
2.65396303029499e-05
2.65392781316348e-05
2.6538925969666e-05
2.65385738170431e-05
2.65382216737656e-05
2.65378695398333e-05
2.65375174152458e-05
2.65371653000027e-05
2.65368131941035e-05
2.6536461097548e-05
2.65361090103358e-05
2.65357569324665e-05
2.65354048639397e-05
2.65350528047551e-05
2.65347007549122e-05
2.65343487144108e-05
2.65339966832504e-05
2.65336446614307e-05
2.65332926489513e-05
2.65329406458118e-05
2.65325886520118e-05
2.65322366675511e-05
2.65318846924291e-05
2.65315327266456e-05
2.65311807702002e-05
2.65308288230924e-05
2.6530476885322e-05
2.65301249568885e-05
2.65297730377917e-05
2.6529421128031e-05
2.65290692276062e-05
2.65287173365168e-05
2.65283654547625e-05
2.6528013582343e-05
2.65276617192578e-05
2.65273098655065e-05
2.65269580210889e-05
2.65266061860046e-05
2.65262543602531e-05
2.65259025438341e-05
2.65255507367472e-05
2.6525198938992e-05
2.65248471505683e-05
2.65244953714756e-05
2.65241436017135e-05
2.65237918412816e-05
2.65234400901797e-05
2.65230883484073e-05
2.6522736615964e-05
2.65223848928496e-05
2.65220331790635e-05
2.65216814746055e-05
2.65213297794751e-05
2.65209780936721e-05
2.6520626417196e-05
2.65202747500464e-05
2.6519923092223e-05
2.65195714437255e-05
2.65192198045534e-05
2.65188681747063e-05
2.6518516554184e-05
2.65181649429859e-05
2.65178133411119e-05
2.65174617485614e-05
2.65171101653342e-05
2.65167585914298e-05
2.65164070268479e-05
2.6516055471588e-05
2.651570392565e-05
2.65153523890332e-05
2.65150008617375e-05
2.65146493437624e-05
2.65142978351076e-05
2.65139463357726e-05
2.65135948457572e-05
2.65132433650608e-05
2.65128918936833e-05
2.65125404316242e-05
2.6512188978883e-05
2.65118375354596e-05
2.65114861013534e-05
2.65111346765642e-05
2.65107832610914e-05
2.65104318549349e-05
2.65100804580942e-05
2.65097290705689e-05
2.65093776923587e-05
2.65090263234631e-05
2.65086749638819e-05
2.65083236136147e-05
2.6507972272661e-05
2.65076209410205e-05
2.65072696186929e-05
2.65069183056778e-05
2.65065670019747e-05
2.65062157075834e-05
2.65058644225035e-05
2.65055131467345e-05
2.65051618802762e-05
2.65048106231281e-05
2.65044593752899e-05
2.65041081367612e-05
2.65037569075416e-05
2.65034056876309e-05
2.65030544770285e-05
2.65027032757341e-05
2.65023520837474e-05
2.6502000901068e-05
2.65016497276956e-05
2.65012985636296e-05
2.65009474088699e-05
2.65005962634159e-05
2.65002451272674e-05
2.6499894000424e-05
2.64995428828853e-05
2.64991917746509e-05
2.64988406757204e-05
2.64984895860936e-05
2.649813850577e-05
2.64977874347492e-05
2.64974363730309e-05
2.64970853206147e-05
2.64967342775003e-05
2.64963832436872e-05
2.64960322191752e-05
2.64956812039638e-05
2.64953301980526e-05
2.64949792014413e-05
2.64946282141296e-05
2.6494277236117e-05
2.64939262674032e-05
2.64935753079878e-05
2.64932243578705e-05
2.64928734170508e-05
2.64925224855285e-05
2.6492171563303e-05
2.64918206503742e-05
2.64914697467415e-05
2.64911188524047e-05
2.64907679673634e-05
2.64904170916171e-05
2.64900662251656e-05
2.64897153680084e-05
2.64893645201452e-05
2.64890136815756e-05
2.64886628522992e-05
2.64883120323157e-05
2.64879612216248e-05
2.64876104202259e-05
2.64872596281189e-05
2.64869088453032e-05
2.64865580717786e-05
2.64862073075446e-05
2.64858565526009e-05
2.64855058069471e-05
2.64851550705829e-05
2.64848043435079e-05
2.64844536257217e-05
2.64841029172239e-05
2.64837522180142e-05
2.64834015280923e-05
2.64830508474576e-05
2.648270017611e-05
2.64823495140489e-05
2.64819988612741e-05
2.64816482177851e-05
2.64812975835816e-05
2.64809469586632e-05
2.64805963430296e-05
2.64802457366804e-05
2.64798951396152e-05
2.64795445518337e-05
2.64791939733355e-05
2.64788434041201e-05
2.64784928441873e-05
2.64781422935367e-05
2.64777917521679e-05
2.64774412200805e-05
2.64770906972742e-05
2.64767401837486e-05
2.64763896795033e-05
2.6476039184538e-05
2.64756886988523e-05
2.64753382224458e-05
2.64749877553182e-05
2.6474637297469e-05
2.6474286848898e-05
2.64739364096047e-05
2.64735859795889e-05
2.647323555885e-05
2.64728851473878e-05
2.64725347452019e-05
2.64721843522918e-05
2.64718339686573e-05
2.6471483594298e-05
2.64711332292135e-05
2.64707828734035e-05
2.64704325268675e-05
2.64700821896052e-05
2.64697318616162e-05
2.64693815429003e-05
2.64690312334569e-05
2.64686809332857e-05
2.64683306423864e-05
2.64679803607586e-05
2.64676300884019e-05
2.6467279825316e-05
2.64669295715004e-05
2.64665793269549e-05
2.6466229091679e-05
2.64658788656724e-05
2.64655286489348e-05
2.64651784414656e-05
2.64648282432647e-05
2.64644780543316e-05
2.64641278746659e-05
2.64637777042673e-05
2.64634275431354e-05
2.64630773912698e-05
2.64627272486702e-05
2.64623771153363e-05
2.64620269912675e-05
2.64616768764637e-05
2.64613267709243e-05
2.64609766746491e-05
2.64606265876376e-05
2.64602765098895e-05
2.64599264414045e-05
2.64595763821821e-05
2.6459226332222e-05
2.64588762915239e-05
2.64585262600873e-05
2.64581762379119e-05
2.64578262249974e-05
2.64574762213432e-05
2.64571262269492e-05
2.64567762418149e-05
2.645642626594e-05
2.6456076299324e-05
2.64557263419667e-05
2.64553763938676e-05
2.64550264550265e-05
2.64546765254428e-05
2.64543266051163e-05
2.64539766940465e-05
2.64536267922332e-05
2.64532768996759e-05
2.64529270163744e-05
2.64525771423281e-05
2.64522272775368e-05
2.6451877422e-05
2.64515275757175e-05
2.64511777386888e-05
2.64508279109136e-05
2.64504780923915e-05
2.64501282831222e-05
2.64497784831052e-05
2.64494286923402e-05
2.64490789108269e-05
2.64487291385649e-05
2.64483793755538e-05
2.64480296217932e-05
2.64476798772828e-05
2.64473301420222e-05
2.6446980416011e-05
2.64466306992489e-05
2.64462809917355e-05
2.64459312934705e-05
2.64455816044534e-05
2.6445231924684e-05
2.64448822541618e-05
2.64445325928864e-05
2.64441829408576e-05
2.64438332980749e-05
2.6443483664538e-05
2.64431340402464e-05
2.64427844252e-05
2.64424348193982e-05
2.64420852228407e-05
2.64417356355271e-05
2.64413860574571e-05
2.64410364886304e-05
2.64406869290464e-05
2.6440337378705e-05
2.64399878376056e-05
2.6439638305748e-05
2.64392887831317e-05
2.64389392697565e-05
2.64385897656219e-05
2.64382402707276e-05
2.64378907850732e-05
2.64375413086583e-05
2.64371918414826e-05
2.64368423835457e-05
2.64364929348473e-05
2.64361434953869e-05
2.64357940651642e-05
2.64354446441789e-05
2.64350952324306e-05
2.64347458299188e-05
2.64343964366434e-05
2.64340470526038e-05
2.64336976777997e-05
2.64333483122307e-05
2.64329989558965e-05
2.64326496087968e-05
2.64323002709311e-05
2.64319509422991e-05
2.64316016229003e-05
2.64312523127346e-05
2.64309030118014e-05
2.64305537201004e-05
2.64302044376313e-05
2.64298551643937e-05
2.64295059003872e-05
2.64291566456114e-05
2.64288074000661e-05
2.64284581637507e-05
2.6428108936665e-05
2.64277597188086e-05
2.64274105101812e-05
2.64270613107822e-05
2.64267121206115e-05
2.64263629396686e-05
2.64260137679532e-05
2.64256646054648e-05
2.64253154522032e-05
2.6424966308168e-05
2.64246171733587e-05
2.64242680477751e-05
2.64239189314167e-05
2.64235698242833e-05
2.64232207263743e-05
2.64228716376896e-05
2.64225225582286e-05
2.64221734879911e-05
2.64218244269767e-05
2.64214753751849e-05
2.64211263326156e-05
2.64207772992681e-05
2.64204282751423e-05
2.64200792602378e-05
2.64197302545541e-05
2.64193812580909e-05
2.64190322708479e-05
2.64186832928247e-05
2.64183343240209e-05
2.64179853644361e-05
2.641763641407e-05
2.64172874729223e-05
2.64169385409925e-05
2.64165896182803e-05
2.64162407047853e-05
2.64158918005072e-05
2.64155429054456e-05
2.64151940196001e-05
2.64148451429703e-05
2.6414496275556e-05
2.64141474173567e-05
2.64137985683721e-05
2.64134497286018e-05
2.64131008980454e-05
2.64127520767026e-05
2.6412403264573e-05
2.64120544616563e-05
2.6411705667952e-05
2.64113568834599e-05
2.64110081081795e-05
2.64106593421105e-05
2.64103105852525e-05
2.64099618376051e-05
2.64096130991681e-05
2.6409264369941e-05
2.64089156499234e-05
2.6408566939115e-05
2.64082182375155e-05
2.64078695451244e-05
2.64075208619415e-05
2.64071721879663e-05
2.64068235231984e-05
2.64064748676375e-05
2.64061262212833e-05
2.64057775841354e-05
2.64054289561934e-05
2.64050803374569e-05
2.64047317279256e-05
2.64043831275992e-05
2.64040345364772e-05
2.64036859545593e-05
2.64033373818451e-05
2.64029888183342e-05
2.64026402640264e-05
2.64022917189212e-05
2.64019431830183e-05
2.64015946563172e-05
2.64012461388178e-05
2.64008976305194e-05
2.64005491314219e-05
2.64002006415249e-05
2.63998521608279e-05
2.63995036893306e-05
2.63991552270327e-05
2.63988067739338e-05
2.63984583300335e-05
2.63981098953315e-05
2.63977614698274e-05
2.63974130535208e-05
2.63970646464113e-05
2.63967162484987e-05
2.63963678597825e-05
2.63960194802624e-05
2.6395671109938e-05
2.63953227488089e-05
2.63949743968748e-05
2.63946260541354e-05
2.63942777205902e-05
2.63939293962389e-05
2.63935810810811e-05
2.63932327751165e-05
2.63928844783446e-05
2.63925361907653e-05
2.63921879123779e-05
2.63918396431823e-05
2.63914913831781e-05
2.63911431323648e-05
2.63907948907421e-05
2.63904466583097e-05
2.63900984350672e-05
2.63897502210142e-05
2.63894020161503e-05
2.63890538204753e-05
2.63887056339887e-05
2.63883574566901e-05
2.63880092885793e-05
2.63876611296558e-05
2.63873129799193e-05
2.63869648393694e-05
2.63866167080057e-05
2.63862685858279e-05
2.63859204728357e-05
2.63855723690286e-05
2.63852242744063e-05
2.63848761889685e-05
2.63845281127147e-05
2.63841800456446e-05
2.63838319877579e-05
2.63834839390542e-05
2.6383135899533e-05
2.63827878691941e-05
2.63824398480371e-05
2.63820918360617e-05
2.63817438332674e-05
2.63813958396539e-05
2.63810478552208e-05
2.63806998799678e-05
2.63803519138945e-05
2.63800039570006e-05
2.63796560092856e-05
2.63793080707493e-05
2.63789601413912e-05
2.6378612221211e-05
2.63782643102084e-05
2.63779164083829e-05
2.63775685157342e-05
2.6377220632262e-05
2.63768727579658e-05
2.63765248928454e-05
2.63761770369003e-05
2.63758291901302e-05
2.63754813525347e-05
2.63751335241135e-05
2.63747857048661e-05
2.63744378947924e-05
2.63740900938918e-05
2.6373742302164e-05
2.63733945196086e-05
2.63730467462254e-05
2.63726989820138e-05
2.63723512269736e-05
2.63720034811045e-05
2.63716557444059e-05
2.63713080168776e-05
2.63709602985193e-05
2.63706125893305e-05
2.63702648893108e-05
2.636991719846e-05
2.63695695167776e-05
2.63692218442634e-05
2.63688741809168e-05
2.63685265267377e-05
2.63681788817255e-05
2.636783124588e-05
2.63674836192008e-05
2.63671360016875e-05
2.63667883933397e-05
2.63664407941572e-05
2.63660932041395e-05
2.63657456232862e-05
2.63653980515971e-05
2.63650504890717e-05
2.63647029357097e-05
2.63643553915107e-05
2.63640078564743e-05
2.63636603306003e-05
2.63633128138882e-05
2.63629653063377e-05
2.63626178079483e-05
2.63622703187198e-05
2.63619228386519e-05
2.6361575367744e-05
2.63612279059959e-05
2.63608804534071e-05
2.63605330099775e-05
2.63601855757065e-05
2.63598381505938e-05
2.6359490734639e-05
2.63591433278418e-05
2.63587959302019e-05
2.63584485417188e-05
2.63581011623923e-05
2.63577537922218e-05
2.63574064312072e-05
2.63570590793479e-05
2.63567117366437e-05
2.63563644030942e-05
2.63560170786991e-05
2.63556697634579e-05
2.63553224573703e-05
2.63549751604359e-05
2.63546278726544e-05
2.63542805940255e-05
2.63539333245487e-05
2.63535860642237e-05
2.63532388130501e-05
2.63528915710276e-05
2.63525443381559e-05
2.63521971144344e-05
2.6351849899863e-05
2.63515026944411e-05
2.63511554981686e-05
2.63508083110449e-05
2.63504611330698e-05
2.63501139642429e-05
2.63497668045638e-05
2.63494196540321e-05
2.63490725126476e-05
2.63487253804097e-05
2.63483782573183e-05
2.63480311433728e-05
2.6347684038573e-05
2.63473369429185e-05
2.63469898564089e-05
2.63466427790439e-05
2.63462957108231e-05
2.63459486517461e-05
2.63456016018126e-05
2.63452545610222e-05
2.63449075293746e-05
2.63445605068693e-05
2.63442134935062e-05
2.63438664892846e-05
2.63435194942044e-05
2.63431725082652e-05
2.63428255314665e-05
2.63424785638081e-05
2.63421316052895e-05
2.63417846559104e-05
2.63414377156705e-05
2.63410907845694e-05
2.63407438626067e-05
2.6340396949782e-05
2.63400500460951e-05
2.63397031515455e-05
2.63393562661329e-05
2.63390093898568e-05
2.63386625227171e-05
2.63383156647132e-05
2.63379688158449e-05
2.63376219761118e-05
2.63372751455134e-05
2.63369283240496e-05
2.63365815117198e-05
2.63362347085237e-05
2.6335887914461e-05
2.63355411295314e-05
2.63351943537343e-05
2.63348475870696e-05
2.63345008295368e-05
2.63341540811355e-05
2.63338073418655e-05
2.63334606117263e-05
2.63331138907176e-05
2.6332767178839e-05
2.63324204760902e-05
2.63320737824707e-05
2.63317270979804e-05
2.63313804226187e-05
2.63310337563853e-05
2.63306870992799e-05
2.6330340451302e-05
2.63299938124515e-05
2.63296471827278e-05
2.63293005621306e-05
2.63289539506595e-05
2.63286073483143e-05
2.63282607550945e-05
2.63279141709998e-05
2.63275675960298e-05
2.63272210301842e-05
2.63268744734625e-05
2.63265279258645e-05
2.63261813873898e-05
2.63258348580379e-05
2.63254883378087e-05
2.63251418267016e-05
2.63247953247164e-05
2.63244488318526e-05
2.63241023481099e-05
2.6323755873488e-05
2.63234094079865e-05
2.6323062951605e-05
2.63227165043432e-05
2.63223700662008e-05
2.63220236371772e-05
2.63216772172723e-05
2.63213308064856e-05
2.63209844048167e-05
2.63206380122654e-05
2.63202916288312e-05
2.63199452545139e-05
2.63195988893129e-05
2.63192525332281e-05
2.63189061862589e-05
2.63185598484051e-05
2.63182135196663e-05
2.63178672000421e-05
2.63175208895322e-05
2.63171745881362e-05
2.63168282958538e-05
2.63164820126845e-05
2.63161357386281e-05
2.63157894736842e-05
2.63154432178524e-05
2.63150969711323e-05
2.63147507335237e-05
2.63144045050261e-05
2.63140582856391e-05
2.63137120753625e-05
2.63133658741958e-05
2.63130196821387e-05
2.63126734991909e-05
2.63123273253519e-05
2.63119811606215e-05
2.63116350049992e-05
2.63112888584847e-05
2.63109427210777e-05
2.63105965927777e-05
2.63102504735845e-05
2.63099043634976e-05
2.63095582625168e-05
2.63092121706416e-05
2.63088660878716e-05
2.63085200142066e-05
2.63081739496462e-05
2.63078278941899e-05
2.63074818478375e-05
2.63071358105886e-05
2.63067897824428e-05
2.63064437633998e-05
2.63060977534593e-05
2.63057517526207e-05
2.63054057608839e-05
2.63050597782483e-05
2.63047138047138e-05
2.63043678402799e-05
2.63040218849462e-05
2.63036759387124e-05
2.63033300015782e-05
2.63029840735431e-05
2.63026381546069e-05
2.63022922447691e-05
2.63019463440295e-05
2.63016004523875e-05
2.6301254569843e-05
2.63009086963955e-05
2.63005628320446e-05
2.63002169767901e-05
2.62998711306315e-05
2.62995252935684e-05
2.62991794656007e-05
2.62988336467278e-05
2.62984878369494e-05
2.62981420362651e-05
2.62977962446747e-05
2.62974504621777e-05
2.62971046887738e-05
2.62967589244626e-05
2.62964131692437e-05
2.62960674231169e-05
2.62957216860817e-05
2.62953759581378e-05
2.62950302392848e-05
2.62946845295224e-05
2.62943388288501e-05
2.62939931372678e-05
2.62936474547749e-05
2.62933017813712e-05
2.62929561170562e-05
2.62926104618297e-05
2.62922648156912e-05
2.62919191786404e-05
2.6291573550677e-05
2.62912279318006e-05
2.62908823220107e-05
2.62905367213072e-05
2.62901911296895e-05
2.62898455471574e-05
2.62894999737105e-05
2.62891544093484e-05
2.62888088540708e-05
2.62884633078773e-05
2.62881177707676e-05
2.62877722427413e-05
2.6287426723798e-05
2.62870812139374e-05
2.62867357131591e-05
2.62863902214628e-05
2.62860447388481e-05
2.62856992653147e-05
2.62853538008622e-05
2.62850083454901e-05
2.62846628991983e-05
2.62843174619863e-05
2.62839720338538e-05
2.62836266148003e-05
2.62832812048256e-05
2.62829358039293e-05
2.6282590412111e-05
2.62822450293704e-05
2.62818996557071e-05
2.62815542911208e-05
2.6281208935611e-05
2.62808635891775e-05
2.62805182518199e-05
2.62801729235378e-05
2.62798276043309e-05
2.62794822941988e-05
2.62791369931411e-05
2.62787917011576e-05
2.62784464182478e-05
2.62781011444113e-05
2.62777558796479e-05
2.62774106239571e-05
2.62770653773387e-05
2.62767201397922e-05
2.62763749113172e-05
2.62760296919136e-05
2.62756844815807e-05
2.62753392803185e-05
2.62749940881263e-05
2.6274648905004e-05
2.62743037309511e-05
2.62739585659673e-05
2.62736134100523e-05
2.62732682632056e-05
2.62729231254269e-05
2.62725779967159e-05
2.62722328770722e-05
2.62718877664955e-05
2.62715426649853e-05
2.62711975725413e-05
2.62708524891633e-05
2.62705074148507e-05
2.62701623496033e-05
2.62698172934207e-05
2.62694722463026e-05
2.62691272082485e-05
2.62687821792582e-05
2.62684371593312e-05
2.62680921484673e-05
2.6267747146666e-05
2.6267402153927e-05
2.62670571702499e-05
2.62667121956345e-05
2.62663672300802e-05
2.62660222735869e-05
2.6265677326154e-05
2.62653323877814e-05
2.62649874584685e-05
2.62646425382151e-05
2.62642976270207e-05
2.62639527248851e-05
2.62636078318079e-05
2.62632629477886e-05
2.62629180728271e-05
2.62625732069228e-05
2.62622283500755e-05
2.62618835022848e-05
2.62615386635503e-05
2.62611938338717e-05
2.62608490132486e-05
2.62605042016807e-05
2.62601593991676e-05
2.62598146057089e-05
2.62594698213043e-05
2.62591250459535e-05
2.6258780279656e-05
2.62584355224116e-05
2.62580907742198e-05
2.62577460350803e-05
2.62574013049928e-05
2.62570565839569e-05
2.62567118719723e-05
2.62563671690385e-05
2.62560224751552e-05
2.62556777903222e-05
2.62553331145389e-05
2.62549884478051e-05
2.62546437901204e-05
2.62542991414844e-05
2.62539545018968e-05
2.62536098713573e-05
2.62532652498655e-05
2.62529206374209e-05
2.62525760340233e-05
2.62522314396724e-05
2.62518868543677e-05
2.62515422781088e-05
2.62511977108956e-05
2.62508531527275e-05
2.62505086036042e-05
2.62501640635254e-05
2.62498195324907e-05
2.62494750104998e-05
2.62491304975523e-05
2.62487859936478e-05
2.6248441498786e-05
2.62480970129666e-05
2.62477525361891e-05
2.62474080684532e-05
2.62470636097587e-05
2.6246719160105e-05
2.62463747194919e-05
2.6246030287919e-05
2.62456858653859e-05
2.62453414518923e-05
2.62449970474378e-05
2.62446526520221e-05
2.62443082656449e-05
2.62439638883057e-05
2.62436195200042e-05
2.62432751607401e-05
2.62429308105129e-05
2.62425864693224e-05
2.62422421371682e-05
2.62418978140499e-05
2.62415534999672e-05
2.62412091949197e-05
2.62408648989071e-05
2.62405206119289e-05
2.6240176333985e-05
2.62398320650748e-05
2.6239487805198e-05
2.62391435543544e-05
2.62387993125435e-05
2.62384550797649e-05
2.62381108560184e-05
2.62377666413035e-05
2.62374224356199e-05
2.62370782389673e-05
2.62367340513453e-05
2.62363898727535e-05
2.62360457031916e-05
2.62357015426593e-05
2.62353573911561e-05
2.62350132486817e-05
2.62346691152358e-05
2.6234324990818e-05
2.62339808754279e-05
2.62336367690653e-05
2.62332926717297e-05
2.62329485834208e-05
2.62326045041382e-05
2.62322604338816e-05
2.62319163726506e-05
2.62315723204449e-05
2.62312282772641e-05
2.62308842431078e-05
2.62305402179758e-05
2.62301962018676e-05
2.62298521947829e-05
2.62295081967213e-05
2.62291642076825e-05
2.62288202276662e-05
2.62284762566719e-05
2.62281322946993e-05
2.62277883417481e-05
2.62274443978179e-05
2.62271004629083e-05
2.62267565370191e-05
2.62264126201498e-05
2.62260687123e-05
2.62257248134695e-05
2.62253809236579e-05
2.62250370428648e-05
2.62246931710899e-05
2.62243493083328e-05
2.62240054545931e-05
2.62236616098706e-05
2.62233177741648e-05
2.62229739474754e-05
2.6222630129802e-05
2.62222863211443e-05
2.6221942521502e-05
2.62215987308746e-05
2.62212549492619e-05
2.62209111766634e-05
2.62205674130788e-05
2.62202236585078e-05
2.621987991295e-05
2.6219536176405e-05
2.62191924488726e-05
2.62188487303522e-05
2.62185050208437e-05
2.62181613203466e-05
2.62178176288606e-05
2.62174739463853e-05
2.62171302729203e-05
2.62167866084654e-05
2.62164429530201e-05
2.62160993065842e-05
2.62157556691572e-05
2.62154120407388e-05
2.62150684213286e-05
2.62147248109263e-05
2.62143812095315e-05
2.6214037617144e-05
2.62136940337632e-05
2.6213350459389e-05
2.62130068940208e-05
2.62126633376584e-05
2.62123197903014e-05
2.62119762519495e-05
2.62116327226023e-05
2.62112892022594e-05
2.62109456909205e-05
2.62106021885853e-05
2.62102586952533e-05
2.62099152109243e-05
2.62095717355978e-05
2.62092282692736e-05
2.62088848119513e-05
2.62085413636304e-05
2.62081979243107e-05
2.62078544939918e-05
2.62075110726734e-05
2.62071676603551e-05
2.62068242570365e-05
2.62064808627174e-05
2.62061374773972e-05
2.62057941010757e-05
2.62054507337526e-05
2.62051073754275e-05
2.62047640260999e-05
2.62044206857697e-05
2.62040773544364e-05
2.62037340320996e-05
2.6203390718759e-05
2.62030474144143e-05
2.62027041190651e-05
2.6202360832711e-05
2.62020175553518e-05
2.62016742869869e-05
2.62013310276162e-05
2.62009877772392e-05
2.62006445358556e-05
2.6200301303465e-05
2.61999580800671e-05
2.61996148656615e-05
2.61992716602478e-05
2.61989284638258e-05
2.61985852763951e-05
2.61982420979552e-05
2.61978989285059e-05
2.61975557680468e-05
2.61972126165776e-05
2.61968694740978e-05
2.61965263406072e-05
2.61961832161054e-05
2.6195840100592e-05
2.61954969940667e-05
2.61951538965291e-05
2.61948108079789e-05
2.61944677284158e-05
2.61941246578392e-05
2.61937815962491e-05
2.61934385436448e-05
2.61930955000262e-05
2.61927524653928e-05
2.61924094397444e-05
2.61920664230804e-05
2.61917234154007e-05
2.61913804167049e-05
2.61910374269925e-05
2.61906944462632e-05
2.61903514745168e-05
2.61900085117528e-05
2.61896655579708e-05
2.61893226131706e-05
2.61889796773518e-05
2.6188636750514e-05
2.61882938326568e-05
2.618795092378e-05
2.61876080238831e-05
2.61872651329658e-05
2.61869222510278e-05
2.61865793780687e-05
2.61862365140882e-05
2.61858936590859e-05
2.61855508130614e-05
2.61852079760144e-05
2.61848651479445e-05
2.61845223288514e-05
2.61841795187348e-05
2.61838367175942e-05
2.61834939254294e-05
2.618315114224e-05
2.61828083680256e-05
2.61824656027858e-05
2.61821228465204e-05
2.61817800992289e-05
2.61814373609111e-05
2.61810946315665e-05
2.61807519111949e-05
2.61804091997958e-05
2.61800664973689e-05
2.61797238039139e-05
2.61793811194303e-05
2.6179038443918e-05
2.61786957773764e-05
2.61783531198052e-05
2.61780104712042e-05
2.61776678315729e-05
2.6177325200911e-05
2.61769825792181e-05
2.61766399664939e-05
2.6176297362738e-05
2.61759547679502e-05
2.61756121821299e-05
2.61752696052769e-05
2.61749270373909e-05
2.61745844784714e-05
2.61742419285181e-05
2.61738993875308e-05
2.61735568555089e-05
2.61732143324522e-05
2.61728718183603e-05
2.61725293132328e-05
2.61721868170695e-05
2.61718443298699e-05
2.61715018516338e-05
2.61711593823606e-05
2.61708169220502e-05
2.61704744707022e-05
2.61701320283161e-05
2.61697895948917e-05
2.61694471704285e-05
2.61691047549263e-05
2.61687623483847e-05
2.61684199508034e-05
2.61680775621819e-05
2.616773518252e-05
2.61673928118172e-05
2.61670504500733e-05
2.61667080972878e-05
2.61663657534605e-05
2.6166023418591e-05
2.61656810926788e-05
2.61653387757238e-05
2.61649964677255e-05
2.61646541686835e-05
2.61643118785976e-05
2.61639695974673e-05
2.61636273252924e-05
2.61632850620724e-05
2.6162942807807e-05
2.61626005624959e-05
2.61622583261387e-05
2.61619160987351e-05
2.61615738802846e-05
2.61612316707871e-05
2.6160889470242e-05
2.61605472786491e-05
2.6160205096008e-05
2.61598629223183e-05
2.61595207575797e-05
2.61591786017919e-05
2.61588364549545e-05
2.61584943170671e-05
2.61581521881294e-05
2.61578100681411e-05
2.61574679571018e-05
2.61571258550111e-05
2.61567837618686e-05
2.61564416776742e-05
2.61560996024273e-05
2.61557575361276e-05
2.61554154787749e-05
2.61550734303687e-05
2.61547313909086e-05
2.61543893603944e-05
2.61540473388257e-05
2.61537053262021e-05
2.61533633225233e-05
2.61530213277889e-05
2.61526793419986e-05
2.6152337365152e-05
2.61519953972488e-05
2.61516534382886e-05
2.61513114882711e-05
2.6150969547196e-05
2.61506276150628e-05
2.61502856918712e-05
2.61499437776209e-05
2.61496018723115e-05
2.61492599759427e-05
2.61489180885141e-05
2.61485762100254e-05
2.61482343404762e-05
2.61478924798661e-05
2.61475506281949e-05
2.61472087854622e-05
2.61468669516675e-05
2.61465251268106e-05
2.61461833108912e-05
2.61458415039088e-05
2.61454997058631e-05
2.61451579167538e-05
2.61448161365805e-05
2.61444743653429e-05
2.61441326030406e-05
2.61437908496732e-05
2.61434491052405e-05
2.6143107369742e-05
2.61427656431774e-05
2.61424239255464e-05
2.61420822168486e-05
2.61417405170836e-05
2.61413988262512e-05
2.61410571443509e-05
2.61407154713825e-05
2.61403738073454e-05
2.61400321522395e-05
2.61396905060644e-05
2.61393488688197e-05
2.6139007240505e-05
2.613866562112e-05
2.61383240106644e-05
2.61379824091378e-05
2.61376408165399e-05
2.61372992328703e-05
2.61369576581286e-05
2.61366160923145e-05
2.61362745354277e-05
2.61359329874678e-05
2.61355914484345e-05
2.61352499183273e-05
2.61349083971461e-05
2.61345668848903e-05
2.61342253815597e-05
2.61338838871539e-05
2.61335424016725e-05
2.61332009251153e-05
2.61328594574818e-05
2.61325179987718e-05
2.61321765489848e-05
2.61318351081205e-05
2.61314936761785e-05
2.61311522531586e-05
2.61308108390603e-05
2.61304694338834e-05
2.61301280376274e-05
2.6129786650292e-05
2.61294452718769e-05
2.61291039023817e-05
2.6128762541806e-05
2.61284211901496e-05
2.6128079847412e-05
2.6127738513593e-05
2.61273971886921e-05
2.6127055872709e-05
2.61267145656434e-05
2.61263732674949e-05
2.61260319782631e-05
2.61256906979478e-05
2.61253494265486e-05
2.61250081640651e-05
2.61246669104969e-05
2.61243256658438e-05
2.61239844301053e-05
2.61236432032811e-05
2.6123301985371e-05
2.61229607763744e-05
2.61226195762911e-05
2.61222783851208e-05
2.6121937202863e-05
2.61215960295174e-05
2.61212548650837e-05
2.61209137095616e-05
2.61205725629506e-05
2.61202314252504e-05
2.61198902964608e-05
2.61195491765812e-05
2.61192080656115e-05
2.61188669635511e-05
2.61185258703999e-05
2.61181847861574e-05
2.61178437108232e-05
2.61175026443971e-05
2.61171615868787e-05
2.61168205382677e-05
2.61164794985636e-05
2.61161384677662e-05
2.6115797445875e-05
2.61154564328898e-05
2.61151154288102e-05
2.61147744336358e-05
2.61144334473664e-05
2.61140924700014e-05
2.61137515015407e-05
2.61134105419838e-05
2.61130695913305e-05
2.61127286495802e-05
2.61123877167328e-05
2.61120467927879e-05
2.6111705877745e-05
2.61113649716039e-05
2.61110240743642e-05
2.61106831860256e-05
2.61103423065876e-05
2.61100014360501e-05
2.61096605744125e-05
2.61093197216747e-05
2.61089788778361e-05
2.61086380428965e-05
2.61082972168555e-05
2.61079563997128e-05
2.6107615591468e-05
2.61072747921208e-05
2.61069340016708e-05
2.61065932201177e-05
2.61062524474612e-05
2.61059116837008e-05
2.61055709288362e-05
2.61052301828671e-05
2.61048894457932e-05
2.6104548717614e-05
2.61042079983293e-05
2.61038672879387e-05
2.61035265864418e-05
2.61031858938383e-05
2.61028452101279e-05
2.61025045353102e-05
2.61021638693848e-05
2.61018232123514e-05
2.61014825642096e-05
2.61011419249592e-05
2.61008012945997e-05
2.61004606731309e-05
2.61001200605523e-05
2.60997794568636e-05
2.60994388620645e-05
2.60990982761546e-05
2.60987576991335e-05
2.6098417131001e-05
2.60980765717567e-05
2.60977360214001e-05
2.60973954799311e-05
2.60970549473492e-05
2.60967144236541e-05
2.60963739088454e-05
2.60960334029228e-05
2.60956929058859e-05
2.60953524177344e-05
2.6095011938468e-05
2.60946714680862e-05
2.60943310065888e-05
2.60939905539754e-05
2.60936501102457e-05
2.60933096753992e-05
2.60929692494357e-05
2.60926288323549e-05
2.60922884241562e-05
2.60919480248395e-05
2.60916076344044e-05
2.60912672528505e-05
2.60909268801774e-05
2.60905865163849e-05
2.60902461614725e-05
2.608990581544e-05
2.6089565478287e-05
2.6089225150013e-05
2.60888848306179e-05
2.60885445201012e-05
2.60882042184626e-05
2.60878639257018e-05
2.60875236418183e-05
2.60871833668119e-05
2.60868431006822e-05
2.60865028434288e-05
2.60861625950515e-05
2.60858223555498e-05
2.60854821249234e-05
2.6085141903172e-05
2.60848016902951e-05
2.60844614862926e-05
2.6084121291164e-05
2.6083781104909e-05
2.60834409275272e-05
2.60831007590182e-05
2.60827605993818e-05
2.60824204486176e-05
2.60820803067253e-05
2.60817401737044e-05
2.60814000495547e-05
2.60810599342757e-05
2.60807198278672e-05
2.60803797303289e-05
2.60800396416603e-05
2.6079699561861e-05
2.60793594909309e-05
2.60790194288695e-05
2.60786793756764e-05
2.60783393313514e-05
2.6077999295894e-05
2.6077659269304e-05
2.60773192515809e-05
2.60769792427245e-05
2.60766392427344e-05
2.60762992516102e-05
2.60759592693516e-05
2.60756192959583e-05
2.60752793314298e-05
2.6074939375766e-05
2.60745994289663e-05
2.60742594910305e-05
2.60739195619582e-05
2.6073579641749e-05
2.60732397304027e-05
2.60728998279189e-05
2.60725599342971e-05
2.60722200495372e-05
2.60718801736387e-05
2.60715403066013e-05
2.60712004484246e-05
2.60708605991084e-05
2.60705207586522e-05
2.60701809270556e-05
2.60698411043185e-05
2.60695012904403e-05
2.60691614854208e-05
2.60688216892596e-05
2.60684819019564e-05
2.60681421235109e-05
2.60678023539226e-05
2.60674625931912e-05
2.60671228413164e-05
2.60667830982978e-05
2.60664433641352e-05
2.60661036388281e-05
2.60657639223762e-05
2.60654242147791e-05
2.60650845160365e-05
2.60647448261482e-05
2.60644051451136e-05
2.60640654729325e-05
2.60637258096045e-05
2.60633861551293e-05
2.60630465095065e-05
2.60627068727358e-05
2.60623672448168e-05
2.60620276257493e-05
2.60616880155328e-05
2.60613484141669e-05
2.60610088216515e-05
2.6060669237986e-05
2.60603296631702e-05
2.60599900972038e-05
2.60596505400863e-05
2.60593109918174e-05
2.60589714523968e-05
2.60586319218241e-05
2.6058292400099e-05
2.60579528872212e-05
2.60576133831902e-05
2.60572738880058e-05
2.60569344016676e-05
2.60565949241753e-05
2.60562554555285e-05
2.60559159957268e-05
2.605557654477e-05
2.60552371026576e-05
2.60548976693894e-05
2.6054558244965e-05
2.60542188293839e-05
2.6053879422646e-05
2.60535400247509e-05
2.60532006356981e-05
2.60528612554874e-05
2.60525218841184e-05
2.60521825215907e-05
2.60518431679041e-05
2.60515038230582e-05
2.60511644870526e-05
2.60508251598869e-05
2.60504858415609e-05
2.60501465320742e-05
2.60498072314265e-05
2.60494679396173e-05
2.60491286566464e-05
2.60487893825134e-05
2.6048450117218e-05
2.60481108607598e-05
2.60477716131385e-05
2.60474323743537e-05
2.60470931444051e-05
2.60467539232923e-05
2.6046414711015e-05
2.60460755075729e-05
2.60457363129656e-05
2.60453971271927e-05
2.60450579502539e-05
2.6044718782149e-05
2.60443796228774e-05
2.60440404724389e-05
2.60437013308331e-05
2.60433621980598e-05
2.60430230741184e-05
2.60426839590088e-05
2.60423448527305e-05
2.60420057552833e-05
2.60416666666667e-05
2.60413275868804e-05
2.60409885159241e-05
2.60406494537974e-05
2.60403104005e-05
2.60399713560315e-05
2.60396323203916e-05
2.603929329358e-05
2.60389542755963e-05
2.60386152664401e-05
2.60382762661112e-05
2.60379372746091e-05
2.60375982919336e-05
2.60372593180842e-05
2.60369203530606e-05
2.60365813968626e-05
2.60362424494897e-05
2.60359035109416e-05
2.60355645812179e-05
2.60352256603184e-05
2.60348867482426e-05
2.60345478449903e-05
2.6034208950561e-05
2.60338700649545e-05
2.60335311881704e-05
2.60331923202083e-05
2.60328534610679e-05
2.60325146107488e-05
2.60321757692508e-05
2.60318369365734e-05
2.60314981127164e-05
2.60311592976793e-05
2.60308204914619e-05
2.60304816940637e-05
2.60301429054846e-05
2.6029804125724e-05
2.60294653547816e-05
2.60291265926572e-05
2.60287878393503e-05
2.60284490948607e-05
2.60281103591879e-05
2.60277716323317e-05
2.60274329142917e-05
2.60270942050675e-05
2.60267555046588e-05
2.60264168130653e-05
2.60260781302865e-05
2.60257394563223e-05
2.60254007911722e-05
2.60250621348358e-05
2.60247234873129e-05
2.60243848486031e-05
2.60240462187061e-05
2.60237075976214e-05
2.60233689853488e-05
2.6023030381888e-05
2.60226917872385e-05
2.60223532014e-05
2.60220146243722e-05
2.60216760561548e-05
2.60213374967473e-05
2.60209989461495e-05
2.60206604043611e-05
2.60203218713815e-05
2.60199833472107e-05
2.6019644831848e-05
2.60193063252934e-05
2.60189678275463e-05
2.60186293386064e-05
2.60182908584735e-05
2.60179523871471e-05
2.6017613924627e-05
2.60172754709127e-05
2.60169370260039e-05
2.60165985899004e-05
2.60162601626016e-05
2.60159217441074e-05
2.60155833344173e-05
2.6015244933531e-05
2.60149065414483e-05
2.60145681581686e-05
2.60142297836917e-05
2.60138914180172e-05
2.60135530611449e-05
2.60132147130742e-05
2.6012876373805e-05
2.60125380433369e-05
2.60121997216695e-05
2.60118614088024e-05
2.60115231047354e-05
2.60111848094681e-05
2.60108465230001e-05
2.60105082453311e-05
2.60101699764608e-05
2.60098317163888e-05
2.60094934651148e-05
2.60091552226384e-05
2.60088169889593e-05
2.60084787640771e-05
2.60081405479915e-05
2.60078023407022e-05
2.60074641422088e-05
2.6007125952511e-05
2.60067877716084e-05
2.60064495995007e-05
2.60061114361875e-05
2.60057732816685e-05
2.60054351359434e-05
2.60050969990118e-05
2.60047588708734e-05
2.60044207515278e-05
2.60040826409746e-05
2.60037445392136e-05
2.60034064462445e-05
2.60030683620667e-05
2.60027302866801e-05
2.60023922200842e-05
2.60020541622788e-05
2.60017161132635e-05
2.60013780730379e-05
2.60010400416017e-05
2.60007020189545e-05
2.60003640050961e-05
2.6000026000026e-05
2.5999688003744e-05
2.59993500162496e-05
2.59990120375426e-05
2.59986740676226e-05
2.59983361064892e-05
2.59979981541421e-05
2.5997660210581e-05
2.59973222758056e-05
2.59969843498154e-05
2.59966464326102e-05
2.59963085241896e-05
2.59959706245532e-05
2.59956327337007e-05
2.59952948516319e-05
2.59949569783462e-05
2.59946191138434e-05
2.59942812581232e-05
2.59939434111852e-05
2.5993605573029e-05
2.59932677436544e-05
2.59929299230609e-05
2.59925921112483e-05
2.59922543082162e-05
2.59919165139642e-05
2.5991578728492e-05
2.59912409517992e-05
2.59909031838856e-05
2.59905654247508e-05
2.59902276743944e-05
2.59898899328161e-05
2.59895522000156e-05
2.59892144759925e-05
2.59888767607464e-05
2.59885390542771e-05
2.59882013565841e-05
2.59878636676672e-05
2.5987525987526e-05
2.59871883161601e-05
2.59868506535693e-05
2.59865129997531e-05
2.59861753547113e-05
2.59858377184434e-05
2.59855000909493e-05
2.59851624722284e-05
2.59848248622804e-05
2.59844872611051e-05
2.59841496687021e-05
2.5983812085071e-05
2.59834745102115e-05
2.59831369441233e-05
2.59827993868059e-05
2.59824618382592e-05
2.59821242984826e-05
2.5981786767476e-05
2.59814492452389e-05
2.5981111731771e-05
2.5980774227072e-05
2.59804367311415e-05
2.59800992439791e-05
2.59797617655846e-05
2.59794242959576e-05
2.59790868350977e-05
2.59787493830047e-05
2.59784119396781e-05
2.59780745051177e-05
2.5977737079323e-05
2.59773996622938e-05
2.59770622540297e-05
2.59767248545303e-05
2.59763874637954e-05
2.59760500818246e-05
2.59757127086174e-05
2.59753753441737e-05
2.59750379884931e-05
2.59747006415751e-05
2.59743633034195e-05
2.5974025974026e-05
2.59736886533941e-05
2.59733513415236e-05
2.59730140384141e-05
2.59726767440652e-05
2.59723394584767e-05
2.59720021816482e-05
2.59716649135793e-05
2.59713276542697e-05
2.5970990403719e-05
2.5970653161927e-05
2.59703159288933e-05
2.59699787046175e-05
2.59696414890992e-05
2.59693042823383e-05
2.59689670843342e-05
2.59686298950867e-05
2.59682927145955e-05
2.59679555428601e-05
2.59676183798803e-05
2.59672812256557e-05
2.59669440801859e-05
2.59666069434707e-05
2.59662698155097e-05
2.59659326963025e-05
2.59655955858487e-05
2.59652584841482e-05
2.59649213912005e-05
2.59645843070052e-05
2.59642472315621e-05
2.59639101648708e-05
2.5963573106931e-05
2.59632360577422e-05
2.59628990173043e-05
2.59625619856167e-05
2.59622249626793e-05
2.59618879484916e-05
2.59615509430533e-05
2.59612139463641e-05
2.59608769584237e-05
2.59605399792316e-05
2.59602030087875e-05
2.59598660470912e-05
2.59595290941422e-05
2.59591921499403e-05
2.5958855214485e-05
2.59585182877761e-05
2.59581813698132e-05
2.5957844460596e-05
2.59575075601241e-05
2.59571706683971e-05
2.59568337854149e-05
2.59564969111769e-05
2.59561600456828e-05
2.59558231889324e-05
2.59554863409253e-05
2.59551495016611e-05
2.59548126711395e-05
2.59544758493602e-05
2.59541390363228e-05
2.5953802232027e-05
2.59534654364724e-05
2.59531286496587e-05
2.59527918715856e-05
2.59524551022527e-05
2.59521183416596e-05
2.59517815898061e-05
2.59514448466918e-05
2.59511081123164e-05
2.59507713866795e-05
2.59504346697807e-05
2.59500979616198e-05
2.59497612621964e-05
2.59494245715101e-05
2.59490878895607e-05
2.59487512163477e-05
2.59484145518709e-05
2.59480778961298e-05
2.59477412491243e-05
2.59474046108538e-05
2.59470679813181e-05
2.59467313605169e-05
2.59463947484497e-05
2.59460581451163e-05
2.59457215505163e-05
2.59453849646494e-05
2.59450483875152e-05
2.59447118191135e-05
2.59443752594438e-05
2.59440387085058e-05
2.59437021662991e-05
2.59433656328235e-05
2.59430291080787e-05
2.59426925920641e-05
2.59423560847796e-05
2.59420195862248e-05
2.59416830963993e-05
2.59413466153028e-05
2.5941010142935e-05
2.59406736792954e-05
2.59403372243839e-05
2.59400007782e-05
2.59396643407434e-05
2.59393279120138e-05
2.59389914920108e-05
2.59386550807341e-05
2.59383186781833e-05
2.59379822843581e-05
2.59376458992582e-05
2.59373095228832e-05
2.59369731552328e-05
2.59366367963066e-05
2.59363004461044e-05
2.59359641046257e-05
2.59356277718702e-05
2.59352914478376e-05
2.59349551325276e-05
2.59346188259398e-05
2.59342825280739e-05
2.59339462389294e-05
2.59336099585062e-05
2.59332736868039e-05
2.5932937423822e-05
2.59326011695603e-05
2.59322649240185e-05
2.59319286871961e-05
2.59315924590929e-05
2.59312562397085e-05
2.59309200290426e-05
2.59305838270949e-05
2.59302476338649e-05
2.59299114493524e-05
2.5929575273557e-05
2.59292391064784e-05
2.59289029481163e-05
2.59285667984702e-05
2.59282306575399e-05
2.59278945253251e-05
2.59275584018253e-05
2.59272222870403e-05
2.59268861809697e-05
2.59265500836131e-05
2.59262139949703e-05
2.59258779150409e-05
2.59255418438245e-05
2.59252057813209e-05
2.59248697275296e-05
2.59245336824504e-05
2.59241976460829e-05
2.59238616184267e-05
2.59235255994815e-05
2.59231895892471e-05
2.59228535877229e-05
2.59225175949088e-05
2.59221816108044e-05
2.59218456354092e-05
2.59215096687231e-05
2.59211737107456e-05
2.59208377614765e-05
2.59205018209153e-05
2.59201658890617e-05
2.59198299659154e-05
2.59194940514761e-05
2.59191581457434e-05
2.5918822248717e-05
2.59184863603966e-05
2.59181504807817e-05
2.59178146098721e-05
2.59174787476674e-05
2.59171428941673e-05
2.59168070493715e-05
2.59164712132796e-05
2.59161353858913e-05
2.59157995672061e-05
2.59154637572239e-05
2.59151279559443e-05
2.59147921633669e-05
2.59144563794913e-05
2.59141206043173e-05
2.59137848378445e-05
2.59134490800726e-05
2.59131133310012e-05
2.59127775906299e-05
2.59124418589586e-05
2.59121061359867e-05
2.59117704217141e-05
2.59114347161402e-05
2.59110990192649e-05
2.59107633310877e-05
2.59104276516084e-05
2.59100919808265e-05
2.59097563187418e-05
2.59094206653539e-05
2.59090850206625e-05
2.59087493846672e-05
2.59084137573677e-05
2.59080781387637e-05
2.59077425288547e-05
2.59074069276406e-05
2.59070713351209e-05
2.59067357512953e-05
2.59064001761635e-05
2.59060646097251e-05
2.59057290519798e-05
2.59053935029273e-05
2.59050579625672e-05
2.59047224308992e-05
2.59043869079229e-05
2.5904051393638e-05
2.59037158880441e-05
2.5903380391141e-05
2.59030449029283e-05
2.59027094234057e-05
2.59023739525728e-05
2.59020384904292e-05
2.59017030369747e-05
2.59013675922089e-05
2.59010321561314e-05
2.5900696728742e-05
2.59003613100403e-05
2.59000259000259e-05
2.58996904986985e-05
2.58993551060579e-05
2.58990197221035e-05
2.58986843468352e-05
2.58983489802525e-05
2.58980136223552e-05
2.58976782731428e-05
2.58973429326151e-05
2.58970076007717e-05
2.58966722776123e-05
2.58963369631366e-05
2.58960016573441e-05
2.58956663602346e-05
2.58953310718078e-05
2.58949957920632e-05
2.58946605210006e-05
2.58943252586196e-05
2.58939900049199e-05
2.58936547599011e-05
2.58933195235629e-05
2.5892984295905e-05
2.58926490769271e-05
2.58923138666287e-05
2.58919786650096e-05
2.58916434720694e-05
2.58913082878078e-05
2.58909731122244e-05
2.5890637945319e-05
2.58903027870911e-05
2.58899676375405e-05
2.58896324966667e-05
2.58892973644695e-05
2.58889622409486e-05
2.58886271261035e-05
2.5888292019934e-05
2.58879569224397e-05
2.58876218336203e-05
2.58872867534754e-05
2.58869516820047e-05
2.58866166192079e-05
2.58862815650846e-05
2.58859465196345e-05
2.58856114828573e-05
2.58852764547525e-05
2.588494143532e-05
2.58846064245593e-05
2.58842714224701e-05
2.58839364290521e-05
2.5883601444305e-05
2.58832664682283e-05
2.58829315008218e-05
2.58825965420851e-05
2.58822615920179e-05
2.58819266506199e-05
2.58815917178907e-05
2.58812567938299e-05
2.58809218784373e-05
2.58805869717125e-05
2.58802520736552e-05
2.5879917184265e-05
2.58795823035416e-05
2.58792474314847e-05
2.58789125680939e-05
2.58785777133689e-05
2.58782428673093e-05
2.58779080299149e-05
2.58775732011852e-05
2.587723838112e-05
2.58769035697188e-05
2.58765687669815e-05
2.58762339729076e-05
2.58758991874968e-05
2.58755644107487e-05
2.58752296426631e-05
2.58748948832395e-05
2.58745601324777e-05
2.58742253903774e-05
2.58738906569381e-05
2.58735559321595e-05
2.58732212160414e-05
2.58728865085833e-05
2.5872551809785e-05
2.58722171196461e-05
2.58718824381662e-05
2.58715477653451e-05
2.58712131011823e-05
2.58708784456776e-05
2.58705437988307e-05
2.58702091606411e-05
2.58698745311085e-05
2.58695399102327e-05
2.58692052980132e-05
2.58688706944498e-05
2.58685360995421e-05
2.58682015132898e-05
2.58678669356925e-05
2.58675323667499e-05
2.58671978064616e-05
2.58668632548274e-05
2.58665287118469e-05
2.58661941775197e-05
2.58658596518455e-05
2.58655251348241e-05
2.58651906264549e-05
2.58648561267378e-05
2.58645216356723e-05
2.58641871532582e-05
2.58638526794951e-05
2.58635182143827e-05
2.58631837579206e-05
2.58628493101085e-05
2.5862514870946e-05
2.58621804404329e-05
2.58618460185688e-05
2.58615116053533e-05
2.58611772007862e-05
2.5860842804867e-05
2.58605084175955e-05
2.58601740389713e-05
2.58598396689941e-05
2.58595053076635e-05
2.58591709549792e-05
2.58588366109409e-05
2.58585022755482e-05
2.58581679488008e-05
2.58578336306984e-05
2.58574993212406e-05
2.58571650204272e-05
2.58568307282576e-05
2.58564964447317e-05
2.58561621698491e-05
2.58558279036095e-05
2.58554936460124e-05
2.58551593970577e-05
2.58548251567449e-05
2.58544909250737e-05
2.58541567020438e-05
2.58538224876548e-05
2.58534882819064e-05
2.58531540847983e-05
2.58528198963302e-05
2.58524857165016e-05
2.58521515453124e-05
2.5851817382762e-05
2.58514832288503e-05
2.58511490835768e-05
2.58508149469412e-05
2.58504808189432e-05
2.58501466995825e-05
2.58498125888587e-05
2.58494784867715e-05
2.58491443933206e-05
2.58488103085056e-05
2.58484762323261e-05
2.58481421647819e-05
2.58478081058726e-05
2.58474740555979e-05
2.58471400139575e-05
2.58468059809509e-05
2.58464719565779e-05
2.58461379408382e-05
2.58458039337314e-05
2.58454699352571e-05
2.58451359454151e-05
2.58448019642049e-05
2.58444679916264e-05
2.58441340276791e-05
2.58438000723626e-05
2.58434661256768e-05
2.58431321876211e-05
2.58427982581954e-05
2.58424643373992e-05
2.58421304252323e-05
2.58417965216942e-05
2.58414626267847e-05
2.58411287405034e-05
2.584079486285e-05
2.58404609938241e-05
2.58401271334255e-05
2.58397932816537e-05
2.58394594385085e-05
2.58391256039896e-05
2.58387917780965e-05
2.58384579608289e-05
2.58381241521866e-05
2.58377903521691e-05
2.58374565607762e-05
2.58371227780074e-05
2.58367890038626e-05
2.58364552383413e-05
2.58361214814432e-05
2.5835787733168e-05
2.58354539935153e-05
2.58351202624848e-05
2.58347865400762e-05
2.58344528262891e-05
2.58341191211233e-05
2.58337854245783e-05
2.58334517366538e-05
2.58331180573495e-05
2.58327843866651e-05
2.58324507246002e-05
2.58321170711546e-05
2.58317834263278e-05
2.58314497901195e-05
2.58311161625294e-05
2.58307825435572e-05
2.58304489332025e-05
2.5830115331465e-05
2.58297817383443e-05
2.58294481538402e-05
2.58291145779523e-05
2.58287810106802e-05
2.58284474520237e-05
2.58281139019823e-05
2.58277803605558e-05
2.58274468277438e-05
2.58271133035461e-05
2.58267797879621e-05
2.58264462809917e-05
2.58261127826345e-05
2.58257792928902e-05
2.58254458117583e-05
2.58251123392387e-05
2.58247788753309e-05
2.58244454200346e-05
2.58241119733495e-05
2.58237785352753e-05
2.58234451058116e-05
2.5823111684958e-05
2.58227782727144e-05
2.58224448690802e-05
2.58221114740552e-05
2.58217780876391e-05
2.58214447098315e-05
2.58211113406321e-05
2.58207779800405e-05
2.58204446280565e-05
2.58201112846796e-05
2.58197779499096e-05
2.58194446237461e-05
2.58191113061888e-05
2.58187779972374e-05
2.58184446968915e-05
2.58181114051507e-05
2.58177781220148e-05
2.58174448474834e-05
2.58171115815563e-05
2.58167783242329e-05
2.58164450755131e-05
2.58161118353965e-05
2.58157786038827e-05
2.58154453809714e-05
2.58151121666624e-05
2.58147789609551e-05
2.58144457638495e-05
2.58141125753449e-05
2.58137793954413e-05
2.58134462241382e-05
2.58131130614352e-05
2.58127799073321e-05
2.58124467618286e-05
2.58121136249242e-05
2.58117804966187e-05
2.58114473769117e-05
2.58111142658029e-05
2.58107811632919e-05
2.58104480693785e-05
2.58101149840623e-05
2.58097819073429e-05
2.580944883922e-05
2.58091157796934e-05
2.58087827287626e-05
2.58084496864273e-05
2.58081166526873e-05
2.58077836275421e-05
2.58074506109914e-05
2.58071176030349e-05
2.58067846036723e-05
2.58064516129032e-05
2.58061186307273e-05
2.58057856571443e-05
2.58054526921539e-05
2.58051197357556e-05
2.58047867879492e-05
2.58044538487343e-05
2.58041209181106e-05
2.58037879960778e-05
2.58034550826356e-05
2.58031221777835e-05
2.58027892815213e-05
2.58024563938487e-05
2.58021235147653e-05
2.58017906442707e-05
2.58014577823647e-05
2.58011249290469e-05
2.5800792084317e-05
2.58004592481746e-05
2.58001264206195e-05
2.57997936016512e-05
2.57994607912695e-05
2.5799127989474e-05
2.57987951962643e-05
2.57984624116403e-05
2.57981296356014e-05
2.57977968681475e-05
2.57974641092781e-05
2.57971313589929e-05
2.57967986172916e-05
2.57964658841739e-05
2.57961331596394e-05
2.57958004436878e-05
2.57954677363187e-05
2.57951350375319e-05
2.5794802347327e-05
2.57944696657037e-05
2.57941369926616e-05
2.57938043282004e-05
2.57934716723197e-05
2.57931390250193e-05
2.57928063862989e-05
2.5792473756158e-05
2.57921411345963e-05
2.57918085216135e-05
2.57914759172094e-05
2.57911433213834e-05
2.57908107341354e-05
2.5790478155465e-05
2.57901455853718e-05
2.57898130238556e-05
2.57894804709159e-05
2.57891479265525e-05
2.5788815390765e-05
2.57884828635531e-05
2.57881503449165e-05
2.57878178348548e-05
2.57874853333677e-05
2.57871528404549e-05
2.5786820356116e-05
2.57864878803507e-05
2.57861554131587e-05
2.57858229545396e-05
2.57854905044931e-05
2.57851580630189e-05
2.57848256301167e-05
2.5784493205786e-05
2.57841607900267e-05
2.57838283828383e-05
2.57834959842205e-05
2.5783163594173e-05
2.57828312126955e-05
2.57824988397876e-05
2.57821664754489e-05
2.57818341196793e-05
2.57815017724782e-05
2.57811694338455e-05
2.57808371037808e-05
2.57805047822836e-05
2.57801724693538e-05
2.5779840164991e-05
2.57795078691948e-05
2.57791755819649e-05
2.5778843303301e-05
2.57785110332027e-05
2.57781787716698e-05
2.57778465187018e-05
2.57775142742985e-05
2.57771820384596e-05
2.57768498111846e-05
2.57765175924733e-05
2.57761853823253e-05
2.57758531807403e-05
2.5775520987718e-05
2.5775188803258e-05
2.577485662736e-05
2.57745244600237e-05
2.57741923012488e-05
2.57738601510348e-05
2.57735280093816e-05
2.57731958762887e-05
2.57728637517558e-05
2.57725316357826e-05
2.57721995283687e-05
2.57718674295139e-05
2.57715353392178e-05
2.57712032574801e-05
2.57708711843004e-05
2.57705391196784e-05
2.57702070636138e-05
2.57698750161062e-05
2.57695429771553e-05
2.57692109467608e-05
2.57688789249224e-05
2.57685469116397e-05
2.57682149069123e-05
2.57678829107401e-05
2.57675509231225e-05
2.57672189440594e-05
2.57668869735503e-05
2.5766555011595e-05
2.5766223058193e-05
2.57658911133442e-05
2.5765559177048e-05
2.57652272493043e-05
2.57648953301127e-05
2.57645634194729e-05
2.57642315173844e-05
2.57638996238471e-05
2.57635677388605e-05
2.57632358624243e-05
2.57629039945383e-05
2.5762572135202e-05
2.57622402844151e-05
2.57619084421774e-05
2.57615766084884e-05
2.57612447833479e-05
2.57609129667555e-05
2.57605811587109e-05
2.57602493592138e-05
2.57599175682638e-05
2.57595857858606e-05
2.57592540120038e-05
2.57589222466932e-05
2.57585904899284e-05
2.57582587417091e-05
2.57579270020349e-05
2.57575952709055e-05
2.57572635483206e-05
2.57569318342799e-05
2.5756600128783e-05
2.57562684318296e-05
2.57559367434194e-05
2.5755605063552e-05
2.57552733922271e-05
2.57549417294443e-05
2.57546100752035e-05
2.57542784295041e-05
2.57539467923459e-05
2.57536151637286e-05
2.57532835436518e-05
2.57529519321152e-05
2.57526203291185e-05
2.57522887346613e-05
2.57519571487433e-05
2.57516255713642e-05
2.57512940025236e-05
2.57509624422213e-05
2.57506308904568e-05
2.57502993472299e-05
2.57499678125402e-05
2.57496362863875e-05
2.57493047687712e-05
2.57489732596913e-05
2.57486417591472e-05
2.57483102671387e-05
2.57479787836655e-05
2.57476473087272e-05
2.57473158423234e-05
2.5746984384454e-05
2.57466529351184e-05
2.57463214943165e-05
2.57459900620478e-05
2.57456586383121e-05
2.5745327223109e-05
2.57449958164382e-05
2.57446644182993e-05
2.57443330286921e-05
2.57440016476161e-05
2.57436702750711e-05
2.57433389110568e-05
2.57430075555727e-05
2.57426762086186e-05
2.57423448701942e-05
2.57420135402991e-05
2.5741682218933e-05
2.57413509060956e-05
2.57410196017864e-05
2.57406883060053e-05
2.57403570187518e-05
2.57400257400257e-05
2.57396944698266e-05
2.57393632081542e-05
2.57390319550082e-05
2.57387007103881e-05
2.57383694742938e-05
2.57380382467248e-05
2.57377070276809e-05
2.57373758171617e-05
2.57370446151668e-05
2.57367134216961e-05
2.5736382236749e-05
2.57360510603253e-05
2.57357198924247e-05
2.57353887330468e-05
2.57350575821913e-05
2.57347264398579e-05
2.57343953060463e-05
2.57340641807561e-05
2.57337330639869e-05
2.57334019557385e-05
2.57330708560106e-05
2.57327397648028e-05
2.57324086821147e-05
2.57320776079461e-05
2.57317465422966e-05
2.57314154851658e-05
2.57310844365536e-05
2.57307533964594e-05
2.57304223648831e-05
2.57300913418243e-05
2.57297603272826e-05
2.57294293212577e-05
2.57290983237492e-05
2.5728767334757e-05
2.57284363542806e-05
2.57281053823196e-05
2.57277744188739e-05
2.5727443463943e-05
2.57271125175266e-05
2.57267815796244e-05
2.5726450650236e-05
2.57261197293612e-05
2.57257888169996e-05
2.57254579131509e-05
2.57251270178147e-05
2.57247961309907e-05
2.57244652526786e-05
2.5724134382878e-05
2.57238035215887e-05
2.57234726688103e-05
2.57231418245425e-05
2.57228109887849e-05
2.57224801615372e-05
2.57221493427991e-05
2.57218185325703e-05
2.57214877308504e-05
2.57211569376391e-05
2.5720826152936e-05
2.5720495376741e-05
2.57201646090535e-05
2.57198338498733e-05
2.57195030992001e-05
2.57191723570336e-05
2.57188416233733e-05
2.5718510898219e-05
2.57181801815704e-05
2.5717849473427e-05
2.57175187737887e-05
2.5717188082655e-05
2.57168574000257e-05
2.57165267259004e-05
2.57161960602788e-05
2.57158654031605e-05
2.57155347545452e-05
2.57152041144327e-05
2.57148734828225e-05
2.57145428597143e-05
2.57142122451079e-05
2.57138816390028e-05
2.57135510413988e-05
2.57132204522955e-05
2.57128898716927e-05
2.57125592995899e-05
2.57122287359868e-05
2.57118981808832e-05
2.57115676342787e-05
2.57112370961729e-05
2.57109065665655e-05
2.57105760454563e-05
2.57102455328448e-05
2.57099150287308e-05
2.57095845331139e-05
2.57092540459939e-05
2.57089235673702e-05
2.57085930972428e-05
2.57082626356111e-05
2.57079321824749e-05
2.57076017378339e-05
2.57072713016877e-05
2.5706940874036e-05
2.57066104548785e-05
2.57062800442148e-05
2.57059496420446e-05
2.57056192483677e-05
2.57052888631836e-05
2.5704958486492e-05
2.57046281182927e-05
2.57042977585852e-05
2.57039674073693e-05
2.57036370646446e-05
2.57033067304109e-05
2.57029764046677e-05
2.57026460874147e-05
2.57023157786517e-05
2.57019854783782e-05
2.5701655186594e-05
2.57013249032988e-05
2.57009946284921e-05
2.57006643621738e-05
2.57003341043434e-05
2.57000038550006e-05
2.56996736141451e-05
2.56993433817766e-05
2.56990131578947e-05
2.56986829424992e-05
2.56983527355896e-05
2.56980225371658e-05
2.56976923472272e-05
2.56973621657737e-05
2.56970319928048e-05
2.56967018283203e-05
2.56963716723199e-05
2.56960415248031e-05
2.56957113857697e-05
2.56953812552194e-05
2.56950511331518e-05
2.56947210195665e-05
2.56943909144634e-05
2.5694060817842e-05
2.5693730729702e-05
2.5693400650043e-05
2.56930705788649e-05
2.56927405161672e-05
2.56924104619495e-05
2.56920804162117e-05
2.56917503789533e-05
2.56914203501741e-05
2.56910903298736e-05
2.56907603180516e-05
2.56904303147078e-05
2.56901003198417e-05
2.56897703334532e-05
2.56894403555419e-05
2.56891103861073e-05
2.56887804251493e-05
2.56884504726675e-05
2.56881205286615e-05
2.56877905931311e-05
2.56874606660759e-05
2.56871307474955e-05
2.56868008373897e-05
2.56864709357581e-05
2.56861410426005e-05
2.56858111579164e-05
2.56854812817055e-05
2.56851514139676e-05
2.56848215547022e-05
2.56844917039092e-05
2.56841618615881e-05
2.56838320277385e-05
2.56835022023603e-05
2.56831723854531e-05
2.56828425770164e-05
2.56825127770501e-05
2.56821829855538e-05
2.56818532025271e-05
2.56815234279697e-05
2.56811936618814e-05
2.56808639042617e-05
2.56805341551104e-05
2.56802044144271e-05
2.56798746822116e-05
2.56795449584633e-05
2.56792152431822e-05
2.56788855363677e-05
2.56785558380197e-05
2.56782261481377e-05
2.56778964667214e-05
2.56775667937706e-05
2.56772371292849e-05
2.56769074732639e-05
2.56765778257074e-05
2.5676248186615e-05
2.56759185559863e-05
2.56755889338212e-05
2.56752593201191e-05
2.56749297148799e-05
2.56746001181032e-05
2.56742705297886e-05
2.56739409499358e-05
2.56736113785446e-05
2.56732818156145e-05
2.56729522611453e-05
2.56726227151366e-05
2.56722931775881e-05
2.56719636484995e-05
2.56716341278704e-05
2.56713046157006e-05
2.56709751119896e-05
2.56706456167373e-05
2.56703161299431e-05
2.56699866516069e-05
2.56696571817283e-05
2.5669327720307e-05
2.56689982673426e-05
2.56686688228348e-05
2.56683393867834e-05
2.56680099591879e-05
2.5667680540048e-05
2.56673511293634e-05
2.56670217271339e-05
2.5666692333359e-05
2.56663629480384e-05
2.56660335711719e-05
2.56657042027591e-05
2.56653748427996e-05
2.56650454912931e-05
2.56647161482394e-05
2.56643868136381e-05
2.56640574874888e-05
2.56637281697912e-05
2.56633988605451e-05
2.566306955975e-05
2.56627402674058e-05
2.56624109835119e-05
2.56620817080682e-05
2.56617524410742e-05
2.56614231825297e-05
2.56610939324343e-05
2.56607646907878e-05
2.56604354575897e-05
2.56601062328398e-05
2.56597770165377e-05
2.56594478086832e-05
2.56591186092758e-05
2.56587894183152e-05
2.56584602358012e-05
2.56581310617335e-05
2.56578018961116e-05
2.56574727389352e-05
2.56571435902041e-05
2.56568144499179e-05
2.56564853180763e-05
2.56561561946789e-05
2.56558270797255e-05
2.56554979732157e-05
2.56551688751491e-05
2.56548397855255e-05
2.56545107043446e-05
2.5654181631606e-05
2.56538525673093e-05
2.56535235114543e-05
2.56531944640406e-05
2.5652865425068e-05
2.5652536394536e-05
2.56522073724444e-05
2.56518783587928e-05
2.5651549353581e-05
2.56512203568085e-05
2.56508913684751e-05
2.56505623885804e-05
2.56502334171241e-05
2.56499044541059e-05
2.56495754995255e-05
2.56492465533825e-05
2.56489176156766e-05
2.56485886864075e-05
2.56482597655749e-05
2.56479308531784e-05
2.56476019492177e-05
2.56472730536926e-05
2.56469441666025e-05
2.56466152879474e-05
2.56462864177267e-05
2.56459575559402e-05
2.56456287025876e-05
2.56452998576686e-05
2.56449710211827e-05
2.56446421931298e-05
2.56443133735094e-05
2.56439845623213e-05
2.56436557595651e-05
2.56433269652405e-05
2.56429981793471e-05
2.56426694018847e-05
2.5642340632853e-05
2.56420118722515e-05
2.564168312008e-05
2.56413543763382e-05
2.56410256410256e-05
2.56406969141421e-05
2.56403681956873e-05
2.56400394856608e-05
2.56397107840624e-05
2.56393820908916e-05
2.56390534061482e-05
2.56387247298319e-05
2.56383960619424e-05
2.56380674024792e-05
2.56377387514421e-05
2.56374101088308e-05
2.56370814746449e-05
2.56367528488842e-05
2.56364242315482e-05
2.56360956226367e-05
2.56357670221493e-05
2.56354384300858e-05
2.56351098464457e-05
2.56347812712288e-05
2.56344527044348e-05
2.56341241460632e-05
2.56337955961139e-05
2.56334670545865e-05
2.56331385214806e-05
2.56328099967959e-05
2.56324814805321e-05
2.56321529726889e-05
2.5631824473266e-05
2.5631495982263e-05
2.56311674996796e-05
2.56308390255155e-05
2.56305105597704e-05
2.56301821024438e-05
2.56298536535356e-05
2.56295252130454e-05
2.56291967809729e-05
2.56288683573177e-05
2.56285399420795e-05
2.5628211535258e-05
2.56278831368529e-05
2.56275547468638e-05
2.56272263652905e-05
2.56268979921325e-05
2.56265696273897e-05
2.56262412710616e-05
2.56259129231479e-05
2.56255845836483e-05
2.56252562525625e-05
2.56249279298902e-05
2.5624599615631e-05
2.56242713097846e-05
2.56239430123507e-05
2.5623614723329e-05
2.56232864427191e-05
2.56229581705208e-05
2.56226299067336e-05
2.56223016513573e-05
2.56219734043916e-05
2.56216451658361e-05
2.56213169356905e-05
2.56209887139545e-05
2.56206605006277e-05
2.56203322957099e-05
2.56200040992007e-05
2.56196759110997e-05
2.56193477314068e-05
2.56190195601214e-05
2.56186913972434e-05
2.56183632427724e-05
2.56180350967081e-05
2.56177069590501e-05
2.56173788297981e-05
2.56170507089519e-05
2.5616722596511e-05
2.56163944924752e-05
2.56160663968441e-05
2.56157383096174e-05
2.56154102307948e-05
2.5615082160376e-05
2.56147540983607e-05
2.56144260447484e-05
2.56140979995389e-05
2.5613769962732e-05
2.56134419343271e-05
2.56131139143241e-05
2.56127859027226e-05
2.56124578995223e-05
2.56121299047229e-05
2.5611801918324e-05
2.56114739403253e-05
2.56111459707265e-05
2.56108180095272e-05
2.56104900567272e-05
2.56101621123262e-05
2.56098341763237e-05
2.56095062487195e-05
2.56091783295133e-05
2.56088504187047e-05
2.56085225162934e-05
2.56081946222791e-05
2.56078667366615e-05
2.56075388594402e-05
2.5607210990615e-05
2.56068831301854e-05
2.56065552781512e-05
2.56062274345121e-05
2.56058995992677e-05
2.56055717724177e-05
2.56052439539618e-05
2.56049161438996e-05
2.56045883422309e-05
2.56042605489553e-05
2.56039327640726e-05
2.56036049875822e-05
2.56032772194841e-05
2.56029494597778e-05
2.56026217084629e-05
2.56022939655393e-05
2.56019662310065e-05
2.56016385048643e-05
2.56013107871123e-05
2.56009830777502e-05
2.56006553767776e-05
2.56003276841944e-05
2.56e-05
2.55996723241942e-05
2.55993446567768e-05
2.55990169977473e-05
2.55986893471054e-05
2.55983617048509e-05
2.55980340709833e-05
2.55977064455025e-05
2.5597378828408e-05
2.55970512196995e-05
2.55967236193767e-05
2.55963960274393e-05
2.5596068443887e-05
2.55957408687194e-05
2.55954133019363e-05
2.55950857435372e-05
2.5594758193522e-05
2.55944306518901e-05
2.55941031186415e-05
2.55937755937756e-05
2.55934480772922e-05
2.5593120569191e-05
2.55927930694716e-05
2.55924655781338e-05
2.55921380951772e-05
2.55918106206014e-05
2.55914831544062e-05
2.55911556965913e-05
2.55908282471562e-05
2.55905008061008e-05
2.55901733734246e-05
2.55898459491274e-05
2.55895185332088e-05
2.55891911256685e-05
2.55888637265062e-05
2.55885363357216e-05
2.55882089533143e-05
2.55878815792841e-05
2.55875542136305e-05
2.55872268563533e-05
2.55868995074522e-05
2.55865721669268e-05
2.55862448347768e-05
2.55859175110019e-05
2.55855901956018e-05
2.55852628885762e-05
2.55849355899247e-05
2.55846082996469e-05
2.55842810177427e-05
2.55839537442116e-05
2.55836264790534e-05
2.55832992222677e-05
2.55829719738542e-05
2.55826447338126e-05
2.55823175021425e-05
2.55819902788437e-05
2.55816630639158e-05
2.55813358573585e-05
2.55810086591714e-05
2.55806814693543e-05
2.55803542879069e-05
2.55800271148287e-05
2.55796999501196e-05
2.55793727937791e-05
2.5579045645807e-05
2.55787185062028e-05
2.55783913749664e-05
2.55780642520974e-05
2.55777371375954e-05
2.55774100314602e-05
2.55770829336914e-05
2.55767558442887e-05
2.55764287632518e-05
2.55761016905803e-05
2.5575774626274e-05
2.55754475703325e-05
2.55751205227555e-05
2.55747934835426e-05
2.55744664526936e-05
2.55741394302082e-05
2.55738124160859e-05
2.55734854103266e-05
2.55731584129298e-05
2.55728314238953e-05
2.55725044432226e-05
2.55721774709116e-05
2.55718505069619e-05
2.55715235513732e-05
2.55711966041451e-05
2.55708696652773e-05
2.55705427347695e-05
2.55702158126215e-05
2.55698888988327e-05
2.55695619934031e-05
2.55692350963321e-05
2.55689082076195e-05
2.55685813272651e-05
2.55682544552683e-05
2.55679275916291e-05
2.55676007363469e-05
2.55672738894215e-05
2.55669470508527e-05
2.55666202206399e-05
2.5566293398783e-05
2.55659665852817e-05
2.55656397801355e-05
2.55653129833442e-05
2.55649861949075e-05
2.55646594148249e-05
2.55643326430964e-05
2.55640058797214e-05
2.55636791246996e-05
2.55633523780309e-05
2.55630256397147e-05
2.55626989097509e-05
2.55623721881391e-05
2.55620454748789e-05
2.55617187699701e-05
2.55613920734123e-05
2.55610653852053e-05
2.55607387053486e-05
2.5560412033842e-05
2.55600853706851e-05
2.55597587158777e-05
2.55594320694194e-05
2.55591054313099e-05
2.55587788015489e-05
2.5558452180136e-05
2.55581255670709e-05
2.55577989623534e-05
2.5557472365983e-05
2.55571457779595e-05
2.55568191982826e-05
2.55564926269519e-05
2.55561660639671e-05
2.55558395093279e-05
2.55555129630339e-05
2.5555186425085e-05
2.55548598954806e-05
2.55545333742206e-05
2.55542068613045e-05
2.55538803567322e-05
2.55535538605031e-05
2.55532273726172e-05
2.55529008930739e-05
2.5552574421873e-05
2.55522479590142e-05
2.55519215044971e-05
2.55515950583215e-05
2.5551268620487e-05
2.55509421909933e-05
2.55506157698401e-05
2.5550289357027e-05
2.55499629525537e-05
2.554963655642e-05
2.55493101686254e-05
2.55489837891698e-05
2.55486574180527e-05
2.55483310552738e-05
2.55480047008329e-05
2.55476783547295e-05
2.55473520169634e-05
2.55470256875343e-05
2.55466993664419e-05
2.55463730536857e-05
2.55460467492655e-05
2.55457204531811e-05
2.5545394165432e-05
2.55450678860179e-05
2.55447416149386e-05
2.55444153521936e-05
2.55440890977828e-05
2.55437628517057e-05
2.5543436613962e-05
2.55431103845515e-05
2.55427841634738e-05
2.55424579507286e-05
2.55421317463155e-05
2.55418055502343e-05
2.55414793624847e-05
2.55411531830662e-05
2.55408270119786e-05
2.55405008492217e-05
2.55401746947949e-05
2.55398485486981e-05
2.55395224109309e-05
2.5539196281493e-05
2.55388701603841e-05
2.55385440476038e-05
2.55382179431519e-05
2.5537891847028e-05
2.55375657592318e-05
2.5537239679763e-05
2.55369136086213e-05
2.55365875458063e-05
2.55362614913177e-05
2.55359354451552e-05
2.55356094073185e-05
2.55352833778073e-05
2.55349573566212e-05
2.553463134376e-05
2.55343053392232e-05
2.55339793430107e-05
2.55336533551221e-05
2.55333273755569e-05
2.55330014043151e-05
2.55326754413961e-05
2.55323494867998e-05
2.55320235405257e-05
2.55316976025736e-05
2.55313716729431e-05
2.5531045751634e-05
2.55307198386459e-05
2.55303939339784e-05
2.55300680376313e-05
2.55297421496043e-05
2.5529416269897e-05
2.55290903985091e-05
2.55287645354403e-05
2.55284386806903e-05
2.55281128342587e-05
2.55277869961453e-05
2.55274611663497e-05
2.55271353448716e-05
2.55268095317107e-05
2.55264837268666e-05
2.55261579303391e-05
2.55258321421278e-05
2.55255063622325e-05
2.55251805906527e-05
2.55248548273882e-05
2.55245290724386e-05
2.55242033258037e-05
2.55238775874831e-05
2.55235518574765e-05
2.55232261357836e-05
2.5522900422404e-05
2.55225747173375e-05
2.55222490205837e-05
2.55219233321423e-05
2.5521597652013e-05
2.55212719801955e-05
2.55209463166894e-05
2.55206206614945e-05
2.55202950146104e-05
2.55199693760367e-05
2.55196437457733e-05
2.55193181238197e-05
2.55189925101757e-05
2.55186669048409e-05
2.5518341307815e-05
2.55180157190977e-05
2.55176901386886e-05
2.55173645665876e-05
2.55170390027941e-05
2.5516713447308e-05
2.55163879001289e-05
2.55160623612564e-05
2.55157368306903e-05
2.55154113084303e-05
2.5515085794476e-05
2.55147602888271e-05
2.55144347914833e-05
2.55141093024443e-05
2.55137838217097e-05
2.55134583492792e-05
2.55131328851526e-05
2.55128074293295e-05
2.55124819818096e-05
2.55121565425925e-05
2.5511831111678e-05
2.55115056890658e-05
2.55111802747554e-05
2.55108548687467e-05
2.55105294710392e-05
2.55102040816327e-05
2.55098787005268e-05
2.55095533277212e-05
2.55092279632157e-05
2.55089026070098e-05
2.55085772591034e-05
2.5508251919496e-05
2.55079265881873e-05
2.5507601265177e-05
2.55072759504649e-05
2.55069506440505e-05
2.55066253459336e-05
2.55063000561139e-05
2.55059747745909e-05
2.55056495013646e-05
2.55053242364344e-05
2.55049989798e-05
2.55046737314613e-05
2.55043484914178e-05
2.55040232596692e-05
2.55036980362153e-05
2.55033728210556e-05
2.55030476141899e-05
2.55027224156179e-05
2.55023972253392e-05
2.55020720433535e-05
2.55017468696606e-05
2.550142170426e-05
2.55010965471515e-05
2.55007713983348e-05
2.55004462578095e-05
2.55001211255753e-05
2.5499796001632e-05
2.54994708859791e-05
2.54991457786164e-05
2.54988206795436e-05
2.54984955887603e-05
2.54981705062662e-05
2.5497845432061e-05
2.54975203661444e-05
2.54971953085161e-05
2.54968702591757e-05
2.54965452181229e-05
2.54962201853575e-05
2.54958951608791e-05
2.54955701446874e-05
2.5495245136782e-05
2.54949201371627e-05
2.54945951458291e-05
2.54942701627809e-05
2.54939451880178e-05
2.54936202215396e-05
2.54932952633457e-05
2.54929703134361e-05
2.54926453718102e-05
2.54923204384679e-05
2.54919955134088e-05
2.54916705966325e-05
2.54913456881389e-05
2.54910207879275e-05
2.5490695895998e-05
2.54903710123501e-05
2.54900461369835e-05
2.54897212698979e-05
2.5489396411093e-05
2.54890715605684e-05
2.54887467183239e-05
2.5488421884359e-05
2.54880970586736e-05
2.54877722412673e-05
2.54874474321397e-05
2.54871226312905e-05
2.54867978387195e-05
2.54864730544264e-05
2.54861482784107e-05
2.54858235106722e-05
2.54854987512106e-05
2.54851740000255e-05
2.54848492571166e-05
2.54845245224837e-05
2.54841997961264e-05
2.54838750780444e-05
2.54835503682373e-05
2.54832256667049e-05
2.54829009734468e-05
2.54825762884628e-05
2.54822516117524e-05
2.54819269433155e-05
2.54816022831516e-05
2.54812776312604e-05
2.54809529876417e-05
2.54806283522952e-05
2.54803037252204e-05
2.54799791064171e-05
2.5479654495885e-05
2.54793298936238e-05
2.54790052996331e-05
2.54786807139126e-05
2.54783561364621e-05
2.54780315672811e-05
2.54777070063694e-05
2.54773824537267e-05
2.54770579093526e-05
2.54767333732469e-05
2.54764088454092e-05
2.54760843258391e-05
2.54757598145365e-05
2.54754353115009e-05
2.54751108167321e-05
2.54747863302297e-05
2.54744618519934e-05
2.54741373820229e-05
2.54738129203179e-05
2.54734884668781e-05
2.54731640217031e-05
2.54728395847927e-05
2.54725151561465e-05
2.54721907357642e-05
2.54718663236455e-05
2.54715419197901e-05
2.54712175241977e-05
2.54708931368678e-05
2.54705687578004e-05
2.54702443869949e-05
2.54699200244511e-05
2.54695956701687e-05
2.54692713241474e-05
2.54689469863868e-05
2.54686226568867e-05
2.54682983356467e-05
2.54679740226665e-05
2.54676497179458e-05
2.54673254214842e-05
2.54670011332816e-05
2.54666768533374e-05
2.54663525816515e-05
2.54660283182235e-05
2.54657040630531e-05
2.546537981614e-05
2.54650555774838e-05
2.54647313470843e-05
2.54644071249411e-05
2.5464082911054e-05
2.54637587054225e-05
2.54634345080464e-05
2.54631103189255e-05
2.54627861380592e-05
2.54624619654474e-05
2.54621378010898e-05
2.54618136449859e-05
2.54614894971356e-05
2.54611653575384e-05
2.54608412261941e-05
2.54605171031024e-05
2.54601929882629e-05
2.54598688816753e-05
2.54595447833393e-05
2.54592206932546e-05
2.54588966114209e-05
2.54585725378378e-05
2.54582484725051e-05
2.54579244154224e-05
2.54576003665894e-05
2.54572763260059e-05
2.54569522936714e-05
2.54566282695857e-05
2.54563042537484e-05
2.54559802461593e-05
2.5455656246818e-05
2.54553322557243e-05
2.54550082728777e-05
2.5454684298278e-05
2.54543603319249e-05
2.5454036373818e-05
2.5453712423957e-05
2.54533884823417e-05
2.54530645489717e-05
2.54527406238467e-05
2.54524167069663e-05
2.54520927983303e-05
2.54517688979384e-05
2.54514450057902e-05
2.54511211218854e-05
2.54507972462237e-05
2.54504733788048e-05
2.54501495196284e-05
2.54498256686942e-05
2.54495018260018e-05
2.54491779915509e-05
2.54488541653412e-05
2.54485303473724e-05
2.54482065376443e-05
2.54478827361564e-05
2.54475589429084e-05
2.54472351579001e-05
2.54469113811311e-05
2.54465876126011e-05
2.54462638523099e-05
2.5445940100257e-05
2.54456163564422e-05
2.54452926208651e-05
2.54449688935255e-05
2.5444645174423e-05
2.54443214635574e-05
2.54439977609282e-05
2.54436740665352e-05
2.54433503803781e-05
2.54430267024565e-05
2.54427030327702e-05
2.54423793713188e-05
2.5442055718102e-05
2.54417320731195e-05
2.5441408436371e-05
2.54410848078562e-05
2.54407611875747e-05
2.54404375755263e-05
2.54401139717106e-05
2.54397903761273e-05
2.54394667887761e-05
2.54391432096567e-05
2.54388196387688e-05
2.5438496076112e-05
2.5438172521686e-05
2.54378489754906e-05
2.54375254375254e-05
2.54372019077901e-05
2.54368783862844e-05
2.5436554873008e-05
2.54362313679605e-05
2.54359078711417e-05
2.54355843825512e-05
2.54352609021887e-05
2.54349374300539e-05
2.54346139661465e-05
2.54342905104662e-05
2.54339670630127e-05
2.54336436237855e-05
2.54333201927846e-05
2.54329967700094e-05
2.54326733554598e-05
2.54323499491353e-05
2.54320265510357e-05
2.54317031611607e-05
2.54313797795099e-05
2.54310564060831e-05
2.54307330408799e-05
2.54304096839e-05
2.54300863351431e-05
2.54297629946089e-05
2.5429439662297e-05
2.54291163382072e-05
2.54287930223392e-05
2.54284697146926e-05
2.54281464152671e-05
2.54278231240623e-05
2.54274998410781e-05
2.54271765663141e-05
2.54268532997699e-05
2.54265300414452e-05
2.54262067913398e-05
2.54258835494533e-05
2.54255603157855e-05
2.54252370903359e-05
2.54249138731043e-05
2.54245906640903e-05
2.54242674632937e-05
2.54239442707142e-05
2.54236210863513e-05
2.54232979102049e-05
2.54229747422746e-05
2.54226515825601e-05
2.5422328431061e-05
2.54220052877771e-05
2.5421682152708e-05
2.54213590258535e-05
2.54210359072132e-05
2.54207127967868e-05
2.5420389694574e-05
2.54200666005745e-05
2.54197435147879e-05
2.5419420437214e-05
2.54190973678525e-05
2.54187743067029e-05
2.54184512537651e-05
2.54181282090387e-05
2.54178051725234e-05
2.54174821442188e-05
2.54171591241247e-05
2.54168361122407e-05
2.54165131085666e-05
2.5416190113102e-05
2.54158671258467e-05
2.54155441468002e-05
2.54152211759623e-05
2.54148982133327e-05
2.5414575258911e-05
2.5414252312697e-05
2.54139293746903e-05
2.54136064448906e-05
2.54132835232976e-05
2.54129606099111e-05
2.54126377047306e-05
2.54123148077558e-05
2.54119919189866e-05
2.54116690384224e-05
2.54113461660631e-05
2.54110233019084e-05
2.54107004459578e-05
2.54103775982111e-05
2.5410054758668e-05
2.54097319273282e-05
2.54094091041913e-05
2.5409086289257e-05
2.54087634825251e-05
2.54084406839952e-05
2.5408117893667e-05
2.54077951115402e-05
2.54074723376145e-05
2.54071495718895e-05
2.5406826814365e-05
2.54065040650407e-05
2.54061813239161e-05
2.54058585909911e-05
2.54055358662653e-05
2.54052131497383e-05
2.540489044141e-05
2.54045677412799e-05
2.54042450493477e-05
2.54039223656132e-05
2.54035996900761e-05
2.54032770227359e-05
2.54029543635925e-05
2.54026317126454e-05
2.54023090698945e-05
2.54019864353392e-05
2.54016638089795e-05
2.54013411908149e-05
2.54010185808451e-05
2.54006959790698e-05
2.54003733854888e-05
2.54000508001016e-05
2.5399728222908e-05
2.53994056539077e-05
2.53990830931003e-05
2.53987605404856e-05
2.53984379960632e-05
2.53981154598329e-05
2.53977929317942e-05
2.5397470411947e-05
2.53971479002908e-05
2.53968253968254e-05
2.53965029015505e-05
2.53961804144657e-05
2.53958579355707e-05
2.53955354648653e-05
2.53952130023491e-05
2.53948905480217e-05
2.5394568101883e-05
2.53942456639326e-05
2.53939232341701e-05
2.53936008125952e-05
2.53932783992077e-05
2.53929559940073e-05
2.53926335969935e-05
2.53923112081662e-05
2.53919888275249e-05
2.53916664550694e-05
2.53913440907994e-05
2.53910217347146e-05
2.53906993868146e-05
2.53903770470991e-05
2.53900547155679e-05
2.53897323922206e-05
2.53894100770569e-05
2.53890877700764e-05
2.5388765471279e-05
2.53884431806642e-05
2.53881208982317e-05
2.53877986239813e-05
2.53874763579126e-05
2.53871541000254e-05
2.53868318503192e-05
2.53865096087939e-05
2.5386187375449e-05
2.53858651502843e-05
2.53855429332995e-05
2.53852207244942e-05
2.53848985238682e-05
2.5384576331421e-05
2.53842541471525e-05
2.53839319710623e-05
2.53836098031501e-05
2.53832876434156e-05
2.53829654918584e-05
2.53826433484783e-05
2.5382321213275e-05
2.5381999086248e-05
2.53816769673972e-05
2.53813548567223e-05
2.53810327542228e-05
2.53807106598985e-05
2.53803885737491e-05
2.53800664957742e-05
2.53797444259736e-05
2.5379422364347e-05
2.5379100310894e-05
2.53787782656143e-05
2.53784562285076e-05
2.53781341995736e-05
2.53778121788121e-05
2.53774901662226e-05
2.53771681618048e-05
2.53768461655585e-05
2.53765241774834e-05
2.53762021975791e-05
2.53758802258453e-05
2.53755582622818e-05
2.53752363068881e-05
2.5374914359664e-05
2.53745924206092e-05
2.53742704897234e-05
2.53739485670063e-05
2.53736266524574e-05
2.53733047460767e-05
2.53729828478636e-05
2.5372660957818e-05
2.53723390759394e-05
2.53720172022277e-05
2.53716953366824e-05
2.53713734793033e-05
2.53710516300901e-05
2.53707297890424e-05
2.53704079561599e-05
2.53700861314424e-05
2.53697643148895e-05
2.53694425065009e-05
2.53691207062763e-05
2.53687989142154e-05
2.53684771303179e-05
2.53681553545834e-05
2.53678335870117e-05
2.53675118276024e-05
2.53671900763552e-05
2.53668683332699e-05
2.53665465983461e-05
2.53662248715835e-05
2.53659031529818e-05
2.53655814425406e-05
2.53652597402597e-05
2.53649380461388e-05
2.53646163601776e-05
2.53642946823756e-05
2.53639730127327e-05
2.53636513512485e-05
2.53633296979227e-05
2.53630080527551e-05
2.53626864157452e-05
2.53623647868927e-05
2.53620431661975e-05
2.53617215536591e-05
2.53613999492772e-05
2.53610783530516e-05
2.53607567649819e-05
2.53604351850678e-05
2.5360113613309e-05
2.53597920497052e-05
2.53594704942561e-05
2.53591489469613e-05
2.53588274078207e-05
2.53585058768337e-05
2.53581843540003e-05
2.53578628393199e-05
2.53575413327924e-05
2.53572198344174e-05
2.53568983441945e-05
2.53565768621236e-05
2.53562553882043e-05
2.53559339224362e-05
2.53556124648191e-05
2.53552910153526e-05
2.53549695740365e-05
2.53546481408704e-05
2.53543267158541e-05
2.53540052989871e-05
2.53536838902693e-05
2.53533624897002e-05
2.53530410972796e-05
2.53527197130072e-05
2.53523983368827e-05
2.53520769689057e-05
2.53517556090759e-05
2.53514342573931e-05
2.53511129138569e-05
2.5350791578467e-05
2.53504702512232e-05
2.5350148932125e-05
2.53498276211722e-05
2.53495063183644e-05
2.53491850237015e-05
2.5348863737183e-05
2.53485424588086e-05
2.53482211885781e-05
2.53478999264911e-05
2.53475786725473e-05
2.53472574267464e-05
2.53469361890881e-05
2.53466149595722e-05
2.53462937381981e-05
2.53459725249658e-05
2.53456513198748e-05
2.53453301229249e-05
2.53450089341156e-05
2.53446877534469e-05
2.53443665809182e-05
2.53440454165294e-05
2.534372426028e-05
2.53434031121699e-05
2.53430819721986e-05
2.53427608403659e-05
2.53424397166715e-05
2.53421186011151e-05
2.53417974936962e-05
2.53414763944147e-05
2.53411553032703e-05
2.53408342202625e-05
2.53405131453912e-05
2.5340192078656e-05
2.53398710200565e-05
2.53395499695925e-05
2.53392289272637e-05
2.53389078930698e-05
2.53385868670104e-05
2.53382658490853e-05
2.53379448392941e-05
2.53376238376365e-05
2.53373028441122e-05
2.5336981858721e-05
2.53366608814624e-05
2.53363399123363e-05
2.53360189513422e-05
2.53356979984799e-05
2.5335377053749e-05
2.53350561171493e-05
2.53347351886804e-05
2.53344142683421e-05
2.5334093356134e-05
2.53337724520558e-05
2.53334515561073e-05
2.5333130668288e-05
2.53328097885977e-05
2.53324889170361e-05
2.53321680536029e-05
2.53318471982977e-05
2.53315263511203e-05
2.53312055120703e-05
2.53308846811475e-05
2.53305638583515e-05
2.5330243043682e-05
2.53299222371387e-05
2.53296014387214e-05
2.53292806484296e-05
2.53289598662631e-05
2.53286390922216e-05
2.53283183263047e-05
2.53279975685122e-05
2.53276768188438e-05
2.53273560772991e-05
2.53270353438778e-05
2.53267146185797e-05
2.53263939014043e-05
2.53260731923515e-05
2.53257524914209e-05
2.53254317986122e-05
2.5325111113925e-05
2.53247904373591e-05
2.53244697689142e-05
2.532414910859e-05
2.5323828456386e-05
2.53235078123022e-05
2.5323187176338e-05
2.53228665484933e-05
2.53225459287677e-05
2.53222253171609e-05
2.53219047136726e-05
2.53215841183024e-05
2.53212635310502e-05
2.53209429519155e-05
2.53206223808981e-05
2.53203018179977e-05
2.53199812632139e-05
2.53196607165464e-05
2.5319340177995e-05
2.53190196475592e-05
2.53186991252389e-05
2.53183786110338e-05
2.53180581049433e-05
2.53177376069674e-05
2.53174171171057e-05
2.53170966353579e-05
2.53167761617236e-05
2.53164556962025e-05
2.53161352387944e-05
2.5315814789499e-05
2.53154943483159e-05
2.53151739152448e-05
2.53148534902854e-05
2.53145330734375e-05
2.53142126647006e-05
2.53138922640745e-05
2.53135718715589e-05
2.53132514871535e-05
2.5312931110858e-05
2.5312610742672e-05
2.53122903825953e-05
2.53119700306275e-05
2.53116496867683e-05
2.53113293510175e-05
2.53110090233747e-05
2.53106887038396e-05
2.53103683924119e-05
2.53100480890914e-05
2.53097277938776e-05
2.53094075067703e-05
2.53090872277691e-05
2.53087669568739e-05
2.53084466940841e-05
2.53081264393997e-05
2.53078061928202e-05
2.53074859543453e-05
2.53071657239747e-05
2.53068455017082e-05
2.53065252875454e-05
2.5306205081486e-05
2.53058848835297e-05
2.53055646936761e-05
2.53052445119251e-05
2.53049243382762e-05
2.53046041727292e-05
2.53042840152838e-05
2.53039638659396e-05
2.53036437246964e-05
2.53033235915538e-05
2.53030034665115e-05
2.53026833495692e-05
2.53023632407267e-05
2.53020431399836e-05
2.53017230473395e-05
2.53014029627943e-05
2.53010828863475e-05
2.5300762817999e-05
2.53004427577483e-05
2.53001227055951e-05
2.52998026615392e-05
2.52994826255803e-05
2.5299162597718e-05
2.52988425779521e-05
2.52985225662821e-05
2.52982025627079e-05
2.52978825672291e-05
2.52975625798454e-05
2.52972426005565e-05
2.52969226293621e-05
2.52966026662619e-05
2.52962827112556e-05
2.52959627643428e-05
2.52956428255233e-05
2.52953228947968e-05
2.52950029721629e-05
2.52946830576213e-05
2.52943631511718e-05
2.5294043252814e-05
2.52937233625476e-05
2.52934034803723e-05
2.52930836062879e-05
2.52927637402939e-05
2.52924438823901e-05
2.52921240325763e-05
2.5291804190852e-05
2.52914843572169e-05
2.52911645316709e-05
2.52908447142135e-05
2.52905249048444e-05
2.52902051035634e-05
2.52898853103701e-05
2.52895655252643e-05
2.52892457482456e-05
2.52889259793137e-05
2.52886062184683e-05
2.52882864657091e-05
2.52879667210358e-05
2.52876469844481e-05
2.52873272559457e-05
2.52870075355282e-05
2.52866878231955e-05
2.52863681189471e-05
2.52860484227827e-05
2.52857287347021e-05
2.5285409054705e-05
2.5285089382791e-05
2.52847697189598e-05
2.52844500632111e-05
2.52841304155447e-05
2.52838107759602e-05
2.52834911444572e-05
2.52831715210356e-05
2.5282851905695e-05
2.5282532298435e-05
2.52822126992554e-05
2.52818931081559e-05
2.52815735251362e-05
2.52812539501959e-05
2.52809343833348e-05
2.52806148245525e-05
2.52802952738488e-05
2.52799757312233e-05
2.52796561966757e-05
2.52793366702058e-05
2.52790171518131e-05
2.52786976414975e-05
2.52783781392586e-05
2.52780586450961e-05
2.52777391590096e-05
2.5277419680999e-05
2.52771002110638e-05
2.52767807492038e-05
2.52764612954186e-05
2.52761418497081e-05
2.52758224120717e-05
2.52755029825094e-05
2.52751835610206e-05
2.52748641476052e-05
2.52745447422628e-05
2.52742253449932e-05
2.52739059557959e-05
2.52735865746708e-05
2.52732672016175e-05
2.52729478366357e-05
2.5272628479725e-05
2.52723091308853e-05
2.52719897901161e-05
2.52716704574172e-05
2.52713511327883e-05
2.52710318162291e-05
2.52707125077392e-05
2.52703932073183e-05
2.52700739149662e-05
2.52697546306825e-05
2.5269435354467e-05
2.52691160863193e-05
2.52687968262391e-05
2.52684775742262e-05
2.52681583302801e-05
2.52678390944006e-05
2.52675198665875e-05
2.52672006468403e-05
2.52668814351589e-05
2.52665622315428e-05
2.52662430359918e-05
2.52659238485055e-05
2.52656046690837e-05
2.52652854977261e-05
2.52649663344324e-05
2.52646471792021e-05
2.52643280320352e-05
2.52640088929311e-05
2.52636897618897e-05
2.52633706389106e-05
2.52630515239936e-05
2.52627324171382e-05
2.52624133183443e-05
2.52620942276115e-05
2.52617751449394e-05
2.52614560703279e-05
2.52611370037765e-05
2.52608179452851e-05
2.52604988948532e-05
2.52601798524805e-05
2.52598608181669e-05
2.52595417919119e-05
2.52592227737153e-05
2.52589037635767e-05
2.52585847614958e-05
2.52582657674724e-05
2.52579467815061e-05
2.52576278035967e-05
2.52573088337438e-05
2.52569898719471e-05
2.52566709182063e-05
2.52563519725211e-05
2.52560330348912e-05
2.52557141053163e-05
2.52553951837961e-05
2.52550762703303e-05
2.52547573649186e-05
2.52544384675607e-05
2.52541195782562e-05
2.52538006970049e-05
2.52534818238065e-05
2.52531629586606e-05
2.52528441015669e-05
2.52525252525253e-05
2.52522064115352e-05
2.52518875785965e-05
2.52515687537088e-05
2.52512499368719e-05
2.52509311280853e-05
2.52506123273489e-05
2.52502935346623e-05
2.52499747500253e-05
2.52496559734374e-05
2.52493372048984e-05
2.5249018444408e-05
2.52486996919659e-05
2.52483809475717e-05
2.52480622112253e-05
2.52477434829262e-05
2.52474247626742e-05
2.5247106050469e-05
2.52467873463102e-05
2.52464686501976e-05
2.52461499621308e-05
2.52458312821095e-05
2.52455126101335e-05
2.52451939462025e-05
2.52448752903161e-05
2.5244556642474e-05
2.52442380026759e-05
2.52439193709215e-05
2.52436007472106e-05
2.52432821315427e-05
2.52429635239177e-05
2.52426449243352e-05
2.52423263327948e-05
2.52420077492964e-05
2.52416891738395e-05
2.52413706064239e-05
2.52410520470493e-05
2.52407334957154e-05
2.52404149524218e-05
2.52400964171683e-05
2.52397778899546e-05
2.52394593707803e-05
2.52391408596451e-05
2.52388223565488e-05
2.52385038614911e-05
2.52381853744716e-05
2.523786689549e-05
2.5237548424546e-05
2.52372299616394e-05
2.52369115067698e-05
2.52365930599369e-05
2.52362746211404e-05
2.52359561903801e-05
2.52356377676555e-05
2.52353193529664e-05
2.52350009463125e-05
2.52346825476935e-05
2.52343641571092e-05
2.5234045774559e-05
2.52337274000429e-05
2.52334090335604e-05
2.52330906751113e-05
2.52327723246953e-05
2.5232453982312e-05
2.52321356479612e-05
2.52318173216426e-05
2.52314990033558e-05
2.52311806931005e-05
2.52308623908765e-05
2.52305440966834e-05
2.5230225810521e-05
2.52299075323889e-05
2.52295892622868e-05
2.52292710002144e-05
2.52289527461715e-05
2.52286345001577e-05
2.52283162621727e-05
2.52279980322162e-05
2.52276798102878e-05
2.52273615963874e-05
2.52270433905146e-05
2.52267251926691e-05
2.52264070028506e-05
2.52260888210587e-05
2.52257706472933e-05
2.52254524815539e-05
2.52251343238403e-05
2.52248161741521e-05
2.52244980324892e-05
2.5224179898851e-05
2.52238617732375e-05
2.52235436556482e-05
2.52232255460828e-05
2.52229074445411e-05
2.52225893510228e-05
2.52222712655275e-05
2.52219531880549e-05
2.52216351186047e-05
2.52213170571767e-05
2.52209990037705e-05
2.52206809583859e-05
2.52203629210224e-05
2.52200448916799e-05
2.5219726870358e-05
2.52194088570564e-05
2.52190908517748e-05
2.52187728545129e-05
2.52184548652704e-05
2.5218136884047e-05
2.52178189108424e-05
2.52175009456563e-05
2.52171829884884e-05
2.52168650393383e-05
2.52165470982058e-05
2.52162291650907e-05
2.52159112399924e-05
2.52155933229109e-05
2.52152754138457e-05
2.52149575127966e-05
2.52146396197632e-05
2.52143217347453e-05
2.52140038577426e-05
2.52136859887547e-05
2.52133681277813e-05
2.52130502748222e-05
2.52127324298771e-05
2.52124145929456e-05
2.52120967640274e-05
2.52117789431222e-05
2.52114611302298e-05
2.52111433253498e-05
2.52108255284819e-05
2.52105077396259e-05
2.52101899587813e-05
2.5209872185948e-05
2.52095544211256e-05
2.52092366643138e-05
2.52089189155123e-05
2.52086011747208e-05
2.5208283441939e-05
2.52079657171666e-05
2.52076480004033e-05
2.52073302916488e-05
2.52070125909028e-05
2.5206694898165e-05
2.5206377213435e-05
2.52060595367126e-05
2.52057418679975e-05
2.52054242072894e-05
2.5205106554588e-05
2.52047889098929e-05
2.52044712732039e-05
2.52041536445206e-05
2.52038360238428e-05
2.52035184111702e-05
2.52032008065024e-05
2.52028832098392e-05
2.52025656211802e-05
2.52022480405252e-05
2.52019304678738e-05
2.52016129032258e-05
2.52012953465808e-05
2.52009777979386e-05
2.52006602572987e-05
2.52003427246611e-05
2.52000252000252e-05
2.51997076833909e-05
2.51993901747578e-05
2.51990726741256e-05
2.5198755181494e-05
2.51984376968628e-05
2.51981202202316e-05
2.51978027516001e-05
2.5197485290968e-05
2.5197167838335e-05
2.51968503937008e-05
2.51965329570651e-05
2.51962155284276e-05
2.51958981077881e-05
2.51955806951461e-05
2.51952632905014e-05
2.51949458938537e-05
2.51946285052027e-05
2.51943111245481e-05
2.51939937518895e-05
2.51936763872268e-05
2.51933590305595e-05
2.51930416818875e-05
2.51927243412103e-05
2.51924070085276e-05
2.51920896838393e-05
2.51917723671449e-05
2.51914550584442e-05
2.51911377577368e-05
2.51908204650225e-05
2.5190503180301e-05
2.5190185903572e-05
2.51898686348351e-05
2.518955137409e-05
2.51892341213365e-05
2.51889168765743e-05
2.5188599639803e-05
2.51882824110224e-05
2.51879651902321e-05
2.51876479774319e-05
2.51873307726214e-05
2.51870135758003e-05
2.51866963869684e-05
2.51863792061253e-05
2.51860620332708e-05
2.51857448684045e-05
2.51854277115261e-05
2.51851105626354e-05
2.5184793421732e-05
2.51844762888156e-05
2.51841591638859e-05
2.51838420469427e-05
2.51835249379856e-05
2.51832078370143e-05
2.51828907440285e-05
2.5182573659028e-05
2.51822565820123e-05
2.51819395129813e-05
2.51816224519346e-05
2.51813053988719e-05
2.51809883537929e-05
2.51806713166973e-05
2.51803542875848e-05
2.51800372664552e-05
2.5179720253308e-05
2.5179403248143e-05
2.517908625096e-05
2.51787692617585e-05
2.51784522805383e-05
2.51781353072991e-05
2.51778183420407e-05
2.51775013847626e-05
2.51771844354646e-05
2.51768674941464e-05
2.51765505608077e-05
2.51762336354481e-05
2.51759167180675e-05
2.51755998086654e-05
2.51752829072417e-05
2.51749660137959e-05
2.51746491283278e-05
2.5174332250837e-05
2.51740153813234e-05
2.51736985197865e-05
2.51733816662261e-05
2.51730648206419e-05
2.51727479830336e-05
2.51724311534008e-05
2.51721143317433e-05
2.51717975180608e-05
2.51714807123529e-05
2.51711639146194e-05
2.517084712486e-05
2.51705303430743e-05
2.51702135692621e-05
2.51698968034231e-05
2.51695800455569e-05
2.51692632956633e-05
2.5168946553742e-05
2.51686298197926e-05
2.51683130938149e-05
2.51679963758085e-05
2.51676796657732e-05
2.51673629637087e-05
2.51670462696146e-05
2.51667295834906e-05
2.51664129053365e-05
2.5166096235152e-05
2.51657795729367e-05
2.51654629186904e-05
2.51651462724127e-05
2.51648296341034e-05
2.51645130037621e-05
2.51641963813886e-05
2.51638797669825e-05
2.51635631605435e-05
2.51632465620714e-05
2.51629299715659e-05
2.51626133890266e-05
2.51622968144532e-05
2.51619802478455e-05
2.51616636892031e-05
2.51613471385258e-05
2.51610305958132e-05
2.51607140610651e-05
2.5160397534281e-05
2.51600810154609e-05
2.51597645046042e-05
2.51594480017108e-05
2.51591315067804e-05
2.51588150198126e-05
2.51584985408071e-05
2.51581820697636e-05
2.51578656066819e-05
2.51575491515617e-05
2.51572327044025e-05
2.51569162652042e-05
2.51565998339664e-05
2.51562834106889e-05
2.51559669953713e-05
2.51556505880133e-05
2.51553341886147e-05
2.51550177971751e-05
2.51547014136942e-05
2.51543850381718e-05
2.51540686706075e-05
2.5153752311001e-05
2.5153435959352e-05
2.51531196156603e-05
2.51528032799255e-05
2.51524869521474e-05
2.51521706323256e-05
2.51518543204598e-05
2.51515380165497e-05
2.51512217205951e-05
2.51509054325956e-05
2.51505891525509e-05
2.51502728804608e-05
2.51499566163248e-05
2.51496403601429e-05
2.51493241119145e-05
2.51490078716395e-05
2.51486916393175e-05
2.51483754149482e-05
2.51480591985314e-05
2.51477429900666e-05
2.51474267895538e-05
2.51471105969924e-05
2.51467944123823e-05
2.51464782357231e-05
2.51461620670145e-05
2.51458459062563e-05
2.51455297534481e-05
2.51452136085896e-05
2.51448974716806e-05
2.51445813427206e-05
2.51442652217096e-05
2.5143949108647e-05
2.51436330035327e-05
2.51433169063663e-05
2.51430008171475e-05
2.51426847358761e-05
2.51423686625517e-05
2.5142052597174e-05
2.51417365397428e-05
2.51414204902577e-05
2.51411044487184e-05
2.51407884151247e-05
2.51404723894762e-05
2.51401563717726e-05
2.51398403620137e-05
2.51395243601991e-05
2.51392083663285e-05
2.51388923804017e-05
2.51385764024183e-05
2.51382604323781e-05
2.51379444702807e-05
2.51376285161258e-05
2.51373125699131e-05
2.51369966316425e-05
2.51366807013134e-05
2.51363647789257e-05
2.5136048864479e-05
2.51357329579731e-05
2.51354170594076e-05
2.51351011687822e-05
2.51347852860967e-05
2.51344694113507e-05
2.5134153544544e-05
2.51338376856762e-05
2.51335218347471e-05
2.51332059917563e-05
2.51328901567036e-05
2.51325743295886e-05
2.5132258510411e-05
2.51319426991706e-05
2.51316268958671e-05
2.51313111005001e-05
2.51309953130694e-05
2.51306795335746e-05
2.51303637620155e-05
2.51300479983917e-05
2.5129732242703e-05
2.5129416494949e-05
2.51291007551295e-05
2.51287850232441e-05
2.51284692992926e-05
2.51281535832747e-05
2.512783787519e-05
2.51275221750383e-05
2.51272064828193e-05
2.51268907985326e-05
2.5126575122178e-05
2.51262594537551e-05
2.51259437932637e-05
2.51256281407035e-05
2.51253124960742e-05
2.51249968593754e-05
2.51246812306069e-05
2.51243656097684e-05
2.51240499968595e-05
2.512373439188e-05
2.51234187948296e-05
2.5123103205708e-05
2.51227876245148e-05
2.51224720512498e-05
2.51221564859128e-05
2.51218409285032e-05
2.5121525379021e-05
2.51212098374658e-05
2.51208943038372e-05
2.5120578778135e-05
2.5120263260359e-05
2.51199477505087e-05
2.51196322485839e-05
2.51193167545843e-05
2.51190012685096e-05
2.51186857903594e-05
2.51183703201336e-05
2.51180548578318e-05
2.51177394034537e-05
2.5117423956999e-05
2.51171085184674e-05
2.51167930878585e-05
2.51164776651722e-05
2.51161622504081e-05
2.51158468435659e-05
2.51155314446454e-05
2.51152160536461e-05
2.51149006705678e-05
2.51145852954103e-05
2.51142699281732e-05
2.51139545688562e-05
2.5113639217459e-05
2.51133238739813e-05
2.51130085384229e-05
2.51126932107834e-05
2.51123778910625e-05
2.51120625792599e-05
2.51117472753754e-05
2.51114319794086e-05
2.51111166913593e-05
2.5110801411227e-05
2.51104861390117e-05
2.51101708747128e-05
2.51098556183302e-05
2.51095403698635e-05
2.51092251293125e-05
2.51089098966768e-05
2.51085946719562e-05
2.51082794551503e-05
2.51079642462589e-05
2.51076490452816e-05
2.51073338522182e-05
2.51070186670684e-05
2.51067034898318e-05
2.51063883205082e-05
2.51060731590972e-05
2.51057580055986e-05
2.51054428600121e-05
2.51051277223373e-05
2.5104812592574e-05
2.51044974707219e-05
2.51041823567806e-05
2.510386725075e-05
2.51035521526296e-05
2.51032370624192e-05
2.51029219801185e-05
2.51026069057272e-05
2.51022918392449e-05
2.51019767806715e-05
2.51016617300065e-05
2.51013466872498e-05
2.51010316524009e-05
2.51007166254597e-05
2.51004016064257e-05
2.51000865952988e-05
2.50997715920785e-05
2.50994565967647e-05
2.5099141609357e-05
2.50988266298551e-05
2.50985116582587e-05
2.50981966945675e-05
2.50978817387812e-05
2.50975667908996e-05
2.50972518509223e-05
2.50969369188491e-05
2.50966219946795e-05
2.50963070784134e-05
2.50959921700504e-05
2.50956772695903e-05
2.50953623770327e-05
2.50950474923774e-05
2.5094732615624e-05
2.50944177467722e-05
2.50941028858218e-05
2.50937880327725e-05
2.50934731876239e-05
2.50931583503758e-05
2.50928435210278e-05
2.50925286995797e-05
2.50922138860312e-05
2.50918990803819e-05
2.50915842826316e-05
2.509126949278e-05
2.50909547108267e-05
2.50906399367716e-05
2.50903251706142e-05
2.50900104123543e-05
2.50896956619916e-05
2.50893809195258e-05
2.50890661849566e-05
2.50887514582837e-05
2.50884367395068e-05
2.50881220286255e-05
2.50878073256397e-05
2.5087492630549e-05
2.50871779433532e-05
2.50868632640518e-05
2.50865485926446e-05
2.50862339291314e-05
2.50859192735118e-05
2.50856046257855e-05
2.50852899859522e-05
2.50849753540117e-05
2.50846607299636e-05
2.50843461138077e-05
2.50840315055436e-05
2.5083716905171e-05
2.50834023126897e-05
2.50830877280993e-05
2.50827731513996e-05
2.50824585825903e-05
2.5082144021671e-05
2.50818294686414e-05
2.50815149235014e-05
2.50812003862505e-05
2.50808858568885e-05
2.5080571335415e-05
2.50802568218299e-05
2.50799423161327e-05
2.50796278183232e-05
2.50793133284011e-05
2.50789988463661e-05
2.50786843722178e-05
2.50783699059561e-05
2.50780554475806e-05
2.5077740997091e-05
2.5077426554487e-05
2.50771121197683e-05
2.50767976929346e-05
2.50764832739857e-05
2.50761688629211e-05
2.50758544597407e-05
2.50755400644441e-05
2.50752256770311e-05
2.50749112975013e-05
2.50745969258544e-05
2.50742825620902e-05
2.50739682062083e-05
2.50736538582085e-05
2.50733395180904e-05
2.50730251858538e-05
2.50727108614983e-05
2.50723965450238e-05
2.50720822364297e-05
2.5071767935716e-05
2.50714536428822e-05
2.50711393579281e-05
2.50708250808534e-05
2.50705108116578e-05
2.5070196550341e-05
2.50698822969026e-05
2.50695680513425e-05
2.50692538136602e-05
2.50689395838556e-05
2.50686253619283e-05
2.5068311147878e-05
2.50679969417044e-05
2.50676827434072e-05
2.50673685529861e-05
2.50670543704409e-05
2.50667401957712e-05
2.50664260289768e-05
2.50661118700573e-05
2.50657977190124e-05
2.50654835758419e-05
2.50651694405454e-05
2.50648553131227e-05
2.50645411935735e-05
2.50642270818974e-05
2.50639129780941e-05
2.50635988821635e-05
2.50632847941051e-05
2.50629707139187e-05
2.5062656641604e-05
2.50623425771607e-05
2.50620285205885e-05
2.5061714471887e-05
2.50614004310561e-05
2.50610863980954e-05
2.50607723730045e-05
2.50604583557833e-05
2.50601443464314e-05
2.50598303449486e-05
2.50595163513344e-05
2.50592023655887e-05
2.50588883877111e-05
2.50585744177014e-05
2.50582604555592e-05
2.50579465012842e-05
2.50576325548762e-05
2.50573186163349e-05
2.50570046856599e-05
2.50566907628509e-05
2.50563768479078e-05
2.50560629408301e-05
2.50557490416176e-05
2.505543515027e-05
2.50551212667869e-05
2.50548073911682e-05
2.50544935234134e-05
2.50541796635224e-05
2.50538658114947e-05
2.50535519673302e-05
2.50532381310284e-05
2.50529243025892e-05
2.50526104820122e-05
2.50522966692972e-05
2.50519828644437e-05
2.50516690674516e-05
2.50513552783206e-05
2.50510414970502e-05
2.50507277236404e-05
2.50504139580907e-05
2.50501002004008e-05
2.50497864505705e-05
2.50494727085995e-05
2.50491589744874e-05
2.50488452482341e-05
2.50485315298391e-05
2.50482178193022e-05
2.5047904116623e-05
2.50475904218014e-05
2.5047276734837e-05
2.50469630557295e-05
2.50466493844786e-05
2.5046335721084e-05
2.50460220655454e-05
2.50457084178626e-05
2.50453947780352e-05
2.50450811460629e-05
2.50447675219455e-05
2.50444539056826e-05
2.50441402972739e-05
2.50438266967193e-05
2.50435131040182e-05
2.50431995191706e-05
2.5042885942176e-05
2.50425723730342e-05
2.50422588117448e-05
2.50419452583077e-05
2.50416317127224e-05
2.50413181749887e-05
2.50410046451064e-05
2.5040691123075e-05
2.50403776088943e-05
2.50400641025641e-05
2.5039750604084e-05
2.50394371134537e-05
2.50391236306729e-05
2.50388101557414e-05
2.50384966886588e-05
2.50381832294249e-05
2.50378697780393e-05
2.50375563345018e-05
2.5037242898812e-05
2.50369294709697e-05
2.50366160509746e-05
2.50363026388263e-05
2.50359892345246e-05
2.50356758380692e-05
2.50353624494599e-05
2.50350490686962e-05
2.50347356957779e-05
2.50344223307047e-05
2.50341089734764e-05
2.50337956240925e-05
2.50334822825529e-05
2.50331689488572e-05
2.50328556230052e-05
2.50325423049965e-05
2.50322289948308e-05
2.50319156925079e-05
2.50316023980275e-05
2.50312891113892e-05
2.50309758325928e-05
2.5030662561638e-05
2.50303492985245e-05
2.50300360432519e-05
2.502972279582e-05
2.50294095562286e-05
2.50290963244772e-05
2.50287831005657e-05
2.50284698844936e-05
2.50281566762608e-05
2.50278434758669e-05
2.50275302833116e-05
2.50272170985947e-05
2.50269039217158e-05
2.50265907526747e-05
2.5026277591471e-05
2.50259644381045e-05
2.50256512925749e-05
2.50253381548818e-05
2.5025025025025e-05
2.50247119030042e-05
2.50243987888191e-05
2.50240856824694e-05
2.50237725839548e-05
2.50234594932749e-05
2.50231464104296e-05
2.50228333354186e-05
2.50225202682414e-05
2.50222072088979e-05
2.50218941573877e-05
2.50215811137106e-05
2.50212680778662e-05
2.50209550498543e-05
2.50206420296745e-05
2.50203290173266e-05
2.50200160128102e-05
2.50197030161252e-05
2.50193900272711e-05
2.50190770462478e-05
2.50187640730548e-05
2.50184511076919e-05
2.50181381501589e-05
2.50178252004553e-05
2.5017512258581e-05
2.50171993245356e-05
2.50168863983189e-05
2.50165734799305e-05
2.50162605693701e-05
2.50159476666375e-05
2.50156347717323e-05
2.50153218846544e-05
2.50150090054032e-05
2.50146961339787e-05
2.50143832703805e-05
2.50140704146082e-05
2.50137575666617e-05
2.50134447265405e-05
2.50131318942445e-05
2.50128190697733e-05
2.50125062531266e-05
2.50121934443041e-05
2.50118806433056e-05
2.50115678501307e-05
2.50112550647792e-05
2.50109422872507e-05
2.5010629517545e-05
2.50103167556617e-05
2.50100040016006e-05
2.50096912553615e-05
2.50093785169439e-05
2.50090657863476e-05
2.50087530635723e-05
2.50084403486177e-05
2.50081276414835e-05
2.50078149421694e-05
2.50075022506752e-05
2.50071895670005e-05
2.50068768911451e-05
2.50065642231086e-05
2.50062515628907e-05
2.50059389104912e-05
2.50056262659098e-05
2.50053136291462e-05
2.50050010002e-05
2.50046883790711e-05
2.5004375765759e-05
2.50040631602635e-05
2.50037505625844e-05
2.50034379727212e-05
2.50031253906738e-05
2.50028128164419e-05
2.5002500250025e-05
2.5002187691423e-05
2.50018751406355e-05
2.50015625976624e-05
2.50012500625031e-05
2.50009375351576e-05
2.50006250156254e-05
2.50003125039063e-05
2.5e-05
2.49996875039062e-05
2.49993750156246e-05
2.49990625351549e-05
2.49987500624969e-05
2.49984375976501e-05
2.49981251406145e-05
2.49978126913895e-05
2.4997500249975e-05
2.49971878163707e-05
2.49968753905762e-05
2.49965629725913e-05
2.49962505624156e-05
2.4995938160049e-05
2.4995625765491e-05
2.49953133787415e-05
2.49950009998e-05
2.49946886286664e-05
2.49943762653403e-05
2.49940639098214e-05
2.49937515621095e-05
2.49934392222042e-05
2.49931268901052e-05
2.49928145658123e-05
2.49925022493252e-05
2.49921899406435e-05
2.49918776397671e-05
2.49915653466955e-05
2.49912530614285e-05
2.49909407839658e-05
2.49906285143071e-05
2.49903162524522e-05
2.49900039984006e-05
2.49896917521522e-05
2.49893795137067e-05
2.49890672830637e-05
2.49887550602229e-05
2.49884428451841e-05
2.4988130637947e-05
2.49878184385112e-05
2.49875062468766e-05
2.49871940630427e-05
2.49868818870093e-05
2.49865697187762e-05
2.49862575583429e-05
2.49859454057093e-05
2.4985633260875e-05
2.49853211238397e-05
2.49850089946032e-05
2.49846968731652e-05
2.49843847595253e-05
2.49840726536833e-05
2.49837605556388e-05
2.49834484653917e-05
2.49831363829415e-05
2.49828243082881e-05
2.4982512241431e-05
2.49822001823701e-05
2.49818881311049e-05
2.49815760876354e-05
2.4981264051961e-05
2.49809520240816e-05
2.49806400039969e-05
2.49803279917065e-05
2.49800159872102e-05
2.49797039905077e-05
2.49793920015987e-05
2.49790800204828e-05
2.49787680471599e-05
2.49784560816296e-05
2.49781441238916e-05
2.49778321739456e-05
2.49775202317914e-05
2.49772082974286e-05
2.4976896370857e-05
2.49765844520762e-05
2.4976272541086e-05
2.4975960637886e-05
2.49756487424761e-05
2.49753368548558e-05
2.4975024975025e-05
2.49747131029832e-05
2.49744012387303e-05
2.49740893822659e-05
2.49737775335897e-05
2.49734656927015e-05
2.49731538596009e-05
2.49728420342877e-05
2.49725302167616e-05
2.49722184070222e-05
2.49719066050693e-05
2.49715948109026e-05
2.49712830245218e-05
2.49709712459266e-05
2.49706594751167e-05
2.49703477120919e-05
2.49700359568518e-05
2.49697242093961e-05
2.49694124697246e-05
2.49691007378369e-05
2.49687890137328e-05
2.4968477297412e-05
2.49681655888742e-05
2.4967853888119e-05
2.49675421951463e-05
2.49672305099557e-05
2.49669188325469e-05
2.49666071629196e-05
2.49662955010735e-05
2.49659838470085e-05
2.4965672200724e-05
2.49653605622199e-05
2.49650489314959e-05
2.49647373085517e-05
2.49644256933869e-05
2.49641140860014e-05
2.49638024863947e-05
2.49634908945667e-05
2.4963179310517e-05
2.49628677342453e-05
2.49625561657514e-05
2.49622446050349e-05
2.49619330520956e-05
2.49616215069331e-05
2.49613099695472e-05
2.49609984399376e-05
2.4960686918104e-05
2.49603754040461e-05
2.49600638977636e-05
2.49597523992562e-05
2.49594409085236e-05
2.49591294255656e-05
2.49588179503819e-05
2.49585064829721e-05
2.49581950233359e-05
2.49578835714731e-05
2.49575721273834e-05
2.49572606910665e-05
2.49569492625222e-05
2.495663784175e-05
2.49563264287497e-05
2.4956015023521e-05
2.49557036260637e-05
2.49553922363775e-05
2.4955080854462e-05
2.49547694803169e-05
2.49544581139421e-05
2.49541467553371e-05
2.49538354045017e-05
2.49535240614356e-05
2.49532127261385e-05
2.49529013986101e-05
2.49525900788502e-05
2.49522787668584e-05
2.49519674626344e-05
2.4951656166178e-05
2.49513448774889e-05
2.49510335965667e-05
2.49507223234113e-05
2.49504110580222e-05
2.49500998003992e-05
2.4949788550542e-05
2.49494773084504e-05
2.4949166074124e-05
2.49488548475625e-05
2.49485436287657e-05
2.49482324177332e-05
2.49479212144648e-05
2.49476100189602e-05
2.49472988312191e-05
2.49469876512411e-05
2.49466764790261e-05
2.49463653145737e-05
2.49460541578836e-05
2.49457430089555e-05
2.49454318677892e-05
2.49451207343844e-05
2.49448096087407e-05
2.49444984908578e-05
2.49441873807356e-05
2.49438762783737e-05
2.49435651837717e-05
2.49432540969295e-05
2.49429430178467e-05
2.4942631946523e-05
2.49423208829582e-05
2.49420098271519e-05
2.49416987791038e-05
2.49413877388138e-05
2.49410767062814e-05
2.49407656815064e-05
2.49404546644885e-05
2.49401436552275e-05
2.49398326537229e-05
2.49395216599746e-05
2.49392106739822e-05
2.49388996957454e-05
2.4938588725264e-05
2.49382777625377e-05
2.49379668075662e-05
2.49376558603491e-05
2.49373449208863e-05
2.49370339891773e-05
2.4936723065222e-05
2.493641214902e-05
2.4936101240571e-05
2.49357903398748e-05
2.49354794469311e-05
2.49351685617395e-05
2.49348576842998e-05
2.49345468146116e-05
2.49342359526748e-05
2.4933925098489e-05
2.49336142520539e-05
2.49333034133692e-05
2.49329925824347e-05
2.493268175925e-05
2.49323709438149e-05
2.4932060136129e-05
2.49317493361922e-05
2.4931438544004e-05
2.49311277595642e-05
2.49308169828725e-05
2.49305062139287e-05
2.49301954527323e-05
2.49298846992833e-05
2.49295739535811e-05
2.49292632156257e-05
2.49289524854166e-05
2.49286417629535e-05
2.49283310482363e-05
2.49280203412646e-05
2.49277096420381e-05
2.49273989505565e-05
2.49270882668196e-05
2.49267775908269e-05
2.49264669225784e-05
2.49261562620736e-05
2.49258456093123e-05
2.49255349642942e-05
2.49252243270189e-05
2.49249136974863e-05
2.4924603075696e-05
2.49242924616477e-05
2.49239818553412e-05
2.49236712567761e-05
2.49233606659522e-05
2.49230500828691e-05
2.49227395075267e-05
2.49224289399245e-05
2.49221183800623e-05
2.49218078279398e-05
2.49214972835568e-05
2.49211867469129e-05
2.49208762180078e-05
2.49205656968413e-05
2.49202551834131e-05
2.49199446777228e-05
2.49196341797702e-05
2.49193236895551e-05
2.4919013207077e-05
2.49187027323358e-05
2.4918392265331e-05
2.49180818060626e-05
2.491777135453e-05
2.49174609107332e-05
2.49171504746717e-05
2.49168400463453e-05
2.49165296257537e-05
2.49162192128966e-05
2.49159088077738e-05
2.49155984103848e-05
2.49152880207295e-05
2.49149776388076e-05
2.49146672646187e-05
2.49143568981626e-05
2.49140465394389e-05
2.49137361884475e-05
2.4913425845188e-05
2.49131155096601e-05
2.49128051818635e-05
2.49124948617979e-05
2.49121845494631e-05
2.49118742448588e-05
2.49115639479847e-05
2.49112536588404e-05
2.49109433774257e-05
2.49106331037403e-05
2.4910322837784e-05
2.49100125795564e-05
2.49097023290572e-05
2.49093920862861e-05
2.4909081851243e-05
2.49087716239274e-05
2.49084614043391e-05
2.49081511924777e-05
2.49078409883431e-05
2.49075307919349e-05
2.49072206032529e-05
2.49069104222967e-05
2.4906600249066e-05
2.49062900835606e-05
2.49059799257802e-05
2.49056697757244e-05
2.49053596333931e-05
2.49050494987859e-05
2.49047393719025e-05
2.49044292527426e-05
2.4904119141306e-05
2.49038090375923e-05
2.49034989416013e-05
2.49031888533327e-05
2.49028787727861e-05
2.49025686999614e-05
2.49022586348582e-05
2.49019485774762e-05
2.49016385278151e-05
2.49013284858747e-05
2.49010184516547e-05
2.49007084251547e-05
2.49003984063745e-05
2.49000883953138e-05
2.48997783919723e-05
2.48994683963497e-05
2.48991584084458e-05
2.48988484282602e-05
2.48985384557926e-05
2.48982284910429e-05
2.48979185340106e-05
2.48976085846954e-05
2.48972986430972e-05
2.48969887092156e-05
2.48966787830503e-05
2.48963688646011e-05
2.48960589538676e-05
2.48957490508496e-05
2.48954391555467e-05
2.48951292679587e-05
2.48948193880853e-05
2.48945095159263e-05
2.48941996514812e-05
2.48938897947499e-05
2.4893579945732e-05
2.48932701044273e-05
2.48929602708354e-05
2.48926504449561e-05
2.48923406267891e-05
2.48920308163341e-05
2.48917210135909e-05
2.4891411218559e-05
2.48911014312383e-05
2.48907916516285e-05
2.48904818797292e-05
2.48901721155402e-05
2.48898623590612e-05
2.48895526102918e-05
2.48892428692319e-05
2.48889331358811e-05
2.48886234102392e-05
2.48883136923058e-05
2.48880039820806e-05
2.48876942795635e-05
2.4887384584754e-05
2.48870748976519e-05
2.48867652182569e-05
2.48864555465688e-05
2.48861458825872e-05
2.48858362263118e-05
2.48855265777424e-05
2.48852169368786e-05
2.48849073037203e-05
2.4884597678267e-05
2.48842880605186e-05
2.48839784504747e-05
2.4883668848135e-05
2.48833592534992e-05
2.48830496665671e-05
2.48827400873384e-05
2.48824305158128e-05
2.48821209519899e-05
2.48818113958696e-05
2.48815018474515e-05
2.48811923067353e-05
2.48808827737208e-05
2.48805732484076e-05
2.48802637307955e-05
2.48799542208842e-05
2.48796447186734e-05
2.48793352241628e-05
2.48790257373521e-05
2.48787162582411e-05
2.48784067868294e-05
2.48780973231167e-05
2.48777878671029e-05
2.48774784187875e-05
2.48771689781703e-05
2.4876859545251e-05
2.48765501200294e-05
2.4876240702505e-05
2.48759312926778e-05
2.48756218905473e-05
2.48753124961132e-05
2.48750031093754e-05
2.48746937303334e-05
2.48743843589871e-05
2.48740749953361e-05
2.48737656393801e-05
2.48734562911189e-05
2.48731469505522e-05
2.48728376176796e-05
2.48725282925009e-05
2.48722189750159e-05
2.48719096652241e-05
2.48716003631254e-05
2.48712910687194e-05
2.48709817820058e-05
2.48706725029845e-05
2.4870363231655e-05
2.48700539680171e-05
2.48697447120705e-05
2.4869435463815e-05
2.48691262232501e-05
2.48688169903758e-05
2.48685077651915e-05
2.48681985476972e-05
2.48678893378924e-05
2.4867580135777e-05
2.48672709413505e-05
2.48669617546128e-05
2.48666525755635e-05
2.48663434042024e-05
2.48660342405291e-05
2.48657250845435e-05
2.48654159362451e-05
2.48651067956337e-05
2.4864797662709e-05
2.48644885374708e-05
2.48641794199187e-05
2.48638703100525e-05
2.48635612078718e-05
2.48632521133764e-05
2.48629430265661e-05
2.48626339474404e-05
2.48623248759992e-05
2.48620158122421e-05
2.48617067561688e-05
2.48613977077791e-05
2.48610886670727e-05
2.48607796340493e-05
2.48604706087086e-05
2.48601615910503e-05
2.48598525810742e-05
2.48595435787799e-05
2.48592345841672e-05
2.48589255972357e-05
2.48586166179852e-05
2.48583076464154e-05
2.48579986825261e-05
2.48576897263168e-05
2.48573807777874e-05
2.48570718369376e-05
2.4856762903767e-05
2.48564539782755e-05
2.48561450604626e-05
2.48558361503281e-05
2.48555272478717e-05
2.48552183530932e-05
2.48549094659923e-05
2.48546005865686e-05
2.48542917148219e-05
2.48539828507518e-05
2.48536739943582e-05
2.48533651456407e-05
2.48530563045991e-05
2.48527474712329e-05
2.48524386455421e-05
2.48521298275262e-05
2.4851821017185e-05
2.48515122145183e-05
2.48512034195256e-05
2.48508946322068e-05
2.48505858525615e-05
2.48502770805894e-05
2.48499683162904e-05
2.4849659559664e-05
2.48493508107101e-05
2.48490420694282e-05
2.48487333358182e-05
2.48484246098797e-05
2.48481158916125e-05
2.48478071810163e-05
2.48474984780907e-05
2.48471897828356e-05
2.48468810952505e-05
2.48465724153353e-05
2.48462637430896e-05
2.48459550785132e-05
2.48456464216058e-05
2.4845337772367e-05
2.48450291307967e-05
2.48447204968944e-05
2.484441187066e-05
2.48441032520931e-05
2.48437946411935e-05
2.48434860379608e-05
2.48431774423949e-05
2.48428688544953e-05
2.48425602742619e-05
2.48422517016942e-05
2.48419431367922e-05
2.48416345795553e-05
2.48413260299835e-05
2.48410174880763e-05
2.48407089538335e-05
2.48404004272549e-05
2.48400919083401e-05
2.48397833970888e-05
2.48394748935008e-05
2.48391663975757e-05
2.48388579093133e-05
2.48385494287134e-05
2.48382409557755e-05
2.48379324904995e-05
2.4837624032885e-05
2.48373155829318e-05
2.48370071406396e-05
2.4836698706008e-05
2.48363902790368e-05
2.48360818597258e-05
2.48357734480746e-05
2.48354650440829e-05
2.48351566477506e-05
2.48348482590771e-05
2.48345398780624e-05
2.48342315047061e-05
2.48339231390079e-05
2.48336147809675e-05
2.48333064305847e-05
2.48329980878591e-05
2.48326897527906e-05
2.48323814253787e-05
2.48320731056232e-05
2.48317647935239e-05
2.48314564890804e-05
2.48311481922924e-05
2.48308399031597e-05
2.4830531621682e-05
2.4830223347859e-05
2.48299150816904e-05
2.4829606823176e-05
2.48292985723153e-05
2.48289903291083e-05
2.48286820935545e-05
2.48283738656537e-05
2.48280656454056e-05
2.48277574328099e-05
2.48274492278663e-05
2.48271410305746e-05
2.48268328409345e-05
2.48265246589456e-05
2.48262164846077e-05
2.48259083179206e-05
2.48256001588838e-05
2.48252920074972e-05
2.48249838637605e-05
2.48246757276733e-05
2.48243675992354e-05
2.48240594784465e-05
2.48237513653063e-05
2.48234432598146e-05
2.4823135161971e-05
2.48228270717752e-05
2.4822518989227e-05
2.48222109143261e-05
2.48219028470723e-05
2.48215947874651e-05
2.48212867355044e-05
2.48209786911898e-05
2.48206706545211e-05
2.4820362625498e-05
2.48200546041201e-05
2.48197465903873e-05
2.48194385842992e-05
2.48191305858556e-05
2.48188225950561e-05
2.48185146119005e-05
2.48182066363885e-05
2.48178986685197e-05
2.4817590708294e-05
2.48172827557111e-05
2.48169748107706e-05
2.48166668734722e-05
2.48163589438158e-05
2.48160510218009e-05
2.48157431074274e-05
2.48154352006948e-05
2.48151273016031e-05
2.48148194101517e-05
2.48145115263406e-05
2.48142036501694e-05
2.48138957816377e-05
2.48135879207454e-05
2.48132800674921e-05
2.48129722218776e-05
2.48126643839015e-05
2.48123565535637e-05
2.48120487308637e-05
2.48117409158014e-05
2.48114331083763e-05
2.48111253085884e-05
2.48108175164372e-05
2.48105097319224e-05
2.48102019550439e-05
2.48098941858013e-05
2.48095864241943e-05
2.48092786702227e-05
2.48089709238861e-05
2.48086631851843e-05
2.48083554541169e-05
2.48080477306838e-05
2.48077400148846e-05
2.48074323067191e-05
2.48071246061869e-05
2.48068169132878e-05
2.48065092280214e-05
2.48062015503876e-05
2.4805893880386e-05
2.48055862180163e-05
2.48052785632783e-05
2.48049709161716e-05
2.4804663276696e-05
2.48043556448512e-05
2.4804048020637e-05
2.48037404040529e-05
2.48034327950988e-05
2.48031251937744e-05
2.48028176000794e-05
2.48025100140134e-05
2.48022024355763e-05
2.48018948647677e-05
2.48015873015873e-05
2.48012797460349e-05
2.48009721981102e-05
2.48006646578128e-05
2.48003571251426e-05
2.48000496000992e-05
2.47997420826823e-05
2.47994345728917e-05
2.47991270707271e-05
2.47988195761882e-05
2.47985120892746e-05
2.47982046099862e-05
2.47978971383227e-05
2.47975896742837e-05
2.47972822178689e-05
2.47969747690782e-05
2.47966673279111e-05
2.47963598943675e-05
2.4796052468447e-05
2.47957450501494e-05
2.47954376394743e-05
2.47951302364216e-05
2.47948228409908e-05
2.47945154531818e-05
2.47942080729941e-05
2.47939007004277e-05
2.47935933354821e-05
2.47932859781571e-05
2.47929786284524e-05
2.47926712863677e-05
2.47923639519028e-05
2.47920566250573e-05
2.4791749305831e-05
2.47914419942236e-05
2.47911346902348e-05
2.47908273938643e-05
2.47905201051118e-05
2.47902128239771e-05
2.47899055504599e-05
2.47895982845598e-05
2.47892910262766e-05
2.47889837756101e-05
2.47886765325599e-05
2.47883692971258e-05
2.47880620693074e-05
2.47877548491045e-05
2.47874476365169e-05
2.47871404315441e-05
2.4786833234186e-05
2.47865260444422e-05
2.47862188623126e-05
2.47859116877967e-05
2.47856045208943e-05
2.47852973616051e-05
2.47849902099289e-05
2.47846830658653e-05
2.47843759294141e-05
2.4784068800575e-05
2.47837616793477e-05
2.47834545657319e-05
2.47831474597274e-05
2.47828403613338e-05
2.47825332705509e-05
2.47822261873784e-05
2.4781919111816e-05
2.47816120438635e-05
2.47813049835204e-05
2.47809979307867e-05
2.47806908856619e-05
2.47803838481458e-05
2.47800768182381e-05
2.47797697959386e-05
2.47794627812469e-05
2.47791557741628e-05
2.47788487746859e-05
2.47785417828161e-05
2.4778234798553e-05
2.47779278218963e-05
2.47776208528457e-05
2.4777313891401e-05
2.47770069375619e-05
2.47766999913282e-05
2.47763930526994e-05
2.47760861216754e-05
2.47757791982558e-05
2.47754722824404e-05
2.47751653742289e-05
2.4774858473621e-05
2.47745515806164e-05
2.47742446952149e-05
2.47739378174161e-05
2.47736309472198e-05
2.47733240846257e-05
2.47730172296335e-05
2.47727103822429e-05
2.47724035424537e-05
2.47720967102656e-05
2.47717898856782e-05
2.47714830686913e-05
2.47711762593047e-05
2.4770869457518e-05
2.47705626633309e-05
2.47702558767432e-05
2.47699490977546e-05
2.47696423263648e-05
2.47693355625735e-05
2.47690288063805e-05
2.47687220577854e-05
2.4768415316788e-05
2.4768108583388e-05
2.47678018575851e-05
2.47674951393791e-05
2.47671884287696e-05
2.47668817257563e-05
2.47665750303391e-05
2.47662683425175e-05
2.47659616622913e-05
2.47656549896603e-05
2.47653483246242e-05
2.47650416671826e-05
2.47647350173353e-05
2.4764428375082e-05
2.47641217404225e-05
2.47638151133564e-05
2.47635084938834e-05
2.47632018820033e-05
2.47628952777159e-05
2.47625886810207e-05
2.47622820919176e-05
2.47619755104062e-05
2.47616689364863e-05
2.47613623701576e-05
2.47610558114198e-05
2.47607492602726e-05
2.47604427167158e-05
2.4760136180749e-05
2.4759829652372e-05
2.47595231315845e-05
2.47592166183862e-05
2.47589101127768e-05
2.47586036147561e-05
2.47582971243238e-05
2.47579906414795e-05
2.47576841662231e-05
2.47573776985542e-05
2.47570712384725e-05
2.47567647859778e-05
2.47564583410697e-05
2.47561519037481e-05
2.47558454740126e-05
2.47555390518629e-05
2.47552326372987e-05
2.47549262303198e-05
2.47546198309259e-05
2.47543134391168e-05
2.4754007054892e-05
2.47537006782514e-05
2.47533943091946e-05
2.47530879477215e-05
2.47527815938316e-05
2.47524752475248e-05
2.47521689088006e-05
2.4751862577659e-05
2.47515562540995e-05
2.47512499381219e-05
2.47509436297259e-05
2.47506373289112e-05
2.47503310356776e-05
2.47500247500248e-05
2.47497184719524e-05
2.47494122014602e-05
2.4749105938548e-05
2.47487996832154e-05
2.47484934354621e-05
2.47481871952879e-05
2.47478809626926e-05
2.47475747376757e-05
2.47472685202371e-05
2.47469623103764e-05
2.47466561080934e-05
2.47463499133878e-05
2.47460437262593e-05
2.47457375467076e-05
2.47454313747324e-05
2.47451252103336e-05
2.47448190535107e-05
2.47445129042635e-05
2.47442067625917e-05
2.47439006284951e-05
2.47435945019733e-05
2.47432883830261e-05
2.47429822716532e-05
2.47426761678543e-05
2.47423700716292e-05
2.47420639829775e-05
2.47417579018989e-05
2.47414518283933e-05
2.47411457624603e-05
2.47408397040996e-05
2.47405336533109e-05
2.4740227610094e-05
2.47399215744486e-05
2.47396155463744e-05
2.47393095258711e-05
2.47390035129385e-05
2.47386975075762e-05
2.4738391509784e-05
2.47380855195616e-05
2.47377795369088e-05
2.47374735618251e-05
2.47371675943105e-05
2.47368616343644e-05
2.47365556819868e-05
2.47362497371773e-05
2.47359437999357e-05
2.47356378702616e-05
2.47353319481547e-05
2.47350260336149e-05
2.47347201266418e-05
2.47344142272351e-05
2.47341083353945e-05
2.47338024511198e-05
2.47334965744107e-05
2.47331907052669e-05
2.47328848436882e-05
2.47325789896741e-05
2.47322731432246e-05
2.47319673043392e-05
2.47316614730178e-05
2.47313556492599e-05
2.47310498330654e-05
2.4730744024434e-05
2.47304382233653e-05
2.47301324298592e-05
2.47298266439152e-05
2.47295208655332e-05
2.47292150947129e-05
2.47289093314539e-05
2.47286035757561e-05
2.4728297827619e-05
2.47279920870425e-05
2.47276863540263e-05
2.472738062857e-05
2.47270749106734e-05
2.47267692003363e-05
2.47264634975583e-05
2.47261578023391e-05
2.47258521146785e-05
2.47255464345762e-05
2.47252407620319e-05
2.47249350970454e-05
2.47246294396163e-05
2.47243237897444e-05
2.47240181474293e-05
2.47237125126709e-05
2.47234068854688e-05
2.47231012658228e-05
2.47227956537325e-05
2.47224900491978e-05
2.47221844522182e-05
2.47218788627936e-05
2.47215732809236e-05
2.4721267706608e-05
2.47209621398465e-05
2.47206565806388e-05
2.47203510289846e-05
2.47200454848837e-05
2.47197399483357e-05
2.47194344193405e-05
2.47191288978976e-05
2.47188233840069e-05
2.47185178776681e-05
2.47182123788808e-05
2.47179068876448e-05
2.47176014039598e-05
2.47172959278255e-05
2.47169904592417e-05
2.4716684998208e-05
2.47163795447243e-05
2.47160740987901e-05
2.47157686604053e-05
2.47154632295696e-05
2.47151578062826e-05
2.47148523905441e-05
2.47145469823538e-05
2.47142415817115e-05
2.47139361886168e-05
2.47136308030694e-05
2.47133254250692e-05
2.47130200546158e-05
2.47127146917089e-05
2.47124093363482e-05
2.47121039885336e-05
2.47117986482646e-05
2.47114933155411e-05
2.47111879903626e-05
2.47108826727291e-05
2.47105773626401e-05
2.47102720600954e-05
2.47099667650947e-05
2.47096614776378e-05
2.47093561977243e-05
2.4709050925354e-05
2.47087456605265e-05
2.47084404032417e-05
2.47081351534993e-05
2.47078299112989e-05
2.47075246766403e-05
2.47072194495232e-05
2.47069142299473e-05
2.47066090179123e-05
2.4706303813418e-05
2.47059986164641e-05
2.47056934270503e-05
2.47053882451763e-05
2.47050830708418e-05
2.47047779040466e-05
2.47044727447904e-05
2.4704167593073e-05
2.47038624488939e-05
2.4703557312253e-05
2.47032521831499e-05
2.47029470615844e-05
2.47026419475563e-05
2.47023368410652e-05
2.47020317421108e-05
2.47017266506929e-05
2.47014215668112e-05
2.47011164904654e-05
2.47008114216552e-05
2.47005063603804e-05
2.47002013066406e-05
2.46998962604357e-05
2.46995912217653e-05
2.46992861906291e-05
2.46989811670269e-05
2.46986761509583e-05
2.46983711424232e-05
2.46980661414211e-05
2.46977611479519e-05
2.46974561620153e-05
2.4697151183611e-05
2.46968462127386e-05
2.4696541249398e-05
2.46962362935889e-05
2.46959313453109e-05
2.46956264045638e-05
2.46953214713473e-05
2.46950165456611e-05
2.4694711627505e-05
2.46944067168786e-05
2.46941018137818e-05
2.46937969182141e-05
2.46934920301754e-05
2.46931871496654e-05
2.46928822766837e-05
2.46925774112302e-05
2.46922725533044e-05
2.46919677029062e-05
2.46916628600353e-05
2.46913580246914e-05
2.46910531968741e-05
2.46907483765833e-05
2.46904435638186e-05
2.46901387585798e-05
2.46898339608666e-05
2.46895291706787e-05
2.46892243880159e-05
2.46889196128777e-05
2.46886148452641e-05
2.46883100851747e-05
2.46880053326092e-05
2.46877005875673e-05
2.46873958500488e-05
2.46870911200533e-05
2.46867863975807e-05
2.46864816826306e-05
2.46861769752027e-05
2.46858722752968e-05
2.46855675829127e-05
2.46852628980499e-05
2.46849582207082e-05
2.46846535508874e-05
2.46843488885872e-05
2.46840442338073e-05
2.46837395865474e-05
2.46834349468072e-05
2.46831303145865e-05
2.4682825689885e-05
2.46825210727024e-05
2.46822164630384e-05
2.46819118608927e-05
2.46816072662652e-05
2.46813026791554e-05
2.46809980995631e-05
2.46806935274881e-05
2.46803889629301e-05
2.46800844058887e-05
2.46797798563637e-05
2.46794753143548e-05
2.46791707798618e-05
2.46788662528843e-05
2.46785617334222e-05
2.4678257221475e-05
2.46779527170426e-05
2.46776482201246e-05
2.46773437307208e-05
2.46770392488309e-05
2.46767347744546e-05
2.46764303075917e-05
2.46761258482418e-05
2.46758213964047e-05
2.46755169520801e-05
2.46752125152678e-05
2.46749080859674e-05
2.46746036641786e-05
2.46742992499013e-05
2.46739948431351e-05
2.46736904438797e-05
2.46733860521349e-05
2.46730816679003e-05
2.46727772911758e-05
2.4672472921961e-05
2.46721685602556e-05
2.46718642060594e-05
2.46715598593721e-05
2.46712555201934e-05
2.46709511885231e-05
2.46706468643608e-05
2.46703425477063e-05
2.46700382385593e-05
2.46697339369195e-05
2.46694296427867e-05
2.46691253561605e-05
2.46688210770407e-05
2.46685168054271e-05
2.46682125413193e-05
2.4667908284717e-05
2.466760403562e-05
2.4667299794028e-05
2.46669955599408e-05
2.4666691333358e-05
2.46663871142794e-05
2.46660829027046e-05
2.46657786986335e-05
2.46654745020657e-05
2.4665170313001e-05
2.46648661314391e-05
2.46645619573796e-05
2.46642577908224e-05
2.46639536317672e-05
2.46636494802136e-05
2.46633453361614e-05
2.46630411996103e-05
2.46627370705601e-05
2.46624329490104e-05
2.4662128834961e-05
2.46618247284117e-05
2.4661520629362e-05
2.46612165378118e-05
2.46609124537608e-05
2.46606083772087e-05
2.46603043081552e-05
2.46600002466e-05
2.46596961925429e-05
2.46593921459836e-05
2.46590881069218e-05
2.46587840753572e-05
2.46584800512896e-05
2.46581760347187e-05
2.46578720256442e-05
2.46575680240658e-05
2.46572640299832e-05
2.46569600433963e-05
2.46566560643046e-05
2.46563520927079e-05
2.46560481286059e-05
2.46557441719985e-05
2.46554402228852e-05
2.46551362812658e-05
2.465483234714e-05
2.46545284205076e-05
2.46542245013683e-05
2.46539205897218e-05
2.46536166855678e-05
2.4653312788906e-05
2.46530088997362e-05
2.46527050180581e-05
2.46524011438714e-05
2.46520972771759e-05
2.46517934179712e-05
2.4651489566257e-05
2.46511857220332e-05
2.46508818852994e-05
2.46505780560554e-05
2.46502742343009e-05
2.46499704200355e-05
2.46496666132591e-05
2.46493628139713e-05
2.46490590221718e-05
2.46487552378605e-05
2.4648451461037e-05
2.4648147691701e-05
2.46478439298522e-05
2.46475401754905e-05
2.46472364286154e-05
2.46469326892268e-05
2.46466289573244e-05
2.46463252329078e-05
2.46460215159768e-05
2.46457178065311e-05
2.46454141045705e-05
2.46451104100946e-05
2.46448067231033e-05
2.46445030435961e-05
2.46441993715729e-05
2.46438957070334e-05
2.46435920499772e-05
2.46432884004041e-05
2.46429847583139e-05
2.46426811237063e-05
2.46423774965809e-05
2.46420738769375e-05
2.46417702647758e-05
2.46414666600956e-05
2.46411630628966e-05
2.46408594731784e-05
2.46405558909409e-05
2.46402523161837e-05
2.46399487489066e-05
2.46396451891093e-05
2.46393416367915e-05
2.46390380919529e-05
2.46387345545933e-05
2.46384310247123e-05
2.46381275023098e-05
2.46378239873854e-05
2.46375204799389e-05
2.46372169799699e-05
2.46369134874783e-05
2.46366100024637e-05
2.46363065249258e-05
2.46360030548644e-05
2.46356995922792e-05
2.46353961371699e-05
2.46350926895362e-05
2.4634789249378e-05
2.46344858166948e-05
2.46341823914864e-05
2.46338789737526e-05
2.4633575563493e-05
2.46332721607075e-05
2.46329687653956e-05
2.46326653775572e-05
2.46323619971919e-05
2.46320586242995e-05
2.46317552588797e-05
2.46314519009323e-05
2.46311485504569e-05
2.46308452074533e-05
2.46305418719212e-05
2.46302385438603e-05
2.46299352232704e-05
2.46296319101511e-05
2.46293286045022e-05
2.46290253063235e-05
2.46287220156146e-05
2.46284187323753e-05
2.46281154566053e-05
2.46278121883043e-05
2.4627508927472e-05
2.46272056741082e-05
2.46269024282126e-05
2.46265991897849e-05
2.46262959588248e-05
2.46259927353321e-05
2.46256895193065e-05
2.46253863107477e-05
2.46250831096555e-05
2.46247799160295e-05
2.46244767298695e-05
2.46241735511752e-05
2.46238703799463e-05
2.46235672161826e-05
2.46232640598838e-05
2.46229609110496e-05
2.46226577696797e-05
2.46223546357738e-05
2.46220515093318e-05
2.46217483903532e-05
2.46214452788379e-05
2.46211421747855e-05
2.46208390781958e-05
2.46205359890685e-05
2.46202329074033e-05
2.46199298332e-05
2.46196267664582e-05
2.46193237071778e-05
2.46190206553583e-05
2.46187176109996e-05
2.46184145741014e-05
2.46181115446634e-05
2.46178085226853e-05
2.46175055081669e-05
2.46172025011078e-05
2.46168995015078e-05
2.46165965093666e-05
2.4616293524684e-05
2.46159905474596e-05
2.46156875776933e-05
2.46153846153846e-05
2.46150816605334e-05
2.46147787131394e-05
2.46144757732022e-05
2.46141728407217e-05
2.46138699156975e-05
2.46135669981294e-05
2.4613264088017e-05
2.46129611853602e-05
2.46126582901586e-05
2.4612355402412e-05
2.46120525221201e-05
2.46117496492826e-05
2.46114467838992e-05
2.46111439259697e-05
2.46108410754938e-05
2.46105382324711e-05
2.46102353969016e-05
2.46099325687848e-05
2.46096297481204e-05
2.46093269349083e-05
2.46090241291482e-05
2.46087213308396e-05
2.46084185399825e-05
2.46081157565765e-05
2.46078129806213e-05
2.46075102121167e-05
2.46072074510624e-05
2.46069046974581e-05
2.46066019513035e-05
2.46062992125984e-05
2.46059964813425e-05
2.46056937575355e-05
2.46053910411771e-05
2.46050883322671e-05
2.46047856308052e-05
2.46044829367911e-05
2.46041802502245e-05
2.46038775711052e-05
2.46035748994329e-05
2.46032722352073e-05
2.46029695784281e-05
2.46026669290951e-05
2.4602364287208e-05
2.46020616527665e-05
2.46017590257703e-05
2.46014564062192e-05
2.46011537941129e-05
2.46008511894512e-05
2.46005485922336e-05
2.460024600246e-05
2.45999434201301e-05
2.45996408452437e-05
2.45993382778003e-05
2.45990357177999e-05
2.4598733165242e-05
2.45984306201264e-05
2.45981280824529e-05
2.45978255522212e-05
2.45975230294309e-05
2.45972205140819e-05
2.45969180061738e-05
2.45966155057064e-05
2.45963130126794e-05
2.45960105270925e-05
2.45957080489455e-05
2.4595405578238e-05
2.45951031149698e-05
2.45948006591407e-05
2.45944982107503e-05
2.45941957697983e-05
2.45938933362846e-05
2.45935909102088e-05
2.45932884915706e-05
2.45929860803699e-05
2.45926836766062e-05
2.45923812802794e-05
2.45920788913891e-05
2.45917765099351e-05
2.45914741359171e-05
2.45911717693348e-05
2.4590869410188e-05
2.45905670584764e-05
2.45902647141996e-05
2.45899623773576e-05
2.45896600479498e-05
2.45893577259762e-05
2.45890554114364e-05
2.45887531043301e-05
2.45884508046571e-05
2.4588148512417e-05
2.45878462276097e-05
2.45875439502348e-05
2.45872416802921e-05
2.45869394177813e-05
2.45866371627021e-05
2.45863349150542e-05
2.45860326748374e-05
2.45857304420514e-05
2.4585428216696e-05
2.45851259987707e-05
2.45848237882755e-05
2.458452158521e-05
2.45842193895738e-05
2.45839172013669e-05
2.45836150205888e-05
2.45833128472393e-05
2.45830106813181e-05
2.4582708522825e-05
2.45824063717597e-05
2.45821042281219e-05
2.45818020919114e-05
2.45814999631277e-05
2.45811978417708e-05
2.45808957278403e-05
2.4580593621336e-05
2.45802915222575e-05
2.45799894306045e-05
2.4579687346377e-05
2.45793852695744e-05
2.45790832001966e-05
2.45787811382434e-05
2.45784790837143e-05
2.45781770366092e-05
2.45778749969278e-05
2.45775729646697e-05
2.45772709398348e-05
2.45769689224228e-05
2.45766669124333e-05
2.45763649098662e-05
2.45760629147211e-05
2.45757609269977e-05
2.45754589466958e-05
2.45751569738152e-05
2.45748550083554e-05
2.45745530503164e-05
2.45742510996977e-05
2.45739491564992e-05
2.45736472207205e-05
2.45733452923614e-05
2.45730433714215e-05
2.45727414579008e-05
2.45724395517987e-05
2.45721376531151e-05
2.45718357618498e-05
2.45715338780023e-05
2.45712320015726e-05
2.45709301325602e-05
2.45706282709649e-05
2.45703264167864e-05
2.45700245700246e-05
2.4569722730679e-05
2.45694208987494e-05
2.45691190742356e-05
2.45688172571372e-05
2.45685154474541e-05
2.45682136451859e-05
2.45679118503323e-05
2.45676100628931e-05
2.4567308282868e-05
2.45670065102567e-05
2.4566704745059e-05
2.45664029872746e-05
2.45661012369032e-05
2.45657994939445e-05
2.45654977583983e-05
2.45651960302643e-05
2.45648943095422e-05
2.45645925962318e-05
2.45642908903327e-05
2.45639891918448e-05
2.45636875007676e-05
2.4563385817101e-05
2.45630841408447e-05
2.45627824719984e-05
2.45624808105619e-05
2.45621791565348e-05
2.45618775099169e-05
2.45615758707079e-05
2.45612742389075e-05
2.45609726145155e-05
2.45606709975317e-05
2.45603693879556e-05
2.45600677857871e-05
2.45597661910259e-05
2.45594646036716e-05
2.45591630237242e-05
2.45588614511831e-05
2.45585598860483e-05
2.45582583283194e-05
2.45579567779961e-05
2.45576552350782e-05
2.45573536995653e-05
2.45570521714573e-05
2.45567506507539e-05
2.45564491374547e-05
2.45561476315596e-05
2.45558461330681e-05
2.45555446419802e-05
2.45552431582954e-05
2.45549416820135e-05
2.45546402131343e-05
2.45543387516574e-05
2.45540372975827e-05
2.45537358509097e-05
2.45534344116383e-05
2.45531329797682e-05
2.45528315552991e-05
2.45525301382307e-05
2.45522287285628e-05
2.45519273262951e-05
2.45516259314273e-05
2.45513245439591e-05
2.45510231638904e-05
2.45507217912207e-05
2.45504204259498e-05
2.45501190680775e-05
2.45498177176034e-05
2.45495163745274e-05
2.45492150388491e-05
2.45489137105683e-05
2.45486123896847e-05
2.4548311076198e-05
2.45480097701079e-05
2.45477084714142e-05
2.45474071801166e-05
2.45471058962148e-05
2.45468046197086e-05
2.45465033505977e-05
2.45462020888818e-05
2.45459008345606e-05
2.45455995876339e-05
2.45452983481014e-05
2.45449971159628e-05
2.45446958912179e-05
2.45443946738664e-05
2.45440934639079e-05
2.45437922613423e-05
2.45434910661693e-05
2.45431898783885e-05
2.45428886979998e-05
2.45425875250028e-05
2.45422863593972e-05
2.45419852011829e-05
2.45416840503595e-05
2.45413829069268e-05
2.45410817708845e-05
2.45407806422322e-05
2.45404795209698e-05
2.4540178407097e-05
2.45398773006135e-05
2.4539576201519e-05
2.45392751098133e-05
2.4538974025496e-05
2.45386729485669e-05
2.45383718790258e-05
2.45380708168724e-05
2.45377697621063e-05
2.45374687147274e-05
2.45371676747353e-05
2.45368666421298e-05
2.45365656169106e-05
2.45362645990774e-05
2.453596358863e-05
2.45356625855681e-05
2.45353615898914e-05
2.45350606015997e-05
2.45347596206926e-05
2.45344586471699e-05
2.45341576810314e-05
2.45338567222767e-05
2.45335557709057e-05
2.45332548269179e-05
2.45329538903132e-05
2.45326529610912e-05
2.45323520392518e-05
2.45320511247945e-05
2.45317502177193e-05
2.45314493180257e-05
2.45311484257135e-05
2.45308475407825e-05
2.45305466632324e-05
2.45302457930628e-05
2.45299449302736e-05
2.45296440748645e-05
2.45293432268351e-05
2.45290423861852e-05
2.45287415529146e-05
2.4528440727023e-05
2.452813990851e-05
2.45278390973755e-05
2.45275382936192e-05
2.45272374972407e-05
2.45269367082398e-05
2.45266359266163e-05
2.45263351523699e-05
2.45260343855002e-05
2.45257336260071e-05
2.45254328738902e-05
2.45251321291493e-05
2.45248313917842e-05
2.45245306617945e-05
2.45242299391799e-05
2.45239292239403e-05
2.45236285160752e-05
2.45233278155846e-05
2.4523027122468e-05
2.45227264367252e-05
2.4522425758356e-05
2.45221250873601e-05
2.45218244237371e-05
2.45215237674869e-05
2.45212231186092e-05
2.45209224771036e-05
2.45206218429699e-05
2.45203212162079e-05
2.45200205968173e-05
2.45197199847978e-05
2.45194193801491e-05
2.45191187828709e-05
2.45188181929631e-05
2.45185176104253e-05
2.45182170352572e-05
2.45179164674586e-05
2.45176159070292e-05
2.45173153539687e-05
2.45170148082769e-05
2.45167142699535e-05
2.45164137389983e-05
2.45161132154108e-05
2.4515812699191e-05
2.45155121903384e-05
2.45152116888529e-05
2.45149111947342e-05
2.4514610707982e-05
2.45143102285959e-05
2.45140097565759e-05
2.45137092919215e-05
2.45134088346325e-05
2.45131083847087e-05
2.45128079421498e-05
2.45125075069554e-05
2.45122070791254e-05
2.45119066586594e-05
2.45116062455573e-05
2.45113058398186e-05
2.45110054414432e-05
2.45107050504308e-05
2.4510404666781e-05
2.45101042904938e-05
2.45098039215686e-05
2.45095035600054e-05
2.45092032058038e-05
2.45089028589635e-05
2.45086025194843e-05
2.4508302187366e-05
2.45080018626081e-05
2.45077015452106e-05
2.4507401235173e-05
2.45071009324952e-05
2.45068006371768e-05
2.45065003492176e-05
2.45062000686174e-05
2.45058997953757e-05
2.45055995294925e-05
2.45052992709673e-05
2.45049990198e-05
2.45046987759903e-05
2.45043985395378e-05
2.45040983104424e-05
2.45037980887037e-05
2.45034978743216e-05
2.45031976672956e-05
2.45028974676255e-05
2.45025972753112e-05
2.45022970903522e-05
2.45019969127484e-05
2.45016967424994e-05
2.4501396579605e-05
2.4501096424065e-05
2.4500796275879e-05
2.45004961350467e-05
2.4500196001568e-05
2.44998958754425e-05
2.449959575667e-05
2.44992956452502e-05
2.44989955411828e-05
2.44986954444676e-05
2.44983953551042e-05
2.44980952730925e-05
2.44977951984321e-05
2.44974951311228e-05
2.44971950711644e-05
2.44968950185564e-05
2.44965949732987e-05
2.4496294935391e-05
2.44959949048331e-05
2.44956948816246e-05
2.44953948657652e-05
2.44950948572548e-05
2.44947948560931e-05
2.44944948622797e-05
2.44941948758144e-05
2.4493894896697e-05
2.44935949249271e-05
2.44932949605046e-05
2.4492995003429e-05
2.44926950537002e-05
2.44923951113179e-05
2.44920951762819e-05
2.44917952485917e-05
2.44914953282473e-05
2.44911954152482e-05
2.44908955095943e-05
2.44905956112853e-05
2.44902957203208e-05
2.44899958367007e-05
2.44896959604247e-05
2.44893960914924e-05
2.44890962299036e-05
2.44887963756581e-05
2.44884965287556e-05
2.44881966891958e-05
2.44878968569784e-05
2.44875970321032e-05
2.44872972145699e-05
2.44869974043783e-05
2.4486697601528e-05
2.44863978060188e-05
2.44860980178504e-05
2.44857982370225e-05
2.4485498463535e-05
2.44851986973874e-05
2.44848989385796e-05
2.44845991871113e-05
2.44842994429822e-05
2.4483999706192e-05
2.44836999767405e-05
2.44834002546274e-05
2.44831005398524e-05
2.44828008324152e-05
2.44825011323157e-05
2.44822014395534e-05
2.44819017541283e-05
2.44816020760399e-05
2.4481302405288e-05
2.44810027418723e-05
2.44807030857926e-05
2.44804034370486e-05
2.44801037956401e-05
2.44798041615667e-05
2.44795045348282e-05
2.44792049154243e-05
2.44789053033548e-05
2.44786056986194e-05
2.44783061012178e-05
2.44780065111497e-05
2.44777069284149e-05
2.44774073530132e-05
2.44771077849441e-05
2.44768082242076e-05
2.44765086708032e-05
2.44762091247308e-05
2.447590958599e-05
2.44756100545806e-05
2.44753105305024e-05
2.4475011013755e-05
2.44747115043381e-05
2.44744120022516e-05
2.44741125074952e-05
2.44738130200685e-05
2.44735135399714e-05
2.44732140672034e-05
2.44729146017645e-05
2.44726151436543e-05
2.44723156928724e-05
2.44720162494188e-05
2.4471716813293e-05
2.44714173844949e-05
2.44711179630241e-05
2.44708185488805e-05
2.44705191420636e-05
2.44702197425733e-05
2.44699203504093e-05
2.44696209655712e-05
2.4469321588059e-05
2.44690222178722e-05
2.44687228550106e-05
2.44684234994739e-05
2.44681241512619e-05
2.44678248103744e-05
2.44675254768109e-05
2.44672261505713e-05
2.44669268316553e-05
2.44666275200626e-05
2.4466328215793e-05
2.44660289188462e-05
2.44657296292219e-05
2.44654303469198e-05
2.44651310719397e-05
2.44648318042813e-05
2.44645325439444e-05
2.44642332909287e-05
2.44639340452338e-05
2.44636348068596e-05
2.44633355758058e-05
2.4463036352072e-05
2.44627371356581e-05
2.44624379265638e-05
2.44621387247887e-05
2.44618395303327e-05
2.44615403431954e-05
2.44612411633766e-05
2.44609419908761e-05
2.44606428256935e-05
2.44603436678285e-05
2.4460044517281e-05
2.44597453740507e-05
2.44594462381372e-05
2.44591471095403e-05
2.44588479882598e-05
2.44585488742953e-05
2.44582497676466e-05
2.44579506683135e-05
2.44576515762956e-05
2.44573524915928e-05
2.44570534142047e-05
2.4456754344131e-05
2.44564552813715e-05
2.4456156225926e-05
2.44558571777941e-05
2.44555581369756e-05
2.44552591034702e-05
2.44549600772777e-05
2.44546610583977e-05
2.44543620468301e-05
2.44540630425745e-05
2.44537640456307e-05
2.44534650559984e-05
2.44531660736774e-05
2.44528670986673e-05
2.4452568130968e-05
2.4452269170579e-05
2.44519702175003e-05
2.44516712717314e-05
2.44513723332722e-05
2.44510734021224e-05
2.44507744782816e-05
2.44504755617497e-05
2.44501766525263e-05
2.44498777506112e-05
2.44495788560042e-05
2.44492799687049e-05
2.44489810887131e-05
2.44486822160286e-05
2.44483833506509e-05
2.444808449258e-05
2.44477856418155e-05
2.44474867983571e-05
2.44471879622046e-05
2.44468891333578e-05
2.44465903118163e-05
2.44462914975798e-05
2.44459926906482e-05
2.44456938910211e-05
2.44453950986983e-05
2.44450963136795e-05
2.44447975359644e-05
2.44444987655528e-05
2.44442000024444e-05
2.4443901246639e-05
2.44436024981362e-05
2.44433037569358e-05
2.44430050230375e-05
2.44427062964411e-05
2.44424075771464e-05
2.44421088651529e-05
2.44418101604605e-05
2.44415114630689e-05
2.44412127729778e-05
2.4440914090187e-05
2.44406154146961e-05
2.4440316746505e-05
2.44400180856134e-05
2.44397194320209e-05
2.44394207857274e-05
2.44391221467325e-05
2.4438823515036e-05
2.44385248906376e-05
2.44382262735371e-05
2.44379276637341e-05
2.44376290612285e-05
2.44373304660199e-05
2.44370318781081e-05
2.44367332974928e-05
2.44364347241737e-05
2.44361361581507e-05
2.44358375994233e-05
2.44355390479914e-05
2.44352405038547e-05
2.44349419670128e-05
2.44346434374656e-05
2.44343449152128e-05
2.44340464002541e-05
2.44337478925892e-05
2.44334493922179e-05
2.443315089914e-05
2.4432852413355e-05
2.44325539348628e-05
2.44322554636631e-05
2.44319569997557e-05
2.44316585431402e-05
2.44313600938164e-05
2.44310616517841e-05
2.44307632170429e-05
2.44304647895926e-05
2.4430166369433e-05
2.44298679565637e-05
2.44295695509845e-05
2.44292711526952e-05
2.44289727616954e-05
2.44286743779849e-05
2.44283760015634e-05
2.44280776324307e-05
2.44277792705865e-05
2.44274809160305e-05
2.44271825687625e-05
2.44268842287822e-05
2.44265858960893e-05
2.44262875706836e-05
2.44259892525647e-05
2.44256909417325e-05
2.44253926381867e-05
2.44250943419269e-05
2.4424796052953e-05
2.44244977712646e-05
2.44241994968615e-05
2.44239012297434e-05
2.44236029699101e-05
2.44233047173613e-05
2.44230064720967e-05
2.44227082341161e-05
2.44224100034191e-05
2.44221117800056e-05
2.44218135638753e-05
2.44215153550278e-05
2.44212171534629e-05
2.44209189591804e-05
2.442062077218e-05
2.44203225924614e-05
2.44200244200244e-05
2.44197262548687e-05
2.4419428096994e-05
2.44191299464e-05
2.44188318030865e-05
2.44185336670533e-05
2.44182355383e-05
2.44179374168264e-05
2.44176393026322e-05
2.44173411957172e-05
2.44170430960811e-05
2.44167450037236e-05
2.44164469186444e-05
2.44161488408433e-05
2.44158507703201e-05
2.44155527070744e-05
2.4415254651106e-05
2.44149566024146e-05
2.4414658561e-05
2.44143605268619e-05
2.44140625e-05
2.44137644804141e-05
2.44134664681038e-05
2.4413168463069e-05
2.44128704653093e-05
2.44125724748245e-05
2.44122744916144e-05
2.44119765156786e-05
2.44116785470169e-05
2.4411380585629e-05
2.44110826315147e-05
2.44107846846737e-05
2.44104867451057e-05
2.44101888128105e-05
2.44098908877877e-05
2.44095929700372e-05
2.44092950595587e-05
2.44089971563518e-05
2.44086992604164e-05
2.44084013717522e-05
2.44081034903588e-05
2.44078056162361e-05
2.44075077493837e-05
2.44072098898014e-05
2.4406912037489e-05
2.44066141924462e-05
2.44063163546726e-05
2.44060185241681e-05
2.44057207009323e-05
2.4405422884965e-05
2.4405125076266e-05
2.4404827274835e-05
2.44045294806716e-05
2.44042316937757e-05
2.4403933914147e-05
2.44036361417851e-05
2.44033383766899e-05
2.44030406188611e-05
2.44027428682984e-05
2.44024451250015e-05
2.44021473889702e-05
2.44018496602042e-05
2.44015519387033e-05
2.44012542244671e-05
2.44009565174955e-05
2.44006588177881e-05
2.44003611253447e-05
2.44000634401649e-05
2.43997657622487e-05
2.43994680915956e-05
2.43991704282054e-05
2.43988727720779e-05
2.43985751232128e-05
2.43982774816098e-05
2.43979798472686e-05
2.43976822201891e-05
2.43973846003708e-05
2.43970869878137e-05
2.43967893825173e-05
2.43964917844814e-05
2.43961941937058e-05
2.43958966101902e-05
2.43955990339343e-05
2.43953014649379e-05
2.43950039032006e-05
2.43947063487223e-05
2.43944088015027e-05
2.43941112615415e-05
2.43938137288384e-05
2.43935162033931e-05
2.43932186852055e-05
2.43929211742752e-05
2.4392623670602e-05
2.43923261741856e-05
2.43920286850257e-05
2.43917312031221e-05
2.43914337284746e-05
2.43911362610827e-05
2.43908388009464e-05
2.43905413480652e-05
2.4390243902439e-05
2.43899464640675e-05
2.43896490329504e-05
2.43893516090875e-05
2.43890541924784e-05
2.4388756783123e-05
2.43884593810209e-05
2.43881619861719e-05
2.43878645985757e-05
2.43875672182321e-05
2.43872698451408e-05
2.43869724793016e-05
2.4386675120714e-05
2.4386377769378e-05
2.43860804252932e-05
2.43857830884594e-05
2.43854857588763e-05
2.43851884365436e-05
2.43848911214611e-05
2.43845938136286e-05
2.43842965130456e-05
2.4383999219712e-05
2.43837019336276e-05
2.43834046547919e-05
2.43831073832049e-05
2.43828101188662e-05
2.43825128617755e-05
2.43822156119327e-05
2.43819183693373e-05
2.43816211339892e-05
2.43813239058881e-05
2.43810266850337e-05
2.43807294714258e-05
2.43804322650641e-05
2.43801350659483e-05
2.43798378740781e-05
2.43795406894534e-05
2.43792435120738e-05
2.43789463419391e-05
2.4378649179049e-05
2.43783520234032e-05
2.43780548750015e-05
2.43777577338436e-05
2.43774605999293e-05
2.43771634732583e-05
2.43768663538302e-05
2.43765692416449e-05
2.43762721367021e-05
2.43759750390016e-05
2.43756779485429e-05
2.4375380865326e-05
2.43750837893505e-05
2.43747867206162e-05
2.43744896591228e-05
2.437419260487e-05
2.43738955578575e-05
2.43735985180852e-05
2.43733014855527e-05
2.43730044602598e-05
2.43727074422062e-05
2.43724104313917e-05
2.43721134278159e-05
2.43718164314786e-05
2.43715194423796e-05
2.43712224605186e-05
2.43709254858953e-05
2.43706285185095e-05
2.43703315583609e-05
2.43700346054491e-05
2.43697376597741e-05
2.43694407213354e-05
2.43691437901329e-05
2.43688468661663e-05
2.43685499494353e-05
2.43682530399396e-05
2.4367956137679e-05
2.43676592426532e-05
2.43673623548619e-05
2.43670654743049e-05
2.4366768600982e-05
2.43664717348928e-05
2.43661748760371e-05
2.43658780244146e-05
2.43655811800251e-05
2.43652843428683e-05
2.43649875129439e-05
2.43646906902517e-05
2.43643938747914e-05
2.43640970665627e-05
2.43638002655654e-05
2.43635034717992e-05
2.43632066852639e-05
2.43629099059592e-05
2.43626131338847e-05
2.43623163690404e-05
2.43620196114258e-05
2.43617228610407e-05
2.43614261178849e-05
2.43611293819581e-05
2.43608326532601e-05
2.43605359317905e-05
2.43602392175491e-05
2.43599425105357e-05
2.43596458107499e-05
2.43593491181916e-05
2.43590524328604e-05
2.4358755754756e-05
2.43584590838784e-05
2.4358162420227e-05
2.43578657638018e-05
2.43575691146024e-05
2.43572724726285e-05
2.435697583788e-05
2.43566792103565e-05
2.43563825900577e-05
2.43560859769835e-05
2.43557893711335e-05
2.43554927725075e-05
2.43551961811052e-05
2.43548995969264e-05
2.43546030199708e-05
2.43543064502381e-05
2.4354009887728e-05
2.43537133324404e-05
2.43534167843748e-05
2.43531202435312e-05
2.43528237099092e-05
2.43525271835085e-05
2.43522306643289e-05
2.43519341523701e-05
2.43516376476318e-05
2.43513411501138e-05
2.43510446598159e-05
2.43507481767377e-05
2.43504517008791e-05
2.43501552322396e-05
2.43498587708191e-05
2.43495623166174e-05
2.4349265869634e-05
2.43489694298689e-05
2.43486729973216e-05
2.43483765719921e-05
2.43480801538799e-05
2.43477837429848e-05
2.43474873393066e-05
2.4347190942845e-05
2.43468945535997e-05
2.43465981715705e-05
2.43463017967571e-05
2.43460054291592e-05
2.43457090687766e-05
2.43454127156091e-05
2.43451163696562e-05
2.43448200309179e-05
2.43445236993938e-05
2.43442273750837e-05
2.43439310579872e-05
2.43436347481042e-05
2.43433384454344e-05
2.43430421499775e-05
2.43427458617332e-05
2.43424495807013e-05
2.43421533068815e-05
2.43418570402736e-05
2.43415607808773e-05
2.43412645286923e-05
2.43409682837183e-05
2.43406720459552e-05
2.43403758154026e-05
2.43400795920603e-05
2.4339783375928e-05
2.43394871670054e-05
2.43391909652923e-05
2.43388947707885e-05
2.43385985834936e-05
2.43383024034074e-05
2.43380062305296e-05
2.433771006486e-05
2.43374139063983e-05
2.43371177551443e-05
2.43368216110976e-05
2.4336525474258e-05
2.43362293446253e-05
2.43359332221992e-05
2.43356371069795e-05
2.43353409989657e-05
2.43350448981578e-05
2.43347488045555e-05
2.43344527181584e-05
2.43341566389663e-05
2.4333860566979e-05
2.43335645021961e-05
2.43332684446175e-05
2.43329723942428e-05
2.43326763510719e-05
2.43323803151043e-05
2.433208428634e-05
2.43317882647785e-05
2.43314922504197e-05
2.43311962432633e-05
2.4330900243309e-05
2.43306042505566e-05
2.43303082650057e-05
2.43300122866562e-05
2.43297163155078e-05
2.43294203515601e-05
2.4329124394813e-05
2.43288284452662e-05
2.43285325029194e-05
2.43282365677724e-05
2.43279406398248e-05
2.43276447190765e-05
2.43273488055272e-05
2.43270528991765e-05
2.43267570000243e-05
2.43264611080703e-05
2.43261652233142e-05
2.43258693457557e-05
2.43255734753947e-05
2.43252776122307e-05
2.43249817562637e-05
2.43246859074932e-05
2.43243900659191e-05
2.43240942315411e-05
2.43237984043588e-05
2.43235025843722e-05
2.43232067715808e-05
2.43229109659844e-05
2.43226151675828e-05
2.43223193763757e-05
2.43220235923629e-05
2.4321727815544e-05
2.43214320459189e-05
2.43211362834872e-05
2.43208405282487e-05
2.43205447802031e-05
2.43202490393502e-05
2.43199533056897e-05
2.43196575792213e-05
2.43193618599448e-05
2.43190661478599e-05
2.43187704429664e-05
2.4318474745264e-05
2.43181790547524e-05
2.43178833714314e-05
2.43175876953006e-05
2.43172920263599e-05
2.4316996364609e-05
2.43167007100477e-05
2.43164050626755e-05
2.43161094224924e-05
2.4315813789498e-05
2.43155181636921e-05
2.43152225450743e-05
2.43149269336446e-05
2.43146313294025e-05
2.43143357323478e-05
2.43140401424803e-05
2.43137445597997e-05
2.43134489843057e-05
2.43131534159981e-05
2.43128578548766e-05
2.43125623009409e-05
2.43122667541908e-05
2.43119712146261e-05
2.43116756822464e-05
2.43113801570515e-05
2.43110846390412e-05
2.43107891282151e-05
2.4310493624573e-05
2.43101981281147e-05
2.43099026388399e-05
2.43096071567483e-05
2.43093116818397e-05
2.43090162141138e-05
2.43087207535703e-05
2.43084253002091e-05
2.43081298540297e-05
2.4307834415032e-05
2.43075389832156e-05
2.43072435585805e-05
2.43069481411261e-05
2.43066527308524e-05
2.43063573277591e-05
2.43060619318458e-05
2.43057665431124e-05
2.43054711615585e-05
2.43051757871839e-05
2.43048804199883e-05
2.43045850599716e-05
2.43042897071333e-05
2.43039943614733e-05
2.43036990229913e-05
2.4303403691687e-05
2.43031083675602e-05
2.43028130506106e-05
2.43025177408379e-05
2.4302222438242e-05
2.43019271428224e-05
2.4301631854579e-05
2.43013365735115e-05
2.43010412996197e-05
2.43007460329032e-05
2.43004507733618e-05
2.43001555209953e-05
2.42998602758034e-05
2.42995650377858e-05
2.42992698069423e-05
2.42989745832726e-05
2.42986793667764e-05
2.42983841574535e-05
2.42980889553037e-05
2.42977937603266e-05
2.4297498572522e-05
2.42972033918896e-05
2.42969082184292e-05
2.42966130521405e-05
2.42963178930233e-05
2.42960227410773e-05
2.42957275963022e-05
2.42954324586978e-05
2.42951373282637e-05
2.42948422049999e-05
2.42945470889059e-05
2.42942519799815e-05
2.42939568782265e-05
2.42936617836406e-05
2.42933666962236e-05
2.42930716159751e-05
2.4292776542895e-05
2.42924814769829e-05
2.42921864182386e-05
2.42918913666618e-05
2.42915963222523e-05
2.42913012850098e-05
2.42910062549341e-05
2.42907112320249e-05
2.42904162162819e-05
2.42901212077048e-05
2.42898262062935e-05
2.42895312120476e-05
2.42892362249669e-05
2.42889412450511e-05
2.42886462723e-05
2.42883513067133e-05
2.42880563482907e-05
2.4287761397032e-05
2.4287466452937e-05
2.42871715160052e-05
2.42868765862366e-05
2.42865816636308e-05
2.42862867481876e-05
2.42859918399067e-05
2.42856969387879e-05
2.42854020448309e-05
2.42851071580353e-05
2.42848122784011e-05
2.42845174059279e-05
2.42842225406154e-05
2.42839276824634e-05
2.42836328314716e-05
2.42833379876398e-05
2.42830431509677e-05
2.4282748321455e-05
2.42824534991015e-05
2.4282158683907e-05
2.42818638758711e-05
2.42815690749936e-05
2.42812742812743e-05
2.42809794947128e-05
2.4280684715309e-05
2.42803899430625e-05
2.42800951779731e-05
2.42798004200405e-05
2.42795056692646e-05
2.42792109256449e-05
2.42789161891813e-05
2.42786214598735e-05
2.42783267377212e-05
2.42780320227242e-05
2.42777373148823e-05
2.4277442614195e-05
2.42771479206623e-05
2.42768532342838e-05
2.42765585550592e-05
2.42762638829884e-05
2.4275969218071e-05
2.42756745603068e-05
2.42753799096956e-05
2.4275085266237e-05
2.42747906299308e-05
2.42744960007768e-05
2.42742013787746e-05
2.42739067639241e-05
2.4273612156225e-05
2.42733175556769e-05
2.42730229622797e-05
2.42727283760331e-05
2.42724337969368e-05
2.42721392249906e-05
2.42718446601942e-05
2.42715501025473e-05
2.42712555520497e-05
2.42709610087011e-05
2.42706664725013e-05
2.427037194345e-05
2.4270077421547e-05
2.42697829067919e-05
2.42694883991845e-05
2.42691938987247e-05
2.4268899405412e-05
2.42686049192462e-05
2.42683104402272e-05
2.42680159683545e-05
2.4267721503628e-05
2.42674270460474e-05
2.42671325956125e-05
2.42668381523229e-05
2.42665437161785e-05
2.42662492871789e-05
2.4265954865324e-05
2.42656604506133e-05
2.42653660430468e-05
2.4265071642624e-05
2.42647772493449e-05
2.4264482863209e-05
2.42641884842161e-05
2.42638941123661e-05
2.42635997476586e-05
2.42633053900933e-05
2.426301103967e-05
2.42627166963885e-05
2.42624223602484e-05
2.42621280312496e-05
2.42618337093918e-05
2.42615393946746e-05
2.42612450870979e-05
2.42609507866613e-05
2.42606564933647e-05
2.42603622072078e-05
2.42600679281902e-05
2.42597736563118e-05
2.42594793915723e-05
2.42591851339714e-05
2.42588908835088e-05
2.42585966401844e-05
2.42583024039978e-05
2.42580081749488e-05
2.42577139530371e-05
2.42574197382624e-05
2.42571255306246e-05
2.42568313301233e-05
2.42565371367584e-05
2.42562429505294e-05
2.42559487714362e-05
2.42556545994785e-05
2.42553604346561e-05
2.42550662769686e-05
2.42547721264159e-05
2.42544779829976e-05
2.42541838467136e-05
2.42538897175635e-05
2.4253595595547e-05
2.42533014806641e-05
2.42530073729142e-05
2.42527132722973e-05
2.42524191788131e-05
2.42521250924612e-05
2.42518310132415e-05
2.42515369411536e-05
2.42512428761974e-05
2.42509488183725e-05
2.42506547676787e-05
2.42503607241158e-05
2.42500666876834e-05
2.42497726583813e-05
2.42494786362093e-05
2.42491846211671e-05
2.42488906132544e-05
2.42485966124711e-05
2.42483026188167e-05
2.42480086322911e-05
2.4247714652894e-05
2.42474206806251e-05
2.42471267154842e-05
2.42468327574711e-05
2.42465388065854e-05
2.42462448628269e-05
2.42459509261953e-05
2.42456569966905e-05
2.4245363074312e-05
2.42450691590598e-05
2.42447752509334e-05
2.42444813499327e-05
2.42441874560574e-05
2.42438935693072e-05
2.42435996896819e-05
2.42433058171812e-05
2.42430119518049e-05
2.42427180935526e-05
2.42424242424242e-05
2.42421303984194e-05
2.42418365615379e-05
2.42415427317795e-05
2.42412489091438e-05
2.42409550936307e-05
2.42406612852399e-05
2.42403674839711e-05
2.4240073689824e-05
2.42397799027985e-05
2.42394861228942e-05
2.42391923501109e-05
2.42388985844483e-05
2.42386048259062e-05
2.42383110744843e-05
2.42380173301824e-05
2.42377235930001e-05
2.42374298629373e-05
2.42371361399937e-05
2.4236842424169e-05
2.42365487154629e-05
2.42362550138753e-05
2.42359613194057e-05
2.42356676320541e-05
2.42353739518201e-05
2.42350802787034e-05
2.42347866127039e-05
2.42344929538212e-05
2.42341993020551e-05
2.42339056574053e-05
2.42336120198716e-05
2.42333183894537e-05
2.42330247661513e-05
2.42327311499643e-05
2.42324375408922e-05
2.4232143938935e-05
2.42318503440923e-05
2.42315567563638e-05
2.42312631757494e-05
2.42309696022486e-05
2.42306760358614e-05
2.42303824765874e-05
2.42300889244264e-05
2.4229795379378e-05
2.42295018414421e-05
2.42292083106185e-05
2.42289147869067e-05
2.42286212703066e-05
2.42283277608179e-05
2.42280342584404e-05
2.42277407631738e-05
2.42274472750179e-05
2.42271537939723e-05
2.42268603200368e-05
2.42265668532112e-05
2.42262733934952e-05
2.42259799408886e-05
2.42256864953911e-05
2.42253930570024e-05
2.42250996257222e-05
2.42248062015504e-05
2.42245127844866e-05
2.42242193745307e-05
2.42239259716822e-05
2.42236325759411e-05
2.4223339187307e-05
2.42230458057796e-05
2.42227524313588e-05
2.42224590640442e-05
2.42221657038356e-05
2.42218723507327e-05
2.42215790047353e-05
2.42212856658431e-05
2.42209923340559e-05
2.42206990093734e-05
2.42204056917953e-05
2.42201123813214e-05
2.42198190779515e-05
2.42195257816852e-05
2.42192324925223e-05
2.42189392104626e-05
2.42186459355057e-05
2.42183526676515e-05
2.42180594068997e-05
2.421776615325e-05
2.42174729067022e-05
2.4217179667256e-05
2.42168864349111e-05
2.42165932096673e-05
2.42162999915243e-05
2.42160067804819e-05
2.42157135765398e-05
2.42154203796978e-05
2.42151271899556e-05
2.42148340073129e-05
2.42145408317695e-05
2.42142476633251e-05
2.42139545019795e-05
2.42136613477324e-05
2.42133682005835e-05
2.42130750605327e-05
2.42127819275796e-05
2.42124888017239e-05
2.42121956829655e-05
2.42119025713041e-05
2.42116094667393e-05
2.4211316369271e-05
2.42110232788989e-05
2.42107301956227e-05
2.42104371194422e-05
2.42101440503571e-05
2.42098509883672e-05
2.42095579334721e-05
2.42092648856717e-05
2.42089718449657e-05
2.42086788113539e-05
2.42083857848359e-05
2.42080927654115e-05
2.42077997530804e-05
2.42075067478425e-05
2.42072137496974e-05
2.42069207586449e-05
2.42066277746847e-05
2.42063347978166e-05
2.42060418280403e-05
2.42057488653555e-05
2.42054559097621e-05
2.42051629612596e-05
2.4204870019848e-05
2.42045770855269e-05
2.4204284158296e-05
2.42039912381552e-05
2.42036983251041e-05
2.42034054191425e-05
2.42031125202701e-05
2.42028196284867e-05
2.42025267437921e-05
2.42022338661858e-05
2.42019409956679e-05
2.42016481322378e-05
2.42013552758955e-05
2.42010624266405e-05
2.42007695844728e-05
2.4200476749392e-05
2.42001839213978e-05
2.419989110049e-05
2.41995982866684e-05
2.41993054799327e-05
2.41990126802826e-05
2.41987198877179e-05
2.41984271022384e-05
2.41981343238436e-05
2.41978415525335e-05
2.41975487883077e-05
2.41972560311661e-05
2.41969632811082e-05
2.4196670538134e-05
2.4196377802243e-05
2.41960850734351e-05
2.419579235171e-05
2.41954996370675e-05
2.41952069295073e-05
2.41949142290291e-05
2.41946215356326e-05
2.41943288493177e-05
2.41940361700841e-05
2.41937434979314e-05
2.41934508328595e-05
2.41931581748681e-05
2.4192865523957e-05
2.41925728801258e-05
2.41922802433743e-05
2.41919876137023e-05
2.41916949911096e-05
2.41914023755957e-05
2.41911097671606e-05
2.41908171658039e-05
2.41905245715253e-05
2.41902319843247e-05
2.41899394042018e-05
2.41896468311563e-05
2.41893542651879e-05
2.41890617062964e-05
2.41887691544816e-05
2.41884766097431e-05
2.41881840720808e-05
2.41878915414943e-05
2.41875990179835e-05
2.4187306501548e-05
2.41870139921876e-05
2.4186721489902e-05
2.41864289946911e-05
2.41861365065544e-05
2.41858440254919e-05
2.41855515515031e-05
2.41852590845879e-05
2.41849666247461e-05
2.41846741719772e-05
2.41843817262812e-05
2.41840892876577e-05
2.41837968561064e-05
2.41835044316272e-05
2.41832120142197e-05
2.41829196038838e-05
2.41826272006191e-05
2.41823348044254e-05
2.41820424153024e-05
2.41817500332499e-05
2.41814576582676e-05
2.41811652903553e-05
2.41808729295128e-05
2.41805805757396e-05
2.41802882290357e-05
2.41799958894007e-05
2.41797035568344e-05
2.41794112313365e-05
2.41791189129068e-05
2.4178826601545e-05
2.41785342972509e-05
2.41782420000242e-05
2.41779497098646e-05
2.41776574267719e-05
2.41773651507459e-05
2.41770728817862e-05
2.41767806198927e-05
2.4176488365065e-05
2.41761961173029e-05
2.41759038766062e-05
2.41756116429746e-05
2.41753194164078e-05
2.41750271969056e-05
2.41747349844677e-05
2.41744427790939e-05
2.4174150580784e-05
2.41738583895376e-05
2.41735662053544e-05
2.41732740282344e-05
2.41729818581771e-05
2.41726896951824e-05
2.41723975392499e-05
2.41721053903795e-05
2.41718132485708e-05
2.41715211138237e-05
2.41712289861378e-05
2.41709368655129e-05
2.41706447519488e-05
2.41703526454451e-05
2.41700605460017e-05
2.41697684536182e-05
2.41694763682945e-05
2.41691842900302e-05
2.41688922188252e-05
2.4168600154679e-05
2.41683080975916e-05
2.41680160475627e-05
2.41677240045919e-05
2.4167431968679e-05
2.41671399398238e-05
2.41668479180261e-05
2.41665559032854e-05
2.41662638956017e-05
2.41659718949747e-05
2.4165679901404e-05
2.41653879148895e-05
2.41650959354309e-05
2.41648039630278e-05
2.41645119976802e-05
2.41642200393877e-05
2.416392808815e-05
2.41636361439669e-05
2.41633442068382e-05
2.41630522767636e-05
2.41627603537428e-05
2.41624684377756e-05
2.41621765288617e-05
2.41618846270009e-05
2.41615927321929e-05
2.41613008444375e-05
2.41610089637343e-05
2.41607170900832e-05
2.41604252234839e-05
2.41601333639362e-05
2.41598415114397e-05
2.41595496659942e-05
2.41592578275995e-05
2.41589659962554e-05
2.41586741719614e-05
2.41583823547175e-05
2.41580905445234e-05
2.41577987413787e-05
2.41575069452832e-05
2.41572151562368e-05
2.41569233742391e-05
2.41566315992898e-05
2.41563398313887e-05
2.41560480705357e-05
2.41557563167303e-05
2.41554645699723e-05
2.41551728302616e-05
2.41548810975978e-05
2.41545893719807e-05
2.415429765341e-05
2.41540059418855e-05
2.41537142374069e-05
2.41534225399739e-05
2.41531308495864e-05
2.4152839166244e-05
2.41525474899465e-05
2.41522558206937e-05
2.41519641584852e-05
2.41516725033209e-05
2.41513808552004e-05
2.41510892141236e-05
2.41507975800901e-05
2.41505059530997e-05
2.41502143331522e-05
2.41499227202473e-05
2.41496311143847e-05
2.41493395155642e-05
2.41490479237856e-05
2.41487563390485e-05
2.41484647613528e-05
2.41481731906981e-05
2.41478816270843e-05
2.4147590070511e-05
2.4147298520978e-05
2.4147006978485e-05
2.41467154430319e-05
2.41464239146182e-05
2.41461323932439e-05
2.41458408789086e-05
2.41455493716121e-05
2.41452578713541e-05
2.41449663781343e-05
2.41446748919526e-05
2.41443834128086e-05
2.41440919407021e-05
2.41438004756329e-05
2.41435090176006e-05
2.41432175666051e-05
2.41429261226461e-05
2.41426346857233e-05
2.41423432558364e-05
2.41420518329853e-05
2.41417604171696e-05
2.41414690083892e-05
2.41411776066437e-05
2.41408862119328e-05
2.41405948242565e-05
2.41403034436143e-05
2.4140012070006e-05
2.41397207034315e-05
2.41394293438903e-05
2.41391379913823e-05
2.41388466459073e-05
2.41385553074648e-05
2.41382639760548e-05
2.4137972651677e-05
2.4137681334331e-05
2.41373900240167e-05
2.41370987207338e-05
2.4136807424482e-05
2.4136516135261e-05
2.41362248530707e-05
2.41359335779108e-05
2.4135642309781e-05
2.4135351048681e-05
2.41350597946106e-05
2.41347685475696e-05
2.41344773075577e-05
2.41341860745746e-05
2.41338948486201e-05
2.4133603629694e-05
2.41333124177959e-05
2.41330212129256e-05
2.4132730015083e-05
2.41324388242676e-05
2.41321476404793e-05
2.41318564637178e-05
2.41315652939828e-05
2.41312741312741e-05
2.41309829755915e-05
2.41306918269347e-05
2.41304006853034e-05
2.41301095506974e-05
2.41298184231164e-05
2.41295273025601e-05
2.41292361890284e-05
2.4128945082521e-05
2.41286539830376e-05
2.41283628905779e-05
2.41280718051417e-05
2.41277807267288e-05
2.41274896553388e-05
2.41271985909716e-05
2.41269075336269e-05
2.41266164833044e-05
2.41263254400039e-05
2.41260344037251e-05
2.41257433744677e-05
2.41254523522316e-05
2.41251613370164e-05
2.4124870328822e-05
2.4124579327648e-05
2.41242883334942e-05
2.41239973463603e-05
2.41237063662461e-05
2.41234153931514e-05
2.41231244270758e-05
2.41228334680192e-05
2.41225425159812e-05
2.41222515709616e-05
2.41219606329602e-05
2.41216697019768e-05
2.4121378778011e-05
2.41210878610625e-05
2.41207969511313e-05
2.41205060482169e-05
2.41202151523192e-05
2.41199242634378e-05
2.41196333815726e-05
2.41193425067233e-05
2.41190516388896e-05
2.41187607780712e-05
2.4118469924268e-05
2.41181790774797e-05
2.41178882377059e-05
2.41175974049465e-05
2.41173065792012e-05
2.41170157604698e-05
2.4116724948752e-05
2.41164341440475e-05
2.41161433463561e-05
2.41158525556775e-05
2.41155617720115e-05
2.41152709953578e-05
2.41149802257162e-05
2.41146894630864e-05
2.41143987074682e-05
2.41141079588613e-05
2.41138172172655e-05
2.41135264826805e-05
2.4113235755106e-05
2.41129450345418e-05
2.41126543209877e-05
2.41123636144433e-05
2.41120729149085e-05
2.4111782222383e-05
2.41114915368665e-05
2.41112008583588e-05
2.41109101868596e-05
2.41106195223686e-05
2.41103288648857e-05
2.41100382144106e-05
2.41097475709429e-05
2.41094569344825e-05
2.41091663050292e-05
2.41088756825825e-05
2.41085850671424e-05
2.41082944587085e-05
2.41080038572806e-05
2.41077132628585e-05
2.41074226754418e-05
2.41071320950303e-05
2.41068415216238e-05
2.41065509552221e-05
2.41062603958248e-05
2.41059698434317e-05
2.41056792980426e-05
2.41053887596572e-05
2.41050982282753e-05
2.41048077038965e-05
2.41045171865208e-05
2.41042266761477e-05
2.4103936172777e-05
2.41036456764086e-05
2.4103355187042e-05
2.41030647046772e-05
2.41027742293138e-05
2.41024837609516e-05
2.41021932995903e-05
2.41019028452296e-05
2.41016123978694e-05
2.41013219575094e-05
2.41010315241492e-05
2.41007410977888e-05
2.41004506784277e-05
2.41001602660658e-05
2.40998698607028e-05
2.40995794623384e-05
2.40992890709724e-05
2.40989986866046e-05
2.40987083092346e-05
2.40984179388623e-05
2.40981275754874e-05
2.40978372191096e-05
2.40975468697287e-05
2.40972565273444e-05
2.40969661919564e-05
2.40966758635646e-05
2.40963855421687e-05
2.40960952277683e-05
2.40958049203634e-05
2.40955146199535e-05
2.40952243265385e-05
2.40949340401181e-05
2.4094643760692e-05
2.409435348826e-05
2.40940632228219e-05
2.40937729643774e-05
2.40934827129262e-05
2.4093192468468e-05
2.40929022310027e-05
2.409261200053e-05
2.40923217770497e-05
2.40920315605613e-05
2.40917413510649e-05
2.40914511485599e-05
2.40911609530463e-05
2.40908707645238e-05
2.40905805829921e-05
2.40902904084509e-05
2.40900002409e-05
2.40897100803392e-05
2.40894199267682e-05
2.40891297801867e-05
2.40888396405945e-05
2.40885495079914e-05
2.4088259382377e-05
2.40879692637512e-05
2.40876791521137e-05
2.40873890474642e-05
2.40870989498025e-05
2.40868088591283e-05
2.40865187754414e-05
2.40862286987415e-05
2.40859386290284e-05
2.40856485663018e-05
2.40853585105614e-05
2.40850684618071e-05
2.40847784200385e-05
2.40844883852555e-05
2.40841983574577e-05
2.40839083366449e-05
2.40836183228168e-05
2.40833283159733e-05
2.4083038316114e-05
2.40827483232386e-05
2.40824583373471e-05
2.4082168358439e-05
2.40818783865141e-05
2.40815884215723e-05
2.40812984636132e-05
2.40810085126365e-05
2.40807185686421e-05
2.40804286316296e-05
2.40801387015989e-05
2.40798487785497e-05
2.40795588624816e-05
2.40792689533946e-05
2.40789790512882e-05
2.40786891561623e-05
2.40783992680167e-05
2.40781093868509e-05
2.40778195126649e-05
2.40775296454584e-05
2.4077239785231e-05
2.40769499319826e-05
2.40766600857129e-05
2.40763702464217e-05
2.40760804141086e-05
2.40757905887735e-05
2.4075500770416e-05
2.4075210959036e-05
2.40749211546332e-05
2.40746313572073e-05
2.40743415667582e-05
2.40740517832854e-05
2.40737620067888e-05
2.40734722372681e-05
2.40731824747232e-05
2.40728927191536e-05
2.40726029705592e-05
2.40723132289397e-05
2.40720234942949e-05
2.40717337666245e-05
2.40714440459283e-05
2.4071154332206e-05
2.40708646254573e-05
2.40705749256821e-05
2.407028523288e-05
2.40699955470508e-05
2.40697058681943e-05
2.40694161963102e-05
2.40691265313982e-05
2.40688368734581e-05
2.40685472224896e-05
2.40682575784926e-05
2.40679679414667e-05
2.40676783114117e-05
2.40673886883273e-05
2.40670990722133e-05
2.40668094630695e-05
2.40665198608955e-05
2.40662302656912e-05
2.40659406774562e-05
2.40656510961904e-05
2.40653615218935e-05
2.40650719545651e-05
2.40647823942052e-05
2.40644928408134e-05
2.40642032943894e-05
2.40639137549331e-05
2.40636242224441e-05
2.40633346969223e-05
2.40630451783673e-05
2.4062755666779e-05
2.4062466162157e-05
2.40621766645011e-05
2.4061887173811e-05
2.40615976900866e-05
2.40613082133276e-05
2.40610187435336e-05
2.40607292807045e-05
2.406043982484e-05
2.40601503759398e-05
2.40598609340038e-05
2.40595714990316e-05
2.4059282071023e-05
2.40589926499777e-05
2.40587032358956e-05
2.40584138287763e-05
2.40581244286195e-05
2.40578350354252e-05
2.40575456491929e-05
2.40572562699224e-05
2.40569668976135e-05
2.4056677532266e-05
2.40563881738796e-05
2.4056098822454e-05
2.40558094779889e-05
2.40555201404842e-05
2.40552308099396e-05
2.40549414863548e-05
2.40546521697296e-05
2.40543628600637e-05
2.40540735573569e-05
2.4053784261609e-05
2.40534949728196e-05
2.40532056909885e-05
2.40529164161155e-05
2.40526271482003e-05
2.40523378872426e-05
2.40520486332423e-05
2.40517593861991e-05
2.40514701461127e-05
2.40511809129828e-05
2.40508916868093e-05
2.40506024675918e-05
2.40503132553302e-05
2.4050024050024e-05
2.40497348516733e-05
2.40494456602775e-05
2.40491564758366e-05
2.40488672983502e-05
2.40485781278182e-05
2.40482889642402e-05
2.4047999807616e-05
2.40477106579454e-05
2.4047421515228e-05
2.40471323794638e-05
2.40468432506523e-05
2.40465541287933e-05
2.40462650138867e-05
2.40459759059321e-05
2.40456868049294e-05
2.40453977108781e-05
2.40451086237782e-05
2.40448195436293e-05
2.40445304704312e-05
2.40442414041837e-05
2.40439523448865e-05
2.40436632925393e-05
2.40433742471418e-05
2.4043085208694e-05
2.40427961771954e-05
2.40425071526459e-05
2.40422181350451e-05
2.40419291243929e-05
2.4041640120689e-05
2.40413511239332e-05
2.40410621341251e-05
2.40407731512645e-05
2.40404841753513e-05
2.40401952063851e-05
2.40399062443656e-05
2.40396172892928e-05
2.40393283411661e-05
2.40390393999856e-05
2.40387504657508e-05
2.40384615384615e-05
2.40381726181176e-05
2.40378837047186e-05
2.40375947982645e-05
2.40373058987549e-05
2.40370170061895e-05
2.40367281205682e-05
2.40364392418907e-05
2.40361503701567e-05
2.4035861505366e-05
2.40355726475183e-05
2.40352837966134e-05
2.40349949526511e-05
2.4034706115631e-05
2.40344172855529e-05
2.40341284624166e-05
2.40338396462219e-05
2.40335508369684e-05
2.4033262034656e-05
2.40329732392843e-05
2.40326844508532e-05
2.40323956693623e-05
2.40321068948115e-05
2.40318181272004e-05
2.40315293665289e-05
2.40312406127966e-05
2.40309518660034e-05
2.4030663126149e-05
2.4030374393233e-05
2.40300856672554e-05
2.40297969482158e-05
2.40295082361139e-05
2.40292195309496e-05
2.40289308327226e-05
2.40286421414326e-05
2.40283534570794e-05
2.40280647796626e-05
2.40277761091822e-05
2.40274874456378e-05
2.40271987890292e-05
2.40269101393561e-05
2.40266214966183e-05
2.40263328608155e-05
2.40260442319474e-05
2.40257556100139e-05
2.40254669950147e-05
2.40251783869495e-05
2.40248897858181e-05
2.40246011916202e-05
2.40243126043556e-05
2.4024024024024e-05
2.40237354506252e-05
2.40234468841589e-05
2.40231583246249e-05
2.4022869772023e-05
2.40225812263528e-05
2.40222926876141e-05
2.40220041558067e-05
2.40217156309304e-05
2.40214271129848e-05
2.40211386019697e-05
2.4020850097885e-05
2.40205616007302e-05
2.40202731105053e-05
2.40199846272098e-05
2.40196961508437e-05
2.40194076814066e-05
2.40191192188982e-05
2.40188307633184e-05
2.40185423146669e-05
2.40182538729434e-05
2.40179654381477e-05
2.40176770102796e-05
2.40173885893387e-05
2.40171001753248e-05
2.40168117682378e-05
2.40165233680772e-05
2.4016234974843e-05
2.40159465885348e-05
2.40156582091524e-05
2.40153698366955e-05
2.40150814711639e-05
2.40147931125573e-05
2.40145047608756e-05
2.40142164161183e-05
2.40139280782854e-05
2.40136397473765e-05
2.40133514233914e-05
2.40130631063298e-05
2.40127747961916e-05
2.40124864929763e-05
2.40121981966839e-05
2.4011909907314e-05
2.40116216248664e-05
2.40113333493409e-05
2.40110450807371e-05
2.40107568190549e-05
2.4010468564294e-05
2.40101803164542e-05
2.40098920755351e-05
2.40096038415366e-05
2.40093156144584e-05
2.40090273943003e-05
2.40087391810619e-05
2.40084509747431e-05
2.40081627753436e-05
2.40078745828632e-05
2.40075863973015e-05
2.40072982186585e-05
2.40070100469337e-05
2.4006721882127e-05
2.40064337242381e-05
2.40061455732668e-05
2.40058574292127e-05
2.40055692920758e-05
2.40052811618556e-05
2.4004993038552e-05
2.40047049221647e-05
2.40044168126935e-05
2.40041287101381e-05
2.40038406144983e-05
2.40035525257738e-05
2.40032644439644e-05
2.40029763690698e-05
2.40026883010897e-05
2.4002400240024e-05
2.40021121858724e-05
2.40018241386345e-05
2.40015360983103e-05
2.40012480648994e-05
2.40009600384015e-05
2.40006720188165e-05
2.40003840061441e-05
2.4000096000384e-05
2.3999808001536e-05
2.39995200095998e-05
2.39992320245752e-05
2.3998944046462e-05
2.39986560752598e-05
2.39983681109685e-05
2.39980801535877e-05
2.39977922031173e-05
2.3997504259557e-05
2.39972163229065e-05
2.39969283931657e-05
2.39966404703342e-05
2.39963525544117e-05
2.39960646453982e-05
2.39957767432932e-05
2.39954888480966e-05
2.3995200959808e-05
2.39949130784274e-05
2.39946252039543e-05
2.39943373363886e-05
2.399404947573e-05
2.39937616219783e-05
2.39934737751332e-05
2.39931859351944e-05
2.39928981021618e-05
2.3992610276035e-05
2.39923224568138e-05
2.3992034644498e-05
2.39917468390874e-05
2.39914590405816e-05
2.39911712489804e-05
2.39908834642836e-05
2.39905956864909e-05
2.39903079156021e-05
2.39900201516169e-05
2.39897323945351e-05
2.39894446443565e-05
2.39891569010807e-05
2.39888691647076e-05
2.39885814352368e-05
2.39882937126682e-05
2.39880059970015e-05
2.39877182882364e-05
2.39874305863727e-05
2.39871428914102e-05
2.39868552033486e-05
2.39865675221876e-05
2.3986279847927e-05
2.39859921805665e-05
2.3985704520106e-05
2.39854168665451e-05
2.39851292198837e-05
2.39848415801214e-05
2.3984553947258e-05
2.39842663212932e-05
2.39839787022269e-05
2.39836910900588e-05
2.39834034847885e-05
2.3983115886416e-05
2.39828282949408e-05
2.39825407103629e-05
2.39822531326818e-05
2.39819655618975e-05
2.39816779980095e-05
2.39813904410178e-05
2.3981102890922e-05
2.39808153477218e-05
2.39805278114171e-05
2.39802402820076e-05
2.39799527594931e-05
2.39796652438732e-05
2.39793777351478e-05
2.39790902333165e-05
2.39788027383793e-05
2.39785152503357e-05
2.39782277691856e-05
2.39779402949287e-05
2.39776528275647e-05
2.39773653670935e-05
2.39770779135147e-05
2.39767904668281e-05
2.39765030270335e-05
2.39762155941306e-05
2.39759281681192e-05
2.3975640748999e-05
2.39753533367698e-05
2.39750659314313e-05
2.39747785329833e-05
2.39744911414255e-05
2.39742037567577e-05
2.39739163789797e-05
2.39736290080911e-05
2.39733416440918e-05
2.39730542869814e-05
2.39727669367598e-05
2.39724795934267e-05
2.39721922569819e-05
2.39719049274251e-05
2.3971617604756e-05
2.39713302889744e-05
2.39710429800801e-05
2.39707556780728e-05
2.39704683829522e-05
2.39701810947182e-05
2.39698938133704e-05
2.39696065389087e-05
2.39693192713327e-05
2.39690320106422e-05
2.39687447568371e-05
2.39684575099169e-05
2.39681702698816e-05
2.39678830367308e-05
2.39675958104643e-05
2.39673085910818e-05
2.39670213785831e-05
2.39667341729679e-05
2.39664469742361e-05
2.39661597823873e-05
2.39658725974213e-05
2.39655854193378e-05
2.39652982481367e-05
2.39650110838176e-05
2.39647239263804e-05
2.39644367758247e-05
2.39641496321503e-05
2.3963862495357e-05
2.39635753654445e-05
2.39632882424126e-05
2.39630011262611e-05
2.39627140169896e-05
2.39624269145979e-05
2.39621398190858e-05
2.39618527304531e-05
2.39615656486995e-05
2.39612785738247e-05
2.39609915058285e-05
2.39607044447107e-05
2.39604173904709e-05
2.39601303431091e-05
2.39598433026248e-05
2.39595562690179e-05
2.39592692422881e-05
2.39589822224352e-05
2.39586952094589e-05
2.3958408203359e-05
2.39581212041352e-05
2.39578342117873e-05
2.3957547226315e-05
2.39572602477181e-05
2.39569732759963e-05
2.39566863111494e-05
2.39563993531772e-05
2.39561124020794e-05
2.39558254578557e-05
2.39555385205059e-05
2.39552515900298e-05
2.39549646664271e-05
2.39546777496976e-05
2.39543908398409e-05
2.3954103936857e-05
2.39538170407454e-05
2.39535301515061e-05
2.39532432691386e-05
2.39529563936429e-05
2.39526695250186e-05
2.39523826632654e-05
2.39520958083832e-05
2.39518089603717e-05
2.39515221192307e-05
2.39512352849598e-05
2.39509484575589e-05
2.39506616370277e-05
2.3950374823366e-05
2.39500880165735e-05
2.39498012166499e-05
2.39495144235951e-05
2.39492276374087e-05
2.39489408580906e-05
2.39486540856404e-05
2.3948367320058e-05
2.3948080561343e-05
2.39477938094953e-05
2.39475070645146e-05
2.39472203264006e-05
2.39469335951531e-05
2.39466468707719e-05
2.39463601532567e-05
2.39460734426072e-05
2.39457867388233e-05
2.39455000419046e-05
2.3945213351851e-05
2.39449266686621e-05
2.39446399923377e-05
2.39443533228776e-05
2.39440666602816e-05
2.39437800045493e-05
2.39434933556806e-05
2.39432067136752e-05
2.39429200785328e-05
2.39426334502532e-05
2.39423468288362e-05
2.39420602142814e-05
2.39417736065888e-05
2.39414870057579e-05
2.39412004117886e-05
2.39409138246807e-05
2.39406272444338e-05
2.39403406710477e-05
2.39400541045223e-05
2.39397675448571e-05
2.39394809920521e-05
2.39391944461069e-05
2.39389079070213e-05
2.3938621374795e-05
2.39383348494279e-05
2.39380483309196e-05
2.39377618192699e-05
2.39374753144786e-05
2.39371888165454e-05
2.39369023254701e-05
2.39366158412524e-05
2.3936329363892e-05
2.39360428933889e-05
2.39357564297426e-05
2.39354699729529e-05
2.39351835230197e-05
2.39348970799426e-05
2.39346106437214e-05
2.39343242143558e-05
2.39340377918457e-05
2.39337513761907e-05
2.39334649673907e-05
2.39331785654453e-05
2.39328921703543e-05
2.39326057821176e-05
2.39323194007347e-05
2.39320330262056e-05
2.39317466585299e-05
2.39314602977074e-05
2.39311739437378e-05
2.3930887596621e-05
2.39306012563566e-05
2.39303149229444e-05
2.39300285963842e-05
2.39297422766757e-05
2.39294559638187e-05
2.39291696578129e-05
2.39288833586581e-05
2.3928597066354e-05
2.39283107809004e-05
2.39280245022971e-05
2.39277382305438e-05
2.39274519656402e-05
2.39271657075861e-05
2.39268794563813e-05
2.39265932120255e-05
2.39263069745185e-05
2.392602074386e-05
2.39257345200498e-05
2.39254483030876e-05
2.39251620929732e-05
2.39248758897063e-05
2.39245896932868e-05
2.39243035037142e-05
2.39240173209885e-05
2.39237311451094e-05
2.39234449760766e-05
2.39231588138898e-05
2.39228726585488e-05
2.39225865100535e-05
2.39223003684034e-05
2.39220142335985e-05
2.39217281056384e-05
2.39214419845228e-05
2.39211558702516e-05
2.39208697628246e-05
2.39205836622414e-05
2.39202975685018e-05
2.39200114816055e-05
2.39197254015524e-05
2.39194393283421e-05
2.39191532619745e-05
2.39188672024493e-05
2.39185811497662e-05
2.3918295103925e-05
2.39180090649254e-05
2.39177230327673e-05
2.39174370074503e-05
2.39171509889742e-05
2.39168649773388e-05
2.39165789725438e-05
2.39162929745889e-05
2.3916006983474e-05
2.39157209991988e-05
2.3915435021763e-05
2.39151490511665e-05
2.39148630874088e-05
2.39145771304899e-05
2.39142911804094e-05
2.39140052371671e-05
2.39137193007628e-05
2.39134333711963e-05
2.39131474484672e-05
2.39128615325753e-05
2.39125756235204e-05
2.39122897213023e-05
2.39120038259206e-05
2.39117179373752e-05
2.39114320556658e-05
2.39111461807922e-05
2.39108603127541e-05
2.39105744515512e-05
2.39102885971834e-05
2.39100027496503e-05
2.39097169089518e-05
2.39094310750876e-05
2.39091452480574e-05
2.3908859427861e-05
2.39085736144982e-05
2.39082878079686e-05
2.39080020082722e-05
2.39077162154085e-05
2.39074304293774e-05
2.39071446501787e-05
2.3906858877812e-05
2.39065731122772e-05
2.3906287353574e-05
2.39060016017021e-05
2.39057158566613e-05
2.39054301184514e-05
2.39051443870721e-05
2.39048586625232e-05
2.39045729448043e-05
2.39042872339154e-05
2.39040015298561e-05
2.39037158326262e-05
2.39034301422254e-05
2.39031444586535e-05
2.39028587819103e-05
2.39025731119955e-05
2.39022874489089e-05
2.39020017926501e-05
2.39017161432191e-05
2.39014305006155e-05
2.3901144864839e-05
2.39008592358895e-05
2.39005736137667e-05
2.39002879984704e-05
2.39000023900002e-05
2.38997167883561e-05
2.38994311935376e-05
2.38991456055446e-05
2.38988600243768e-05
2.38985744500341e-05
2.3898288882516e-05
2.38980033218225e-05
2.38977177679532e-05
2.38974322209079e-05
2.38971466806863e-05
2.38968611472883e-05
2.38965756207136e-05
2.38962901009618e-05
2.38960045880329e-05
2.38957190819265e-05
2.38954335826424e-05
2.38951480901803e-05
2.389486260454e-05
2.38945771257213e-05
2.38942916537239e-05
2.38940061885476e-05
2.38937207301921e-05
2.38934352786572e-05
2.38931498339426e-05
2.38928643960481e-05
2.38925789649735e-05
2.38922935407184e-05
2.38920081232828e-05
2.38917227126662e-05
2.38914373088685e-05
2.38911519118894e-05
2.38908665217287e-05
2.38905811383862e-05
2.38902957618615e-05
2.38900103921545e-05
2.38897250292649e-05
2.38894396731925e-05
2.38891543239369e-05
2.38888689814981e-05
2.38885836458756e-05
2.38882983170694e-05
2.38880129950791e-05
2.38877276799044e-05
2.38874423715453e-05
2.38871570700013e-05
2.38868717752723e-05
2.3886586487358e-05
2.38863012062582e-05
2.38860159319726e-05
2.3885730664501e-05
2.38854454038432e-05
2.38851601499988e-05
2.38848749029677e-05
2.38845896627496e-05
2.38843044293443e-05
2.38840192027514e-05
2.38837339829709e-05
2.38834487700024e-05
2.38831635638457e-05
2.38828783645005e-05
2.38825931719666e-05
2.38823079862438e-05
2.38820228073318e-05
2.38817376352303e-05
2.38814524699392e-05
2.38811673114582e-05
2.3880882159787e-05
2.38805970149254e-05
2.38803118768731e-05
2.388002674563e-05
2.38797416211957e-05
2.387945650357e-05
2.38791713927527e-05
2.38788862887435e-05
2.38786011915422e-05
2.38783161011485e-05
2.38780310175623e-05
2.38777459407832e-05
2.3877460870811e-05
2.38771758076455e-05
2.38768907512864e-05
2.38766057017334e-05
2.38763206589865e-05
2.38760356230451e-05
2.38757505939093e-05
2.38754655715786e-05
2.3875180556053e-05
2.3874895547332e-05
2.38746105454155e-05
2.38743255503032e-05
2.38740405619949e-05
2.38737555804904e-05
2.38734706057893e-05
2.38731856378915e-05
2.38729006767967e-05
2.38726157225047e-05
2.38723307750152e-05
2.3872045834328e-05
2.38717609004428e-05
2.38714759733594e-05
2.38711910530776e-05
2.38709061395971e-05
2.38706212329176e-05
2.38703363330389e-05
2.38700514399609e-05
2.38697665536831e-05
2.38694816742054e-05
2.38691968015276e-05
2.38689119356494e-05
2.38686270765706e-05
2.38683422242908e-05
2.38680573788099e-05
2.38677725401277e-05
2.38674877082438e-05
2.38672028831581e-05
2.38669180648703e-05
2.38666332533801e-05
2.38663484486874e-05
2.38660636507918e-05
2.38657788596931e-05
2.38654940753911e-05
2.38652092978855e-05
2.38649245271762e-05
2.38646397632628e-05
2.38643550061451e-05
2.38640702558228e-05
2.38637855122958e-05
2.38635007755638e-05
2.38632160456265e-05
2.38629313224837e-05
2.38626466061351e-05
2.38623618965805e-05
2.38620771938197e-05
2.38617924978524e-05
2.38615078086784e-05
2.38612231262975e-05
2.38609384507093e-05
2.38606537819136e-05
2.38603691199103e-05
2.3860084464699e-05
2.38597998162795e-05
2.38595151746516e-05
2.38592305398151e-05
2.38589459117696e-05
2.3858661290515e-05
2.3858376676051e-05
2.38580920683773e-05
2.38578074674937e-05
2.38575228734001e-05
2.3857238286096e-05
2.38569537055813e-05
2.38566691318558e-05
2.38563845649192e-05
2.38561000047712e-05
2.38558154514117e-05
2.38555309048403e-05
2.38552463650568e-05
2.38549618320611e-05
2.38546773058527e-05
2.38543927864316e-05
2.38541082737975e-05
2.385382376795e-05
2.3853539268889e-05
2.38532547766143e-05
2.38529702911255e-05
2.38526858124225e-05
2.3852401340505e-05
2.38521168753727e-05
2.38518324170254e-05
2.3851547965463e-05
2.3851263520685e-05
2.38509790826913e-05
2.38506946514817e-05
2.38504102270559e-05
2.38501258094136e-05
2.38498413985547e-05
2.38495569944788e-05
2.38492725971858e-05
2.38489882066753e-05
2.38487038229472e-05
2.38484194460012e-05
2.38481350758371e-05
2.38478507124545e-05
2.38475663558534e-05
2.38472820060334e-05
2.38469976629942e-05
2.38467133267357e-05
2.38464289972577e-05
2.38461446745597e-05
2.38458603586417e-05
2.38455760495034e-05
2.38452917471445e-05
2.38450074515648e-05
2.38447231627641e-05
2.3844438880742e-05
2.38441546054985e-05
2.38438703370331e-05
2.38435860753457e-05
2.38433018204361e-05
2.3843017572304e-05
2.38427333309491e-05
2.38424490963712e-05
2.38421648685701e-05
2.38418806475455e-05
2.38415964332972e-05
2.38413122258249e-05
2.38410280251284e-05
2.38407438312075e-05
2.38404596440619e-05
2.38401754636914e-05
2.38398912900957e-05
2.38396071232746e-05
2.38393229632278e-05
2.38390388099552e-05
2.38387546634564e-05
2.38384705237312e-05
2.38381863907794e-05
2.38379022646007e-05
2.38376181451949e-05
2.38373340325618e-05
2.38370499267011e-05
2.38367658276125e-05
2.38364817352959e-05
2.38361976497509e-05
2.38359135709774e-05
2.38356294989751e-05
2.38353454337437e-05
2.3835061375283e-05
2.38347773235929e-05
2.38344932786729e-05
2.38342092405229e-05
2.38339252091427e-05
2.3833641184532e-05
2.38333571666905e-05
2.38330731556181e-05
2.38327891513144e-05
2.38325051537792e-05
2.38322211630124e-05
2.38319371790136e-05
2.38316532017826e-05
2.38313692313192e-05
2.38310852676231e-05
2.38308013106941e-05
2.38305173605319e-05
2.38302334171363e-05
2.38299494805071e-05
2.3829665550644e-05
2.38293816275468e-05
2.38290977112152e-05
2.3828813801649e-05
2.38285298988479e-05
2.38282460028117e-05
2.38279621135402e-05
2.38276782310332e-05
2.38273943552903e-05
2.38271104863113e-05
2.38268266240961e-05
2.38265427686443e-05
2.38262589199557e-05
2.38259750780301e-05
2.38256912428672e-05
2.38254074144668e-05
2.38251235928286e-05
2.38248397779525e-05
2.38245559698381e-05
2.38242721684853e-05
2.38239883738937e-05
2.38237045860631e-05
2.38234208049934e-05
2.38231370306842e-05
2.38228532631353e-05
2.38225695023465e-05
2.38222857483176e-05
2.38220020010482e-05
2.38217182605381e-05
2.38214345267872e-05
2.38211507997951e-05
2.38208670795617e-05
2.38205833660866e-05
2.38202996593697e-05
2.38200159594107e-05
2.38197322662093e-05
2.38194485797654e-05
2.38191649000786e-05
2.38188812271488e-05
2.38185975609756e-05
2.38183139015589e-05
2.38180302488984e-05
2.38177466029939e-05
2.38174629638451e-05
2.38171793314518e-05
2.38168957058137e-05
2.38166120869306e-05
2.38163284748023e-05
2.38160448694285e-05
2.3815761270809e-05
2.38154776789435e-05
2.38151940938319e-05
2.38149105154737e-05
2.38146269438689e-05
2.38143433790172e-05
2.38140598209183e-05
2.38137762695719e-05
2.3813492724978e-05
2.38132091871361e-05
2.38129256560461e-05
2.38126421317077e-05
2.38123586141207e-05
2.38120751032849e-05
2.38117915991999e-05
2.38115081018656e-05
2.38112246112818e-05
2.38109411274481e-05
2.38106576503643e-05
2.38103741800302e-05
2.38100907164456e-05
2.38098072596102e-05
2.38095238095238e-05
2.38092403661861e-05
2.38089569295969e-05
2.3808673499756e-05
2.3808390076663e-05
2.38081066603178e-05
2.38078232507202e-05
2.38075398478698e-05
2.38072564517665e-05
2.380697306241e-05
2.38066896798e-05
2.38064063039364e-05
2.38061229348188e-05
2.38058395724471e-05
2.3805556216821e-05
2.38052728679402e-05
2.38049895258046e-05
2.38047061904138e-05
2.38044228617677e-05
2.3804139539866e-05
2.38038562247084e-05
2.38035729162947e-05
2.38032896146247e-05
2.38030063196982e-05
2.38027230315148e-05
2.38024397500744e-05
2.38021564753767e-05
2.38018732074214e-05
2.38015899462084e-05
2.38013066917374e-05
2.38010234440081e-05
2.38007402030203e-05
2.38004569687738e-05
2.38001737412683e-05
2.37998905205036e-05
2.37996073064794e-05
2.37993240991956e-05
2.37990408986518e-05
2.37987577048478e-05
2.37984745177834e-05
2.37981913374584e-05
2.37979081638724e-05
2.37976249970253e-05
2.37973418369168e-05
2.37970586835467e-05
2.37967755369147e-05
2.37964923970207e-05
2.37962092638643e-05
2.37959261374453e-05
2.37956430177634e-05
2.37953599048186e-05
2.37950767986104e-05
2.37947936991386e-05
2.37945106064031e-05
2.37942275204036e-05
2.37939444411397e-05
2.37936613686114e-05
2.37933783028183e-05
2.37930952437603e-05
2.3792812191437e-05
2.37925291458482e-05
2.37922461069937e-05
2.37919630748733e-05
2.37916800494867e-05
2.37913970308337e-05
2.37911140189139e-05
2.37908310137273e-05
2.37905480152735e-05
2.37902650235524e-05
2.37899820385636e-05
2.37896990603069e-05
2.37894160887821e-05
2.3789133123989e-05
2.37888501659272e-05
2.37885672145967e-05
2.3788284269997e-05
2.37880013321281e-05
2.37877184009896e-05
2.37874354765813e-05
2.37871525589029e-05
2.37868696479543e-05
2.37865867437352e-05
2.37863038462453e-05
2.37860209554845e-05
2.37857380714524e-05
2.37854551941488e-05
2.37851723235735e-05
2.37848894597262e-05
2.37846066026068e-05
2.37843237522149e-05
2.37840409085504e-05
2.37837580716129e-05
2.37834752414023e-05
2.37831924179183e-05
2.37829096011606e-05
2.37826267911291e-05
2.37823439878234e-05
2.37820611912434e-05
2.37817784013889e-05
2.37814956182594e-05
2.37812128418549e-05
2.37809300721751e-05
2.37806473092198e-05
2.37803645529886e-05
2.37800818034814e-05
2.37797990606979e-05
2.3779516324638e-05
2.37792335953012e-05
2.37789508726875e-05
2.37786681567965e-05
2.37783854476281e-05
2.3778102745182e-05
2.37778200494579e-05
2.37775373604556e-05
2.37772546781749e-05
2.37769720026155e-05
2.37766893337772e-05
2.37764066716597e-05
2.37761240162629e-05
2.37758413675864e-05
2.37755587256301e-05
2.37752760903936e-05
2.37749934618768e-05
2.37747108400794e-05
2.37744282250012e-05
2.37741456166419e-05
2.37738630150013e-05
2.37735804200792e-05
2.37732978318752e-05
2.37730152503893e-05
2.37727326756211e-05
2.37724501075703e-05
2.37721675462369e-05
2.37718849916204e-05
2.37716024437207e-05
2.37713199025376e-05
2.37710373680707e-05
2.377075484032e-05
2.3770472319285e-05
2.37701898049656e-05
2.37699072973615e-05
2.37696247964726e-05
2.37693423022985e-05
2.3769059814839e-05
2.37687773340939e-05
2.3768494860063e-05
2.37682123927459e-05
2.37679299321426e-05
2.37676474782526e-05
2.37673650310758e-05
2.3767082590612e-05
2.37668001568609e-05
2.37665177298222e-05
2.37662353094958e-05
2.37659528958814e-05
2.37656704889787e-05
2.37653880887875e-05
2.37651056953076e-05
2.37648233085387e-05
2.37645409284806e-05
2.37642585551331e-05
2.37639761884959e-05
2.37636938285687e-05
2.37634114753514e-05
2.37631291288437e-05
2.37628467890453e-05
2.37625644559561e-05
2.37622821295757e-05
2.3761999809904e-05
2.37617174969407e-05
2.37614351906855e-05
2.37611528911383e-05
2.37608705982987e-05
2.37605883121666e-05
2.37603060327417e-05
2.37600237600238e-05
2.37597414940125e-05
2.37594592347078e-05
2.37591769821093e-05
2.37588947362169e-05
2.37586124970302e-05
2.3758330264549e-05
2.37580480387731e-05
2.37577658197023e-05
2.37574836073363e-05
2.37572014016749e-05
2.37569192027178e-05
2.37566370104648e-05
2.37563548249157e-05
2.37560726460702e-05
2.3755790473928e-05
2.3755508308489e-05
2.37552261497529e-05
2.37549439977195e-05
2.37546618523885e-05
2.37543797137597e-05
2.37540975818329e-05
2.37538154566077e-05
2.3753533338084e-05
2.37532512262616e-05
2.37529691211401e-05
2.37526870227194e-05
2.37524049309993e-05
2.37521228459794e-05
2.37518407676595e-05
2.37515586960394e-05
2.37512766311189e-05
2.37509945728977e-05
2.37507125213756e-05
2.37504304765524e-05
2.37501484384277e-05
2.37498664070015e-05
2.37495843822733e-05
2.37493023642431e-05
2.37490203529104e-05
2.37487383482752e-05
2.37484563503372e-05
2.37481743590961e-05
2.37478923745518e-05
2.37476103967038e-05
2.37473284255521e-05
2.37470464610964e-05
2.37467645033364e-05
2.37464825522719e-05
2.37462006079027e-05
2.37459186702286e-05
2.37456367392492e-05
2.37453548149643e-05
2.37450728973738e-05
2.37447909864773e-05
2.37445090822747e-05
2.37442271847657e-05
2.374394529395e-05
2.37436634098275e-05
2.37433815323978e-05
2.37430996616608e-05
2.37428177976162e-05
2.37425359402638e-05
2.37422540896033e-05
2.37419722456344e-05
2.37416904083571e-05
2.37414085777709e-05
2.37411267538757e-05
2.37408449366713e-05
2.37405631261574e-05
2.37402813223337e-05
2.37399995252e-05
2.37397177347561e-05
2.37394359510018e-05
2.37391541739368e-05
2.37388724035608e-05
2.37385906398737e-05
2.37383088828752e-05
2.3738027132565e-05
2.3737745388943e-05
2.37374636520088e-05
2.37371819217622e-05
2.37369001982031e-05
2.37366184813311e-05
2.37363367711461e-05
2.37360550676478e-05
2.37357733708359e-05
2.37354916807102e-05
2.37352099972704e-05
2.37349283205165e-05
2.3734646650448e-05
2.37343649870648e-05
2.37340833303666e-05
2.37338016803532e-05
2.37335200370243e-05
2.37332384003797e-05
2.37329567704192e-05
2.37326751471426e-05
2.37323935305495e-05
2.37321119206398e-05
2.37318303174132e-05
2.37315487208695e-05
2.37312671310085e-05
2.37309855478298e-05
2.37307039713333e-05
2.37304224015187e-05
2.37301408383859e-05
2.37298592819345e-05
2.37295777321643e-05
2.3729296189075e-05
2.37290146526665e-05
2.37287331229386e-05
2.37284515998908e-05
2.37281700835232e-05
2.37278885738353e-05
2.37276070708269e-05
2.37273255744979e-05
2.37270440848479e-05
2.37267626018768e-05
2.37264811255843e-05
2.37261996559701e-05
2.37259181930341e-05
2.37256367367759e-05
2.37253552871954e-05
2.37250738442923e-05
2.37247924080664e-05
2.37245109785175e-05
2.37242295556452e-05
2.37239481394494e-05
2.37236667299298e-05
2.37233853270862e-05
2.37231039309183e-05
2.3722822541426e-05
2.37225411586089e-05
2.37222597824669e-05
2.37219784129996e-05
2.3721697050207e-05
2.37214156940886e-05
2.37211343446444e-05
2.37208530018739e-05
2.37205716657771e-05
2.37202903363537e-05
2.37200090136034e-05
2.3719727697526e-05
2.37194463881213e-05
2.3719165085389e-05
2.37188837893289e-05
2.37186024999407e-05
2.37183212172242e-05
2.37180399411793e-05
2.37177586718055e-05
2.37174774091028e-05
2.37171961530708e-05
2.37169149037093e-05
2.37166336610182e-05
2.3716352424997e-05
2.37160711956457e-05
2.3715789972964e-05
2.37155087569516e-05
2.37152275476083e-05
2.37149463449339e-05
2.37146651489281e-05
2.37143839595907e-05
2.37141027769214e-05
2.37138216009201e-05
2.37135404315864e-05
2.37132592689202e-05
2.37129781129212e-05
2.37126969635892e-05
2.37124158209238e-05
2.3712134684925e-05
2.37118535555924e-05
2.37115724329259e-05
2.37112913169251e-05
2.37110102075899e-05
2.371072910492e-05
2.37104480089151e-05
2.37101669195751e-05
2.37098858368997e-05
2.37096047608886e-05
2.37093236915417e-05
2.37090426288586e-05
2.37087615728392e-05
2.37084805234833e-05
2.37081994807904e-05
2.37079184447606e-05
2.37076374153934e-05
2.37073563926887e-05
2.37070753766462e-05
2.37067943672657e-05
2.37065133645469e-05
2.37062323684897e-05
2.37059513790937e-05
2.37056703963588e-05
2.37053894202847e-05
2.37051084508712e-05
2.3704827488118e-05
2.37045465320248e-05
2.37042655825916e-05
2.3703984639818e-05
2.37037037037037e-05
2.37034227742486e-05
2.37031418514524e-05
2.37028609353149e-05
2.37025800258358e-05
2.37022991230149e-05
2.3702018226852e-05
2.37017373373468e-05
2.37014564544991e-05
2.37011755783087e-05
2.37008947087753e-05
2.37006138458986e-05
2.37003329896785e-05
2.37000521401147e-05
2.3699771297207e-05
2.36994904609551e-05
2.36992096313588e-05
2.36989288084179e-05
2.3698647992132e-05
2.36983671825011e-05
2.36980863795249e-05
2.3697805583203e-05
2.36975247935353e-05
2.36972440105216e-05
2.36969632341615e-05
2.3696682464455e-05
2.36964017014016e-05
2.36961209450013e-05
2.36958401952537e-05
2.36955594521587e-05
2.36952787157159e-05
2.36949979859252e-05
2.36947172627863e-05
2.36944365462989e-05
2.36941558364629e-05
2.3693875133278e-05
2.3693594436744e-05
2.36933137468606e-05
2.36930330636276e-05
2.36927523870448e-05
2.36924717171119e-05
2.36921910538287e-05
2.36919103971949e-05
2.36916297472103e-05
2.36913491038747e-05
2.36910684671879e-05
2.36907878371495e-05
2.36905072137594e-05
2.36902265970174e-05
2.36899459869232e-05
2.36896653834765e-05
2.36893847866771e-05
2.36891041965248e-05
2.36888236130194e-05
2.36885430361606e-05
2.36882624659481e-05
2.36879819023818e-05
2.36877013454614e-05
2.36874207951867e-05
2.36871402515574e-05
2.36868597145733e-05
2.36865791842342e-05
2.36862986605398e-05
2.36860181434899e-05
2.36857376330842e-05
2.36854571293226e-05
2.36851766322047e-05
2.36848961417304e-05
2.36846156578994e-05
2.36843351807115e-05
2.36840547101664e-05
2.36837742462639e-05
2.36834937890038e-05
2.36832133383858e-05
2.36829328944096e-05
2.36826524570752e-05
2.36823720263822e-05
2.36820916023303e-05
2.36818111849194e-05
2.36815307741492e-05
2.36812503700195e-05
2.36809699725301e-05
2.36806895816806e-05
2.36804091974709e-05
2.36801288199008e-05
2.36798484489699e-05
2.36795680846781e-05
2.36792877270252e-05
2.36790073760108e-05
2.36787270316348e-05
2.36784466938969e-05
2.36781663627969e-05
2.36778860383345e-05
2.36776057205095e-05
2.36773254093218e-05
2.36770451047709e-05
2.36767648068568e-05
2.36764845155791e-05
2.36762042309377e-05
2.36759239529323e-05
2.36756436815626e-05
2.36753634168284e-05
2.36750831587296e-05
2.36748029072658e-05
2.36745226624368e-05
2.36742424242424e-05
2.36739621926824e-05
2.36736819677564e-05
2.36734017494644e-05
2.3673121537806e-05
2.3672841332781e-05
2.36725611343891e-05
2.36722809426302e-05
2.3672000757504e-05
2.36717205790103e-05
2.36714404071488e-05
2.36711602419193e-05
2.36708800833215e-05
2.36705999313553e-05
2.36703197860203e-05
2.36700396473164e-05
2.36697595152433e-05
2.36694793898008e-05
2.36691992709887e-05
2.36689191588066e-05
2.36686390532544e-05
2.36683589543319e-05
2.36680788620388e-05
2.36677987763748e-05
2.36675186973398e-05
2.36672386249334e-05
2.36669585591556e-05
2.36666785000059e-05
2.36663984474843e-05
2.36661184015904e-05
2.3665838362324e-05
2.36655583296849e-05
2.36652783036728e-05
2.36649982842876e-05
2.3664718271529e-05
2.36644382653967e-05
2.36641582658905e-05
2.36638782730102e-05
2.36635982867555e-05
2.36633183071262e-05
2.36630383341221e-05
2.36627583677429e-05
2.36624784079885e-05
2.36621984548584e-05
2.36619185083527e-05
2.36616385684709e-05
2.36613586352128e-05
2.36610787085783e-05
2.36607987885671e-05
2.36605188751789e-05
2.36602389684136e-05
2.36599590682708e-05
2.36596791747504e-05
2.36593992878521e-05
2.36591194075756e-05
2.36588395339209e-05
2.36585596668875e-05
2.36582798064753e-05
2.3657999952684e-05
2.36577201055134e-05
2.36574402649633e-05
2.36571604310335e-05
2.36568806037236e-05
2.36566007830335e-05
2.36563209689629e-05
2.36560411615116e-05
2.36557613606794e-05
2.3655481566466e-05
2.36552017788712e-05
2.36549219978947e-05
2.36546422235364e-05
2.36543624557959e-05
2.36540826946731e-05
2.36538029401677e-05
2.36535231922795e-05
2.36532434510082e-05
2.36529637163537e-05
2.36526839883156e-05
2.36524042668937e-05
2.36521245520879e-05
2.36518448438978e-05
2.36515651423233e-05
2.36512854473641e-05
2.36510057590199e-05
2.36507260772906e-05
2.36504464021758e-05
2.36501667336755e-05
2.36498870717892e-05
2.36496074165169e-05
2.36493277678582e-05
2.36490481258129e-05
2.36487684903809e-05
2.36484888615617e-05
2.36482092393553e-05
2.36479296237614e-05
2.36476500147798e-05
2.36473704124101e-05
2.36470908166523e-05
2.3646811227506e-05
2.3646531644971e-05
2.36462520690471e-05
2.3645972499734e-05
2.36456929370315e-05
2.36454133809394e-05
2.36451338314575e-05
2.36448542885854e-05
2.36445747523231e-05
2.36442952226702e-05
2.36440156996264e-05
2.36437361831917e-05
2.36434566733656e-05
2.36431771701481e-05
2.36428976735389e-05
2.36426181835376e-05
2.36423387001442e-05
2.36420592233584e-05
2.36417797531798e-05
2.36415002896084e-05
2.36412208326438e-05
2.36409413822858e-05
2.36406619385343e-05
2.36403825013889e-05
2.36401030708494e-05
2.36398236469156e-05
2.36395442295873e-05
2.36392648188641e-05
2.3638985414746e-05
2.36387060172326e-05
2.36384266263238e-05
2.36381472420192e-05
2.36378678643186e-05
2.36375884932219e-05
2.36373091287288e-05
2.3637029770839e-05
2.36367504195523e-05
2.36364710748685e-05
2.36361917367874e-05
2.36359124053086e-05
2.36356330804321e-05
2.36353537621574e-05
2.36350744504845e-05
2.36347951454131e-05
2.36345158469429e-05
2.36342365550737e-05
2.36339572698053e-05
2.36336779911374e-05
2.36333987190698e-05
2.36331194536023e-05
2.36328401947346e-05
2.36325609424665e-05
2.36322816967978e-05
2.36320024577283e-05
2.36317232252576e-05
2.36314439993856e-05
2.3631164780112e-05
2.36308855674366e-05
2.36306063613592e-05
2.36303271618796e-05
2.36300479689974e-05
2.36297687827125e-05
2.36294896030246e-05
2.36292104299335e-05
2.3628931263439e-05
2.36286521035408e-05
2.36283729502386e-05
2.36280938035324e-05
2.36278146634218e-05
2.36275355299066e-05
2.36272564029865e-05
2.36269772826613e-05
2.36266981689309e-05
2.36264190617949e-05
2.36261399612531e-05
2.36258608673054e-05
2.36255817799513e-05
2.36253026991908e-05
2.36250236250236e-05
2.36247445574495e-05
2.36244654964681e-05
2.36241864420794e-05
2.3623907394283e-05
2.36236283530788e-05
2.36233493184664e-05
2.36230702904456e-05
2.36227912690163e-05
2.36225122541782e-05
2.36222332459311e-05
2.36219542442746e-05
2.36216752492087e-05
2.3621396260733e-05
2.36211172788473e-05
2.36208383035514e-05
2.3620559334845e-05
2.3620280372728e-05
2.36200014172001e-05
2.3619722468261e-05
2.36194435259105e-05
2.36191645901484e-05
2.36188856609745e-05
2.36186067383885e-05
2.36183278223902e-05
2.36180489129793e-05
2.36177700101556e-05
2.3617491113919e-05
2.3617212224269e-05
2.36169333412056e-05
2.36166544647285e-05
2.36163755948375e-05
2.36160967315322e-05
2.36158178748125e-05
2.36155390246782e-05
2.3615260181129e-05
2.36149813441647e-05
2.36147025137851e-05
2.36144236899898e-05
2.36141448727788e-05
2.36138660621517e-05
2.36135872581083e-05
2.36133084606484e-05
2.36130296697718e-05
2.36127508854782e-05
2.36124721077673e-05
2.3612193336639e-05
2.36119145720931e-05
2.36116358141292e-05
2.36113570627472e-05
2.36110783179468e-05
2.36107995797278e-05
2.36105208480899e-05
2.3610242123033e-05
2.36099634045567e-05
2.36096846926609e-05
2.36094059873454e-05
2.36091272886098e-05
2.3608848596454e-05
2.36085699108776e-05
2.36082912318806e-05
2.36080125594627e-05
2.36077338936236e-05
2.3607455234363e-05
2.36071765816808e-05
2.36068979355768e-05
2.36066192960506e-05
2.36063406631021e-05
2.3606062036731e-05
2.36057834169371e-05
2.36055048037202e-05
2.360522619708e-05
2.36049475970163e-05
2.36046690035289e-05
2.36043904166175e-05
2.36041118362819e-05
2.36038332625218e-05
2.36035546953371e-05
2.36032761347275e-05
2.36029975806927e-05
2.36027190332326e-05
2.36024404923469e-05
2.36021619580354e-05
2.36018834302977e-05
2.36016049091338e-05
2.36013263945434e-05
2.36010478865262e-05
2.3600769385082e-05
2.36004908902105e-05
2.36002124019116e-05
2.3599933920185e-05
2.35996554450305e-05
2.35993769764478e-05
2.35990985144367e-05
2.35988200589971e-05
2.35985416101285e-05
2.35982631678308e-05
2.35979847321039e-05
2.35977063029474e-05
2.3597427880361e-05
2.35971494643447e-05
2.35968710548981e-05
2.3596592652021e-05
2.35963142557133e-05
2.35960358659745e-05
2.35957574828046e-05
2.35954791062033e-05
2.35952007361703e-05
2.35949223727054e-05
2.35946440158084e-05
2.35943656654791e-05
2.35940873217172e-05
2.35938089845225e-05
2.35935306538947e-05
2.35932523298337e-05
2.35929740123391e-05
2.35926957014108e-05
2.35924173970486e-05
2.35921390992521e-05
2.35918608080212e-05
2.35915825233557e-05
2.35913042452552e-05
2.35910259737196e-05
2.35907477087486e-05
2.35904694503421e-05
2.35901911984997e-05
2.35899129532212e-05
2.35896347145064e-05
2.35893564823552e-05
2.35890782567671e-05
2.35888000377421e-05
2.35885218252798e-05
2.35882436193801e-05
2.35879654200427e-05
2.35876872272674e-05
2.35874090410539e-05
2.3587130861402e-05
2.35868526883115e-05
2.35865745217822e-05
2.35862963618138e-05
2.35860182084061e-05
2.35857400615588e-05
2.35854619212717e-05
2.35851837875447e-05
2.35849056603774e-05
2.35846275397696e-05
2.35843494257211e-05
2.35840713182317e-05
2.35837932173011e-05
2.35835151229291e-05
2.35832370351154e-05
2.35829589538599e-05
2.35826808791623e-05
2.35824028110224e-05
2.35821247494399e-05
2.35818466944146e-05
2.35815686459463e-05
2.35812906040348e-05
2.35810125686797e-05
2.35807345398809e-05
2.35804565176382e-05
2.35801785019513e-05
2.35799004928199e-05
2.35796224902439e-05
2.35793444942231e-05
2.35790665047571e-05
2.35787885218457e-05
2.35785105454888e-05
2.35782325756861e-05
2.35779546124374e-05
2.35776766557423e-05
2.35773987056008e-05
2.35771207620125e-05
2.35768428249773e-05
2.35765648944949e-05
2.3576286970565e-05
2.35760090531875e-05
2.35757311423621e-05
2.35754532380885e-05
2.35751753403666e-05
2.35748974491961e-05
2.35746195645768e-05
2.35743416865084e-05
2.35740638149907e-05
2.35737859500236e-05
2.35735080916067e-05
2.35732302397398e-05
2.35729523944226e-05
2.35726745556551e-05
2.35723967234369e-05
2.35721188977677e-05
2.35718410786474e-05
2.35715632660758e-05
2.35712854600526e-05
2.35710076605775e-05
2.35707298676504e-05
2.35704520812709e-05
2.3570174301439e-05
2.35698965281542e-05
2.35696187614165e-05
2.35693410012256e-05
2.35690632475812e-05
2.35687855004832e-05
2.35685077599312e-05
2.35682300259251e-05
2.35679522984645e-05
2.35676745775494e-05
2.35673968631795e-05
2.35671191553545e-05
2.35668414540741e-05
2.35665637593383e-05
2.35662860711466e-05
2.3566008389499e-05
2.35657307143951e-05
2.35654530458348e-05
2.35651753838178e-05
2.35648977283439e-05
2.35646200794128e-05
2.35643424370243e-05
2.35640648011782e-05
2.35637871718743e-05
2.35635095491122e-05
2.35632319328919e-05
2.3562954323213e-05
2.35626767200754e-05
2.35623991234788e-05
2.35621215334229e-05
2.35618439499075e-05
2.35615663729325e-05
2.35612888024975e-05
2.35610112386024e-05
2.35607336812468e-05
2.35604561304307e-05
2.35601785861537e-05
2.35599010484156e-05
2.35596235172162e-05
2.35593459925552e-05
2.35590684744325e-05
2.35587909628478e-05
2.35585134578008e-05
2.35582359592914e-05
2.35579584673192e-05
2.35576809818841e-05
2.35574035029859e-05
2.35571260306243e-05
2.3556848564799e-05
2.35565711055099e-05
2.35562936527567e-05
2.35560162065392e-05
2.35557387668571e-05
2.35554613337102e-05
2.35551839070984e-05
2.35549064870212e-05
2.35546290734787e-05
2.35543516664704e-05
2.35540742659962e-05
2.35537968720558e-05
2.3553519484649e-05
2.35532421037756e-05
2.35529647294353e-05
2.3552687361628e-05
2.35524100003533e-05
2.35521326456111e-05
2.35518552974011e-05
2.3551577955723e-05
2.35513006205768e-05
2.3551023291962e-05
2.35507459698786e-05
2.35504686543262e-05
2.35501913453047e-05
2.35499140428137e-05
2.35496367468532e-05
2.35493594574228e-05
2.35490821745222e-05
2.35488048981514e-05
2.354852762831e-05
2.35482503649979e-05
2.35479731082147e-05
2.35476958579603e-05
2.35474186142344e-05
2.35471413770368e-05
2.35468641463673e-05
2.35465869222256e-05
2.35463097046115e-05
2.35460324935248e-05
2.35457552889653e-05
2.35454780909326e-05
2.35452008994267e-05
2.35449237144472e-05
2.35446465359939e-05
2.35443693640666e-05
2.35440921986651e-05
2.3543815039789e-05
2.35435378874383e-05
2.35432607416127e-05
2.35429836023119e-05
2.35427064695357e-05
2.35424293432839e-05
2.35421522235563e-05
2.35418751103525e-05
2.35415980036725e-05
2.35413209035159e-05
2.35410438098825e-05
2.35407667227722e-05
2.35404896421846e-05
2.35402125681195e-05
2.35399355005767e-05
2.3539658439556e-05
2.35393813850572e-05
2.353910433708e-05
2.35388272956241e-05
2.35385502606894e-05
2.35382732322757e-05
2.35379962103826e-05
2.353771919501e-05
2.35374421861576e-05
2.35371651838253e-05
2.35368881880127e-05
2.35366111987196e-05
2.35363342159459e-05
2.35360572396912e-05
2.35357802699554e-05
2.35355033067382e-05
2.35352263500394e-05
2.35349493998588e-05
2.35346724561961e-05
2.35343955190511e-05
2.35341185884236e-05
2.35338416643133e-05
2.353356474672e-05
2.35332878356435e-05
2.35330109310836e-05
2.353273403304e-05
2.35324571415124e-05
2.35321802565008e-05
2.35319033780047e-05
2.35316265060241e-05
2.35313496405586e-05
2.35310727816081e-05
2.35307959291723e-05
2.3530519083251e-05
2.35302422438439e-05
2.35299654109508e-05
2.35296885845716e-05
2.35294117647059e-05
2.35291349513535e-05
2.35288581445142e-05
2.35285813441879e-05
2.35283045503741e-05
2.35280277630728e-05
2.35277509822836e-05
2.35274742080064e-05
2.35271974402409e-05
2.35269206789869e-05
2.35266439242442e-05
2.35263671760125e-05
2.35260904342916e-05
2.35258136990813e-05
2.35255369703813e-05
2.35252602481915e-05
2.35249835325115e-05
2.35247068233412e-05
2.35244301206803e-05
2.35241534245286e-05
2.35238767348859e-05
2.35236000517519e-05
2.35233233751264e-05
2.35230467050092e-05
2.35227700414001e-05
2.35224933842987e-05
2.3522216733705e-05
2.35219400896186e-05
2.35216634520393e-05
2.3521386820967e-05
2.35211101964013e-05
2.3520833578342e-05
2.3520556966789e-05
2.35202803617419e-05
2.35200037632006e-05
2.35197271711648e-05
2.35194505856343e-05
2.35191740066089e-05
2.35188974340883e-05
2.35186208680723e-05
2.35183443085607e-05
2.35180677555532e-05
2.35177912090496e-05
2.35175146690498e-05
2.35172381355534e-05
2.35169616085602e-05
2.351668508807e-05
2.35164085740826e-05
2.35161320665977e-05
2.35158555656151e-05
2.35155790711346e-05
2.3515302583156e-05
2.3515026101679e-05
2.35147496267034e-05
2.35144731582289e-05
2.35141966962554e-05
2.35139202407825e-05
2.35136437918102e-05
2.35133673493381e-05
2.3513090913366e-05
2.35128144838937e-05
2.3512538060921e-05
2.35122616444476e-05
2.35119852344733e-05
2.35117088309978e-05
2.3511432434021e-05
2.35111560435427e-05
2.35108796595625e-05
2.35106032820802e-05
2.35103269110957e-05
2.35100505466087e-05
2.35097741886189e-05
2.35094978371262e-05
2.35092214921303e-05
2.3508945153631e-05
2.3508668821628e-05
2.35083924961211e-05
2.35081161771101e-05
2.35078398645948e-05
2.3507563558575e-05
2.35072872590503e-05
2.35070109660206e-05
2.35067346794857e-05
2.35064583994452e-05
2.35061821258991e-05
2.3505905858847e-05
2.35056295982888e-05
2.35053533442241e-05
2.35050770966529e-05
2.35048008555748e-05
2.35045246209895e-05
2.3504248392897e-05
2.3503972171297e-05
2.35036959561891e-05
2.35034197475733e-05
2.35031435454492e-05
2.35028673498167e-05
2.35025911606755e-05
2.35023149780253e-05
2.35020388018661e-05
2.35017626321974e-05
2.35014864690192e-05
2.35012103123311e-05
2.35009341621329e-05
2.35006580184245e-05
2.35003818812056e-05
2.35001057504759e-05
2.34998296262352e-05
2.34995535084833e-05
2.349927739722e-05
2.34990012924451e-05
2.34987251941582e-05
2.34984491023592e-05
2.34981730170479e-05
2.3497896938224e-05
2.34976208658873e-05
2.34973448000376e-05
2.34970687406746e-05
2.34967926877981e-05
2.34965166414079e-05
2.34962406015038e-05
2.34959645680854e-05
2.34956885411527e-05
2.34954125207053e-05
2.34951365067431e-05
2.34948604992658e-05
2.34945844982731e-05
2.3494308503765e-05
2.3494032515741e-05
2.3493756534201e-05
2.34934805591448e-05
2.34932045905722e-05
2.34929286284828e-05
2.34926526728766e-05
2.34923767237531e-05
2.34921007811124e-05
2.3491824844954e-05
2.34915489152777e-05
2.34912729920834e-05
2.34909970753709e-05
2.34907211651398e-05
2.34904452613899e-05
2.34901693641211e-05
2.34898934733331e-05
2.34896175890257e-05
2.34893417111985e-05
2.34890658398516e-05
2.34887899749844e-05
2.3488514116597e-05
2.3488238264689e-05
2.34879624192601e-05
2.34876865803103e-05
2.34874107478392e-05
2.34871349218466e-05
2.34868591023322e-05
2.3486583289296e-05
2.34863074827376e-05
2.34860316826567e-05
2.34857558890533e-05
2.3485480101927e-05
2.34852043212776e-05
2.34849285471049e-05
2.34846527794087e-05
2.34843770181886e-05
2.34841012634446e-05
2.34838255151764e-05
2.34835497733837e-05
2.34832740380664e-05
2.34829983092241e-05
2.34827225868567e-05
2.3482446870964e-05
2.34821711615456e-05
2.34818954586014e-05
2.34816197621312e-05
2.34813440721347e-05
2.34810683886117e-05
2.34807927115619e-05
2.34805170409852e-05
2.34802413768814e-05
2.34799657192501e-05
2.34796900680911e-05
2.34794144234043e-05
2.34791387851894e-05
2.34788631534461e-05
2.34785875281743e-05
2.34783119093737e-05
2.34780362970441e-05
2.34777606911853e-05
2.3477485091797e-05
2.3477209498879e-05
2.3476933912431e-05
2.3476658332453e-05
2.34763827589445e-05
2.34761071919054e-05
2.34758316313355e-05
2.34755560772346e-05
2.34752805296023e-05
2.34750049884386e-05
2.3474729453743e-05
2.34744539255156e-05
2.34741784037559e-05
2.34739028884637e-05
2.3473627379639e-05
2.34733518772813e-05
2.34730763813905e-05
2.34728008919664e-05
2.34725254090088e-05
2.34722499325173e-05
2.34719744624918e-05
2.3471698998932e-05
2.34714235418378e-05
2.34711480912089e-05
2.3470872647045e-05
2.3470597209346e-05
2.34703217781116e-05
2.34700463533415e-05
2.34697709350357e-05
3.52042432847906e-05
3.52038301767232e-05
3.52034170783511e-05
3.52030039896738e-05
3.5202590910691e-05
3.52021778414025e-05
3.52017647818077e-05
3.52013517319065e-05
3.52009386916984e-05
3.52005256611832e-05
3.52001126403604e-05
3.51996996292298e-05
3.5199286627791e-05
3.51988736360436e-05
3.51984606539874e-05
3.51980476816219e-05
3.51976347189469e-05
3.51972217659619e-05
3.51968088226667e-05
3.5196395889061e-05
3.51959829651442e-05
3.51955700509163e-05
3.51951571463767e-05
3.51947442515251e-05
3.51943313663613e-05
3.51939184908848e-05
3.51935056250953e-05
3.51930927689925e-05
3.51926799225761e-05
3.51922670858457e-05
3.51918542588009e-05
3.51914414414414e-05
3.5191028633767e-05
3.51906158357771e-05
3.51902030474716e-05
3.518979026885e-05
3.5189377499912e-05
3.51889647406573e-05
3.51885519910856e-05
3.51881392511964e-05
3.51877265209895e-05
3.51873138004645e-05
3.5186901089621e-05
3.51864883884588e-05
3.51860756969775e-05
3.51856630151767e-05
3.51852503430562e-05
3.51848376806155e-05
3.51844250278543e-05
3.51840123847724e-05
3.51835997513692e-05
3.51831871276446e-05
3.51827745135981e-05
3.51823619092295e-05
3.51819493145384e-05
3.51815367295243e-05
3.51811241541871e-05
3.51807115885264e-05
3.51802990325418e-05
3.51798864862329e-05
3.51794739495995e-05
3.51790614226412e-05
3.51786489053577e-05
3.51782363977486e-05
3.51778238998136e-05
3.51774114115523e-05
3.51769989329644e-05
3.51765864640495e-05
3.51761740048074e-05
3.51757615552377e-05
3.517534911534e-05
3.5174936685114e-05
3.51745242645593e-05
3.51741118536757e-05
3.51736994524627e-05
3.51732870609201e-05
3.51728746790475e-05
3.51724623068446e-05
3.51720499443109e-05
3.51716375914463e-05
3.51712252482502e-05
3.51708129147225e-05
3.51704005908627e-05
3.51699882766706e-05
3.51695759721457e-05
3.51691636772878e-05
3.51687513920964e-05
3.51683391165713e-05
3.51679268507122e-05
3.51675145945186e-05
3.51671023479902e-05
3.51666901111267e-05
3.51662778839278e-05
3.51658656663932e-05
3.51654534585223e-05
3.51650412603151e-05
3.5164629071771e-05
3.51642168928898e-05
3.51638047236711e-05
3.51633925641146e-05
3.51629804142199e-05
3.51625682739867e-05
3.51621561434147e-05
3.51617440225035e-05
3.51613319112528e-05
3.51609198096622e-05
3.51605077177314e-05
3.51600956354601e-05
3.51596835628479e-05
3.51592714998945e-05
3.51588594465996e-05
3.51584474029627e-05
3.51580353689836e-05
3.51576233446619e-05
3.51572113299973e-05
3.51567993249895e-05
3.5156387329638e-05
3.51559753439426e-05
3.5155563367903e-05
3.51551514015187e-05
3.51547394447895e-05
3.5154327497715e-05
3.51539155602948e-05
3.51535036325287e-05
3.51530917144163e-05
3.51526798059572e-05
3.51522679071511e-05
3.51518560179978e-05
3.51514441384967e-05
3.51510322686476e-05
3.51506204084502e-05
3.51502085579041e-05
3.5149796717009e-05
3.51493848857645e-05
3.51489730641703e-05
3.51485612522261e-05
3.51481494499315e-05
3.51477376572861e-05
3.51473258742897e-05
3.51469141009419e-05
3.51465023372424e-05
3.51460905831908e-05
3.51456788387868e-05
3.514526710403e-05
3.51448553789201e-05
3.51444436634568e-05
3.51440319576397e-05
3.51436202614685e-05
3.51432085749429e-05
3.51427968980625e-05
3.51423852308269e-05
3.51419735732359e-05
3.5141561925289e-05
3.51411502869861e-05
3.51407386583266e-05
3.51403270393103e-05
3.51399154299369e-05
3.51395038302059e-05
3.51390922401171e-05
3.51386806596702e-05
3.51382690888647e-05
3.51378575277003e-05
3.51374459761768e-05
3.51370344342937e-05
3.51366229020508e-05
3.51362113794477e-05
3.5135799866484e-05
3.51353883631594e-05
3.51349768694736e-05
3.51345653854262e-05
3.51341539110169e-05
3.51337424462454e-05
3.51333309911113e-05
3.51329195456142e-05
3.5132508109754e-05
3.51320966835301e-05
3.51316852669423e-05
3.51312738599902e-05
3.51308624626735e-05
3.51304510749918e-05
3.51300396969449e-05
3.51296283285323e-05
3.51292169697537e-05
3.51288056206089e-05
3.51283942810974e-05
3.51279829512189e-05
3.51275716309732e-05
3.51271603203597e-05
3.51267490193783e-05
3.51263377280285e-05
3.512592644631e-05
3.51255151742226e-05
3.51251039117657e-05
3.51246926589392e-05
3.51242814157427e-05
3.51238701821758e-05
3.51234589582382e-05
3.51230477439296e-05
3.51226365392495e-05
3.51222253441978e-05
3.5121814158774e-05
3.51214029829778e-05
3.51209918168089e-05
3.51205806602669e-05
3.51201695133515e-05
3.51197583760624e-05
3.51193472483991e-05
3.51189361303615e-05
3.51185250219491e-05
3.51181139231616e-05
3.51177028339986e-05
3.51172917544599e-05
3.51168806845451e-05
3.51164696242538e-05
3.51160585735857e-05
3.51156475325405e-05
3.51152365011178e-05
3.51148254793174e-05
3.51144144671388e-05
3.51140034645817e-05
3.51135924716458e-05
3.51131814883307e-05
3.51127705146362e-05
3.51123595505618e-05
3.51119485961073e-05
3.51115376512722e-05
3.51111267160563e-05
3.51107157904592e-05
3.51103048744807e-05
3.51098939681202e-05
3.51094830713776e-05
3.51090721842524e-05
3.51086613067444e-05
3.51082504388531e-05
3.51078395805783e-05
3.51074287319197e-05
3.51070178928768e-05
3.51066070634493e-05
3.5106196243637e-05
3.51057854334394e-05
3.51053746328563e-05
3.51049638418872e-05
3.51045530605319e-05
3.51041422887901e-05
3.51037315266613e-05
3.51033207741452e-05
3.51029100312416e-05
3.510249929795e-05
3.51020885742702e-05
3.51016778602017e-05
3.51012671557443e-05
3.51008564608976e-05
3.51004457756614e-05
3.51000351000351e-05
3.50996244340186e-05
3.50992137776114e-05
3.50988031308132e-05
3.50983924936238e-05
3.50979818660427e-05
3.50975712480696e-05
3.50971606397042e-05
3.50967500409462e-05
3.50963394517952e-05
3.50959288722508e-05
3.50955183023128e-05
3.50951077419808e-05
3.50946971912544e-05
3.50942866501334e-05
3.50938761186173e-05
3.50934655967059e-05
3.50930550843988e-05
3.50926445816957e-05
3.50922340885962e-05
3.50918236051e-05
3.50914131312068e-05
3.50910026669162e-05
3.50905922122279e-05
3.50901817671416e-05
3.50897713316568e-05
3.50893609057734e-05
3.50889504894909e-05
3.5088540082809e-05
3.50881296857273e-05
3.50877192982456e-05
3.50873089203635e-05
3.50868985520807e-05
3.50864881933967e-05
3.50860778443114e-05
3.50856675048243e-05
3.50852571749351e-05
3.50848468546435e-05
3.50844365439491e-05
3.50840262428516e-05
3.50836159513507e-05
3.5083205669446e-05
3.50827953971372e-05
3.5082385134424e-05
3.5081974881306e-05
3.50815646377828e-05
3.50811544038543e-05
3.50807441795199e-05
3.50803339647793e-05
3.50799237596324e-05
3.50795135640786e-05
3.50791033781177e-05
3.50786932017493e-05
3.5078283034973e-05
3.50778728777887e-05
3.50774627301959e-05
3.50770525921942e-05
3.50766424637834e-05
3.50762323449631e-05
3.50758222357329e-05
3.50754121360926e-05
3.50750020460418e-05
3.50745919655801e-05
3.50741818947073e-05
3.5073771833423e-05
3.50733617817268e-05
3.50729517396184e-05
3.50725417070975e-05
3.50721316841638e-05
3.50717216708168e-05
3.50713116670563e-05
3.5070901672882e-05
3.50704916882935e-05
3.50700817132904e-05
3.50696717478724e-05
3.50692617920393e-05
3.50688518457906e-05
3.5068441909126e-05
3.50680319820452e-05
3.50676220645478e-05
3.50672121566336e-05
3.50668022583021e-05
3.5066392369553e-05
3.50659824903861e-05
3.50655726208009e-05
3.50651627607971e-05
3.50647529103745e-05
3.50643430695326e-05
3.50639332382711e-05
3.50635234165897e-05
3.50631136044881e-05
3.50627038019658e-05
3.50622940090227e-05
3.50618842256583e-05
3.50614744518723e-05
3.50610646876643e-05
3.50606549330341e-05
3.50602451879813e-05
3.50598354525056e-05
3.50594257266066e-05
3.5059016010284e-05
3.50586063035374e-05
3.50581966063666e-05
3.50577869187711e-05
3.50573772407507e-05
3.5056967572305e-05
3.50565579134337e-05
3.50561482641364e-05
3.50557386244128e-05
3.50553289942626e-05
3.50549193736854e-05
3.5054509762681e-05
3.50541001612489e-05
3.50536905693888e-05
3.50532809871004e-05
3.50528714143834e-05
3.50524618512374e-05
3.5052052297662e-05
3.50516427536571e-05
3.50512332192221e-05
3.50508236943568e-05
3.50504141790609e-05
3.5050004673334e-05
3.50495951771757e-05
3.50491856905858e-05
3.50487762135639e-05
3.50483667461096e-05
3.50479572882227e-05
3.50475478399028e-05
3.50471384011495e-05
3.50467289719626e-05
3.50463195523417e-05
3.50459101422864e-05
3.50455007417964e-05
3.50450913508715e-05
3.50446819695111e-05
3.50442725977151e-05
3.50438632354831e-05
3.50434538828147e-05
3.50430445397096e-05
3.50426352061675e-05
3.5042225882188e-05
3.50418165677709e-05
3.50414072629157e-05
3.50409979676221e-05
3.50405886818899e-05
3.50401794057186e-05
3.50397701391079e-05
3.50393608820575e-05
3.50389516345671e-05
3.50385423966363e-05
3.50381331682648e-05
3.50377239494522e-05
3.50373147401983e-05
3.50369055405027e-05
3.5036496350365e-05
3.50360871697849e-05
3.50356779987621e-05
3.50352688372962e-05
3.5034859685387e-05
3.5034450543034e-05
3.50340414102369e-05
3.50336322869955e-05
3.50332231733094e-05
3.50328140691781e-05
3.50324049746015e-05
3.50319958895791e-05
3.50315868141107e-05
3.50311777481959e-05
3.50307686918343e-05
3.50303596450257e-05
3.50299506077696e-05
3.50295415800659e-05
3.5029132561914e-05
3.50287235533137e-05
3.50283145542647e-05
3.50279055647666e-05
3.50274965848191e-05
3.50270876144218e-05
3.50266786535745e-05
3.50262697022767e-05
3.50258607605282e-05
3.50254518283286e-05
3.50250429056776e-05
3.50246339925748e-05
3.50242250890199e-05
3.50238161950126e-05
3.50234073105526e-05
3.50229984356394e-05
3.50225895702728e-05
3.50221807144525e-05
3.50217718681781e-05
3.50213630314492e-05
3.50209542042655e-05
3.50205453866268e-05
3.50201365785327e-05
3.50197277799827e-05
3.50193189909767e-05
3.50189102115142e-05
3.5018501441595e-05
3.50180926812186e-05
3.50176839303848e-05
3.50172751890933e-05
3.50168664573436e-05
3.50164577351355e-05
3.50160490224686e-05
3.50156403193426e-05
3.50152316257572e-05
3.5014822941712e-05
3.50144142672067e-05
3.50140056022409e-05
3.50135969468143e-05
3.50131883009267e-05
3.50127796645776e-05
3.50123710377667e-05
3.50119624204937e-05
3.50115538127582e-05
3.501114521456e-05
3.50107366258986e-05
3.50103280467738e-05
3.50099194771852e-05
3.50095109171325e-05
3.50091023666153e-05
3.50086938256334e-05
3.50082852941863e-05
3.50078767722738e-05
3.50074682598954e-05
3.5007059757051e-05
3.50066512637401e-05
3.50062427799624e-05
3.50058343057176e-05
3.50054258410054e-05
3.50050173858253e-05
3.50046089401771e-05
3.50042005040605e-05
3.50037920774751e-05
3.50033836604205e-05
3.50029752528965e-05
3.50025668549027e-05
3.50021584664388e-05
3.50017500875044e-05
3.50013417180992e-05
3.50009333582229e-05
3.50005250078751e-05
3.50001166670556e-05
3.49997083357639e-05
3.49993000139997e-05
3.49988917017628e-05
3.49984833990527e-05
3.49980751058692e-05
3.49976668222119e-05
3.49972585480804e-05
3.49968502834745e-05
3.49964420283938e-05
3.49960337828379e-05
3.49956255468066e-05
3.49952173202996e-05
3.49948091033163e-05
3.49944008958567e-05
3.49939926979202e-05
3.49935845095066e-05
3.49931763306155e-05
3.49927681612467e-05
3.49923600013997e-05
3.49919518510743e-05
3.499154371027e-05
3.49911355789867e-05
3.49907274572238e-05
3.49903193449812e-05
3.49899112422585e-05
3.49895031490553e-05
3.49890950653713e-05
3.49886869912062e-05
3.49882789265596e-05
3.49878708714312e-05
3.49874628258207e-05
3.49870547897278e-05
3.49866467631521e-05
3.49862387460932e-05
3.49858307385509e-05
3.49854227405248e-05
3.49850147520146e-05
3.49846067730199e-05
3.49841988035404e-05
3.49837908435758e-05
3.49833828931258e-05
3.49829749521899e-05
3.4982567020768e-05
3.49821590988596e-05
3.49817511864644e-05
3.49813432835821e-05
3.49809353902123e-05
3.49805275063548e-05
3.49801196320091e-05
3.4979711767175e-05
3.49793039118522e-05
3.49788960660402e-05
3.49784882297387e-05
3.49780804029475e-05
3.49776725856662e-05
3.49772647778944e-05
3.49768569796318e-05
3.49764491908781e-05
3.4976041411633e-05
3.49756336418961e-05
3.49752258816672e-05
3.49748181309457e-05
3.49744103897315e-05
3.49740026580242e-05
3.49735949358235e-05
3.49731872231289e-05
3.49727795199403e-05
3.49723718262573e-05
3.49719641420794e-05
3.49715564674065e-05
3.49711488022382e-05
3.4970741146574e-05
3.49703335004138e-05
3.49699258637572e-05
3.49695182366038e-05
3.49691106189533e-05
3.49687030108053e-05
3.49682954121596e-05
3.49678878230159e-05
3.49674802433737e-05
3.49670726732327e-05
3.49666651125927e-05
3.49662575614532e-05
3.4965850019814e-05
3.49654424876747e-05
3.4965034965035e-05
3.49646274518945e-05
3.4964219948253e-05
3.496381245411e-05
3.49634049694653e-05
3.49629974943185e-05
3.49625900286693e-05
3.49621825725174e-05
3.49617751258624e-05
3.4961367688704e-05
3.49609602610418e-05
3.49605528428756e-05
3.4960145434205e-05
3.49597380350297e-05
3.49593306453492e-05
3.49589232651634e-05
3.49585158944719e-05
3.49581085332743e-05
3.49577011815703e-05
3.49572938393596e-05
3.49568865066418e-05
3.49564791834166e-05
3.49560718696838e-05
3.49556645654428e-05
3.49552572706935e-05
3.49548499854355e-05
3.49544427096684e-05
3.49540354433919e-05
3.49536281866058e-05
3.49532209393096e-05
3.4952813701503e-05
3.49524064731857e-05
3.49519992543574e-05
3.49515920450177e-05
3.49511848451663e-05
3.49507776548028e-05
3.4950370473927e-05
3.49499633025385e-05
3.4949556140637e-05
3.49491489882221e-05
3.49487418452936e-05
3.4948334711851e-05
3.4947927587894e-05
3.49475204734224e-05
3.49471133684358e-05
3.49467062729338e-05
3.49462991869161e-05
3.49458921103824e-05
3.49454850433324e-05
3.49450779857657e-05
3.4944670937682e-05
3.4944263899081e-05
3.49438568699623e-05
3.49434498503256e-05
3.49430428401705e-05
3.49426358394968e-05
3.49422288483041e-05
3.49418218665921e-05
3.49414148943605e-05
3.49410079316088e-05
3.49406009783368e-05
3.49401940345442e-05
3.49397871002306e-05
3.49393801753957e-05
3.49389732600391e-05
3.49385663541606e-05
3.49381594577598e-05
3.49377525708363e-05
3.49373456933899e-05
3.49369388254201e-05
3.49365319669268e-05
3.49361251179094e-05
3.49357182783678e-05
3.49353114483016e-05
3.49349046277104e-05
3.49344978165939e-05
3.49340910149518e-05
3.49336842227837e-05
3.49332774400894e-05
3.49328706668685e-05
3.49324639031206e-05
3.49320571488455e-05
3.49316504040428e-05
3.49312436687121e-05
3.49308369428531e-05
3.49304302264656e-05
3.49300235195492e-05
3.49296168221035e-05
3.49292101341282e-05
3.4928803455623e-05
3.49283967865875e-05
3.49279901270215e-05
3.49275834769245e-05
3.49271768362963e-05
3.49267702051366e-05
3.49263635834449e-05
3.4925956971221e-05
3.49255503684646e-05
3.49251437751752e-05
3.49247371913526e-05
3.49243306169965e-05
3.49239240521065e-05
3.49235174966823e-05
3.49231109507235e-05
3.49227044142298e-05
3.4922297887201e-05
3.49218913696366e-05
3.49214848615363e-05
3.49210783628998e-05
3.49206718737269e-05
3.4920265394017e-05
3.49198589237699e-05
3.49194524629854e-05
3.4919046011663e-05
3.49186395698024e-05
3.49182331374032e-05
3.49178267144653e-05
3.49174203009882e-05
3.49170138969715e-05
3.49166075024151e-05
3.49162011173184e-05
3.49157947416813e-05
3.49153883755034e-05
3.49149820187843e-05
3.49145756715237e-05
3.49141693337213e-05
3.49137630053767e-05
3.49133566864897e-05
3.49129503770599e-05
3.49125440770869e-05
3.49121377865705e-05
3.49117315055102e-05
3.49113252339059e-05
3.49109189717571e-05
3.49105127190635e-05
3.49101064758247e-05
3.49097002420406e-05
3.49092940177107e-05
3.49088878028346e-05
3.49084815974121e-05
3.49080754014429e-05
3.49076692149265e-05
3.49072630378627e-05
3.49068568702512e-05
3.49064507120916e-05
3.49060445633836e-05
3.49056384241268e-05
3.49052322943209e-05
3.49048261739657e-05
3.49044200630607e-05
3.49040139616056e-05
3.49036078696001e-05
3.49032017870439e-05
3.49027957139367e-05
3.49023896502781e-05
3.49019835960677e-05
3.49015775513053e-05
3.49011715159906e-05
3.49007654901231e-05
3.49003594737026e-05
3.48999534667287e-05
3.48995474692012e-05
3.48991414811196e-05
3.48987355024836e-05
3.4898329533293e-05
3.48979235735474e-05
3.48975176232464e-05
3.48971116823898e-05
3.48967057509771e-05
3.48962998290081e-05
3.48958939164825e-05
3.48954880133999e-05
3.48950821197599e-05
3.48946762355623e-05
3.48942703608068e-05
3.48938644954929e-05
3.48934586396204e-05
3.48930527931889e-05
3.48926469561981e-05
3.48922411286477e-05
3.48918353105373e-05
3.48914295018667e-05
3.48910237026354e-05
3.48906179128432e-05
3.48902121324898e-05
3.48898063615747e-05
3.48894006000977e-05
3.48889948480584e-05
3.48885891054566e-05
3.48881833722918e-05
3.48877776485638e-05
3.48873719342722e-05
3.48869662294167e-05
3.4886560533997e-05
3.48861548480127e-05
3.48857491714635e-05
3.4885343504349e-05
3.48849378466691e-05
3.48845321984232e-05
3.48841265596112e-05
3.48837209302326e-05
3.48833153102871e-05
3.48829096997744e-05
3.48825040986942e-05
3.48820985070462e-05
3.48816929248299e-05
3.48812873520452e-05
3.48808817886916e-05
3.48804762347689e-05
3.48800706902766e-05
3.48796651552145e-05
3.48792596295823e-05
3.48788541133795e-05
3.4878448606606e-05
3.48780431092613e-05
3.48776376213451e-05
3.48772321428571e-05
3.4876826673797e-05
3.48764212141645e-05
3.48760157639591e-05
3.48756103231807e-05
3.48752048918287e-05
3.48747994699031e-05
3.48743940574032e-05
3.4873988654329e-05
3.487358326068e-05
3.4873177876456e-05
3.48727725016565e-05
3.48723671362812e-05
3.48719617803299e-05
3.48715564338022e-05
3.48711510966977e-05
3.48707457690162e-05
3.48703404507573e-05
3.48699351419206e-05
3.4869529842506e-05
3.48691245525129e-05
3.48687192719411e-05
3.48683140007903e-05
3.48679087390602e-05
3.48675034867503e-05
3.48670982438605e-05
3.48666930103903e-05
3.48662877863394e-05
3.48658825717075e-05
3.48654773664943e-05
3.48650721706994e-05
3.48646669843225e-05
3.48642618073633e-05
3.48638566398215e-05
3.48634514816967e-05
3.48630463329886e-05
3.48626411936968e-05
3.48622360638211e-05
3.48618309433611e-05
3.48614258323165e-05
3.4861020730687e-05
3.48606156384722e-05
3.48602105556718e-05
3.48598054822854e-05
3.48594004183128e-05
3.48589953637536e-05
3.48585903186075e-05
3.48581852828742e-05
3.48577802565533e-05
3.48573752396445e-05
3.48569702321474e-05
3.48565652340618e-05
3.48561602453874e-05
3.48557552661237e-05
3.48553502962705e-05
3.48549453358274e-05
3.48545403847941e-05
3.48541354431703e-05
3.48537305109557e-05
3.48533255881499e-05
3.48529206747525e-05
3.48525157707634e-05
3.48521108761821e-05
3.48517059910083e-05
3.48513011152416e-05
3.48508962488819e-05
3.48504913919286e-05
3.48500865443816e-05
3.48496817062404e-05
3.48492768775048e-05
3.48488720581744e-05
3.48484672482489e-05
3.48480624477279e-05
3.48476576566112e-05
3.48472528748984e-05
3.48468481025891e-05
3.48464433396831e-05
3.48460385861801e-05
3.48456338420796e-05
3.48452291073814e-05
3.48448243820851e-05
3.48444196661905e-05
3.48440149596971e-05
3.48436102626047e-05
3.48432055749129e-05
3.48428008966214e-05
3.48423962277299e-05
3.4841991568238e-05
3.48415869181455e-05
3.48411822774519e-05
3.48407776461571e-05
3.48403730242605e-05
3.4839968411762e-05
3.48395638086611e-05
3.48391592149576e-05
3.48387546306511e-05
3.48383500557414e-05
3.4837945490228e-05
3.48375409341106e-05
3.4837136387389e-05
3.48367318500627e-05
3.48363273221315e-05
3.48359228035951e-05
3.4835518294453e-05
3.48351137947051e-05
3.48347093043509e-05
3.48343048233901e-05
3.48339003518224e-05
3.48334958896475e-05
3.4833091436865e-05
3.48326869934747e-05
3.48322825594761e-05
3.4831878134869e-05
3.48314737196531e-05
3.48310693138279e-05
3.48306649173933e-05
3.48302605303488e-05
3.48298561526941e-05
3.48294517844289e-05
3.48290474255529e-05
3.48286430760658e-05
3.48282387359671e-05
3.48278344052567e-05
3.48274300839341e-05
3.48270257719991e-05
3.48266214694512e-05
3.48262171762903e-05
3.48258128925159e-05
3.48254086181278e-05
3.48250043531255e-05
3.48246000975089e-05
3.48241958512775e-05
3.4823791614431e-05
3.48233873869691e-05
3.48229831688915e-05
3.48225789601978e-05
3.48221747608877e-05
3.4821770570961e-05
3.48213663904172e-05
3.4820962219256e-05
3.48205580574771e-05
3.48201539050803e-05
3.4819749762065e-05
3.48193456284312e-05
3.48189415041783e-05
3.48185373893061e-05
3.48181332838142e-05
3.48177291877024e-05
3.48173251009702e-05
3.48169210236175e-05
3.48165169556438e-05
3.48161128970488e-05
3.48157088478321e-05
3.48153048079936e-05
3.48149007775328e-05
3.48144967564494e-05
3.48140927447431e-05
3.48136887424135e-05
3.48132847494604e-05
3.48128807658834e-05
3.48124767916821e-05
3.48120728268564e-05
3.48116688714057e-05
3.48112649253298e-05
3.48108609886284e-05
3.48104570613012e-05
3.48100531433478e-05
3.48096492347679e-05
3.48092453355611e-05
3.48088414457272e-05
3.48084375652658e-05
3.48080336941766e-05
3.48076298324593e-05
3.48072259801135e-05
3.48068221371389e-05
3.48064183035352e-05
3.4806014479302e-05
3.48056106644391e-05
3.48052068589461e-05
3.48048030628227e-05
3.48043992760685e-05
3.48039954986832e-05
3.48035917306666e-05
3.48031879720182e-05
3.48027842227378e-05
3.4802380482825e-05
3.48019767522795e-05
3.4801573031101e-05
3.48011693192891e-05
3.48007656168436e-05
3.4800361923764e-05
3.47999582400501e-05
3.47995545657016e-05
3.4799150900718e-05
3.47987472450992e-05
3.47983435988447e-05
3.47979399619543e-05
3.47975363344275e-05
3.47971327162642e-05
3.47967291074639e-05
3.47963255080264e-05
3.47959219179512e-05
3.47955183372382e-05
3.47951147658869e-05
3.4794711203897e-05
3.47943076512683e-05
3.47939041080003e-05
3.47935005740928e-05
3.47930970495454e-05
3.47926935343578e-05
3.47922900285297e-05
3.47918865320607e-05
3.47914830449506e-05
3.4791079567199e-05
3.47906760988055e-05
3.47902726397699e-05
3.47898691900918e-05
3.4789465749771e-05
3.4789062318807e-05
3.47886588971995e-05
3.47882554849483e-05
3.4787852082053e-05
3.47874486885132e-05
3.47870453043287e-05
3.47866419294991e-05
3.47862385640241e-05
3.47858352079033e-05
3.47854318611366e-05
3.47850285237234e-05
3.47846251956635e-05
3.47842218769566e-05
3.47838185676024e-05
3.47834152676004e-05
3.47830119769505e-05
3.47826086956522e-05
3.47822054237052e-05
3.47818021611093e-05
3.47813989078641e-05
3.47809956639692e-05
3.47805924294244e-05
3.47801892042293e-05
3.47797859883835e-05
3.47793827818869e-05
3.4778979584739e-05
3.47785763969395e-05
3.47781732184881e-05
3.47777700493844e-05
3.47773668896282e-05
3.47769637392191e-05
3.47765605981568e-05
3.4776157466441e-05
3.47757543440713e-05
3.47753512310474e-05
3.4774948127369e-05
3.47745450330358e-05
3.47741419480474e-05
3.47737388724036e-05
3.47733358061039e-05
3.47729327491481e-05
3.47725297015358e-05
3.47721266632667e-05
3.47717236343406e-05
3.47713206147569e-05
3.47709176045156e-05
3.47705146036161e-05
3.47701116120583e-05
3.47697086298417e-05
3.4769305656966e-05
3.4768902693431e-05
3.47684997392362e-05
3.47680967943815e-05
3.47676938588663e-05
3.47672909326905e-05
3.47668880158537e-05
3.47664851083555e-05
3.47660822101957e-05
3.47656793213739e-05
3.47652764418898e-05
3.47648735717431e-05
3.47644707109334e-05
3.47640678594605e-05
3.47636650173239e-05
3.47632621845234e-05
3.47628593610586e-05
3.47624565469293e-05
3.47620537421351e-05
3.47616509466756e-05
3.47612481605506e-05
3.47608453837597e-05
3.47604426163026e-05
3.4760039858179e-05
3.47596371093886e-05
3.47592343699309e-05
3.47588316398058e-05
3.47584289190129e-05
3.47580262075518e-05
3.47576235054222e-05
3.47572208126238e-05
3.47568181291563e-05
3.47564154550194e-05
3.47560127902127e-05
3.47556101347359e-05
3.47552074885887e-05
3.47548048517708e-05
3.47544022242817e-05
3.47539996061213e-05
3.47535969972892e-05
3.47531943977851e-05
3.47527918076085e-05
3.47523892267593e-05
3.47519866552371e-05
3.47515840930416e-05
3.47511815401724e-05
3.47507789966292e-05
3.47503764624117e-05
3.47499739375195e-05
3.47495714219525e-05
3.47491689157101e-05
3.47487664187921e-05
3.47483639311982e-05
3.47479614529281e-05
3.47475589839814e-05
3.47471565243578e-05
3.47467540740569e-05
3.47463516330785e-05
3.47459492014223e-05
3.47455467790878e-05
3.47451443660748e-05
3.4744741962383e-05
3.4744339568012e-05
3.47439371829616e-05
3.47435348072313e-05
3.47431324408209e-05
3.474273008373e-05
3.47423277359583e-05
3.47419253975055e-05
3.47415230683713e-05
3.47411207485554e-05
3.47407184380573e-05
3.47403161368768e-05
3.47399138450137e-05
3.47395115624674e-05
3.47391092892378e-05
3.47387070253245e-05
3.47383047707272e-05
3.47379025254455e-05
3.47375002894792e-05
3.47370980628278e-05
3.47366958454912e-05
3.47362936374689e-05
3.47358914387606e-05
3.47354892493661e-05
3.47350870692849e-05
3.47346848985168e-05
3.47342827370615e-05
3.47338805849185e-05
3.47334784420877e-05
3.47330763085687e-05
3.4732674184361e-05
3.47322720694645e-05
3.47318699638789e-05
3.47314678676036e-05
3.47310657806386e-05
3.47306637029834e-05
3.47302616346376e-05
3.47298595756011e-05
3.47294575258734e-05
3.47290554854543e-05
3.47286534543434e-05
3.47282514325404e-05
3.47278494200449e-05
3.47274474168567e-05
3.47270454229754e-05
3.47266434384007e-05
3.47262414631323e-05
3.47258394971698e-05
3.4725437540513e-05
3.47250355931615e-05
3.47246336551149e-05
3.47242317263731e-05
3.47238298069355e-05
3.4723427896802e-05
3.47230259959721e-05
3.47226241044457e-05
3.47222222222222e-05
3.47218203493015e-05
3.47214184856832e-05
3.4721016631367e-05
3.47206147863525e-05
3.47202129506394e-05
3.47198111242275e-05
3.47194093071163e-05
3.47190074993056e-05
3.47186057007951e-05
3.47182039115843e-05
3.47178021316731e-05
3.4717400361061e-05
3.47169985997477e-05
3.4716596847733e-05
3.47161951050165e-05
3.47157933715979e-05
3.47153916474768e-05
3.47149899326529e-05
3.4714588227126e-05
3.47141865308956e-05
3.47137848439615e-05
3.47133831663234e-05
3.47129814979809e-05
3.47125798389336e-05
3.47121781891814e-05
3.47117765487238e-05
3.47113749175605e-05
3.47109732956912e-05
3.47105716831156e-05
3.47101700798334e-05
3.47097684858442e-05
3.47093669011477e-05
3.47089653257436e-05
3.47085637596316e-05
3.47081622028114e-05
3.47077606552825e-05
3.47073591170448e-05
3.47069575880978e-05
3.47065560684413e-05
3.4706154558075e-05
3.47057530569984e-05
3.47053515652114e-05
3.47049500827135e-05
3.47045486095044e-05
3.47041471455839e-05
3.47037456909516e-05
3.47033442456071e-05
3.47029428095503e-05
3.47025413827806e-05
3.47021399652979e-05
3.47017385571017e-05
3.47013371581918e-05
3.47009357685679e-05
3.47005343882296e-05
3.47001330171766e-05
3.46997316554085e-05
3.46993303029252e-05
3.46989289597261e-05
3.46985276258111e-05
3.46981263011797e-05
3.46977249858318e-05
3.46973236797668e-05
3.46969223829846e-05
3.46965210954848e-05
3.46961198172671e-05
3.46957185483311e-05
3.46953172886766e-05
3.46949160383032e-05
3.46945147972106e-05
3.46941135653984e-05
3.46937123428664e-05
3.46933111296142e-05
3.46929099256415e-05
3.4692508730948e-05
3.46921075455334e-05
3.46917063693973e-05
3.46913052025394e-05
3.46909040449594e-05
3.4690502896657e-05
3.46901017576318e-05
3.46897006278836e-05
3.46892995074119e-05
3.46888983962166e-05
3.46884972942972e-05
3.46880962016535e-05
3.4687695118285e-05
3.46872940441916e-05
3.46868929793729e-05
3.46864919238285e-05
3.46860908775581e-05
3.46856898405614e-05
3.46852888128382e-05
3.4684887794388e-05
3.46844867852105e-05
3.46840857853055e-05
3.46836847946726e-05
3.46832838133114e-05
3.46828828412218e-05
3.46824818784032e-05
3.46820809248555e-05
3.46816799805783e-05
3.46812790455712e-05
3.4680878119834e-05
3.46804772033663e-05
3.46800762961678e-05
3.46796753982383e-05
3.46792745095773e-05
3.46788736301845e-05
3.46784727600596e-05
3.46780718992024e-05
3.46776710476124e-05
3.46772702052894e-05
3.46768693722331e-05
3.4676468548443e-05
3.4676067733919e-05
3.46756669286606e-05
3.46752661326676e-05
3.46748653459396e-05
3.46744645684763e-05
3.46740638002774e-05
3.46736630413426e-05
3.46732622916715e-05
3.46728615512638e-05
3.46724608201193e-05
3.46720600982375e-05
3.46716593856182e-05
3.4671258682261e-05
3.46708579881657e-05
3.46704573033318e-05
3.46700566277592e-05
3.46696559614473e-05
3.46692553043961e-05
3.4668854656605e-05
3.46684540180738e-05
3.46680533888022e-05
3.46676527687899e-05
3.46672521580364e-05
3.46668515565416e-05
3.46664509643051e-05
3.46660503813266e-05
3.46656498076056e-05
3.46652492431421e-05
3.46648486879355e-05
3.46644481419856e-05
3.4664047605292e-05
3.46636470778546e-05
3.46632465596728e-05
3.46628460507464e-05
3.46624455510751e-05
3.46620450606586e-05
3.46616445794965e-05
3.46612441075885e-05
3.46608436449343e-05
3.46604431915336e-05
3.46600427473861e-05
3.46596423124913e-05
3.46592418868491e-05
3.46588414704591e-05
3.4658441063321e-05
3.46580406654344e-05
3.4657640276799e-05
3.46572398974146e-05
3.46568395272807e-05
3.46564391663971e-05
3.46560388147635e-05
3.46556384723795e-05
3.46552381392447e-05
3.4654837815359e-05
3.4654437500722e-05
3.46540371953333e-05
3.46536368991926e-05
3.46532366122996e-05
3.4652836334654e-05
3.46524360662555e-05
3.46520358071037e-05
3.46516355571983e-05
3.4651235316539e-05
3.46508350851256e-05
3.46504348629575e-05
3.46500346500346e-05
3.46496344463566e-05
3.4649234251923e-05
3.46488340667337e-05
3.46484338907881e-05
3.46480337240862e-05
3.46476335666274e-05
3.46472334184115e-05
3.46468332794383e-05
3.46464331497072e-05
3.46460330292182e-05
3.46456329179707e-05
3.46452328159645e-05
3.46448327231993e-05
3.46444326396748e-05
3.46440325653906e-05
3.46436325003464e-05
3.4643232444542e-05
3.46428323979769e-05
3.46424323606508e-05
3.46420323325635e-05
3.46416323137146e-05
3.46412323041038e-05
3.46408323037308e-05
3.46404323125953e-05
3.46400323306968e-05
3.46396323580352e-05
3.46392323946101e-05
3.46388324404212e-05
3.46384324954681e-05
3.46380325597506e-05
3.46376326332683e-05
3.46372327160209e-05
3.4636832808008e-05
3.46364329092295e-05
3.46360330196848e-05
3.46356331393738e-05
3.46352332682961e-05
3.46348334064513e-05
3.46344335538392e-05
3.46340337104595e-05
3.46336338763117e-05
3.46332340513957e-05
3.46328342357111e-05
3.46324344292575e-05
3.46320346320346e-05
3.46316348440422e-05
3.46312350652799e-05
3.46308352957473e-05
3.46304355354442e-05
3.46300357843703e-05
3.46296360425252e-05
3.46292363099086e-05
3.46288365865201e-05
3.46284368723596e-05
3.46280371674266e-05
3.46276374717208e-05
3.46272377852419e-05
3.46268381079896e-05
3.46264384399635e-05
3.46260387811634e-05
3.4625639131589e-05
3.46252394912398e-05
3.46248398601156e-05
3.46244402382161e-05
3.4624040625541e-05
3.46236410220899e-05
3.46232414278625e-05
3.46228418428585e-05
3.46224422670775e-05
3.46220427005193e-05
3.46216431431836e-05
3.46212435950699e-05
3.46208440561781e-05
3.46204445265077e-05
3.46200450060585e-05
3.46196454948301e-05
3.46192459928223e-05
4.61584620000462e-05
4.61579293552891e-05
4.61573967228248e-05
4.61568641026529e-05
4.61563314947728e-05
4.61557988991842e-05
4.61552663158866e-05
4.61547337448797e-05
4.6154201186163e-05
4.6153668639736e-05
4.61531361055984e-05
4.61526035837497e-05
4.61520710741895e-05
4.61515385769173e-05
4.61510060919328e-05
4.61504736192355e-05
4.6149941158825e-05
4.61494087107009e-05
4.61488762748627e-05
4.614834385131e-05
4.61478114400425e-05
4.61472790410595e-05
4.61467466543609e-05
4.6146214279946e-05
4.61456819178145e-05
4.6145149567966e-05
4.61446172304001e-05
4.61440849051162e-05
4.61435525921141e-05
4.61430202913932e-05
4.61424880029531e-05
4.61419557267935e-05
4.61414234629138e-05
4.61408912113137e-05
4.61403589719928e-05
4.61398267449506e-05
4.61392945301866e-05
4.61387623277006e-05
4.61382301374919e-05
4.61376979595603e-05
4.61371657939053e-05
4.61366336405264e-05
4.61361014994233e-05
4.61355693705955e-05
4.61350372540426e-05
4.61345051497641e-05
4.61339730577597e-05
4.61334409780289e-05
4.61329089105714e-05
4.61323768553865e-05
4.6131844812474e-05
4.61313127818335e-05
4.61307807634644e-05
4.61302487573664e-05
4.61297167635391e-05
4.61291847819819e-05
4.61286528126946e-05
4.61281208556766e-05
4.61275889109276e-05
4.61270569784471e-05
4.61265250582347e-05
4.612599315029e-05
4.61254612546125e-05
4.61249293712019e-05
4.61243975000577e-05
4.61238656411794e-05
4.61233337945667e-05
4.61228019602191e-05
4.61222701381362e-05
4.61217383283176e-05
4.61212065307628e-05
4.61206747454715e-05
4.61201429724432e-05
4.61196112116775e-05
4.61190794631739e-05
4.61185477269321e-05
4.61180160029516e-05
4.61174842912319e-05
4.61169525917727e-05
4.61164209045736e-05
4.61158892296341e-05
4.61153575669537e-05
4.61148259165322e-05
4.61142942783689e-05
4.61137626524636e-05
4.61132310388158e-05
4.61126994374251e-05
4.6112167848291e-05
4.61116362714131e-05
4.6111104706791e-05
4.61105731544243e-05
4.61100416143126e-05
4.61095100864553e-05
4.61089785708522e-05
4.61084470675028e-05
4.61079155764066e-05
4.61073840975632e-05
4.61068526309723e-05
4.61063211766333e-05
4.61057897345459e-05
4.61052583047097e-05
4.61047268871241e-05
4.61041954817888e-05
4.61036640887035e-05
4.61031327078675e-05
4.61026013392806e-05
4.61020699829422e-05
4.61015386388521e-05
4.61010073070097e-05
4.61004759874146e-05
4.60999446800664e-05
4.60994133849647e-05
4.6098882102109e-05
4.6098350831499e-05
4.60978195731342e-05
4.60972883270142e-05
4.60967570931385e-05
4.60962258715068e-05
4.60956946621186e-05
4.60951634649734e-05
4.6094632280071e-05
4.60941011074108e-05
4.60935699469924e-05
4.60930387988154e-05
4.60925076628794e-05
4.60919765391839e-05
4.60914454277286e-05
4.6090914328513e-05
4.60903832415367e-05
4.60898521667992e-05
4.60893211043001e-05
4.60887900540391e-05
4.60882590160157e-05
4.60877279902294e-05
4.60871969766799e-05
4.60866659753667e-05
4.60861349862894e-05
4.60856040094476e-05
4.60850730448408e-05
4.60845420924686e-05
4.60840111523307e-05
4.60834802244265e-05
4.60829493087558e-05
4.60824184053179e-05
4.60818875141126e-05
4.60813566351393e-05
4.60808257683978e-05
4.60802949138875e-05
4.6079764071608e-05
4.60792332415589e-05
4.60787024237397e-05
4.60781716181502e-05
4.60776408247898e-05
4.60771100436581e-05
4.60765792747546e-05
4.60760485180791e-05
4.6075517773631e-05
4.60749870414099e-05
4.60744563214154e-05
4.60739256136471e-05
4.60733949181045e-05
4.60728642347873e-05
4.6072333563695e-05
4.60718029048272e-05
4.60712722581834e-05
4.60707416237633e-05
4.60702110015664e-05
4.60696803915923e-05
4.60691497938406e-05
4.60686192083108e-05
4.60680886350025e-05
4.60675580739154e-05
4.60670275250489e-05
4.60664969884028e-05
4.60659664639764e-05
4.60654359517695e-05
4.60649054517816e-05
4.60643749640122e-05
4.6063844488461e-05
4.60633140251275e-05
4.60627835740114e-05
4.60622531351121e-05
4.60617227084293e-05
4.60611922939625e-05
4.60606618917114e-05
4.60601315016754e-05
4.60596011238543e-05
4.60590707582475e-05
4.60585404048546e-05
4.60580100636752e-05
4.60574797347089e-05
4.60569494179553e-05
4.60564191134139e-05
4.60558888210844e-05
4.60553585409662e-05
4.60548282730591e-05
4.60542980173625e-05
4.6053767773876e-05
4.60532375425992e-05
4.60527073235318e-05
4.60521771166732e-05
4.6051646922023e-05
4.60511167395809e-05
4.60505865693464e-05
4.60500564113191e-05
4.60495262654985e-05
4.60489961318843e-05
4.6048466010476e-05
4.60479359012732e-05
4.60474058042755e-05
4.60468757194824e-05
4.60463456468936e-05
4.60458155865086e-05
4.60452855383269e-05
4.60447555023483e-05
4.60442254785722e-05
4.60436954669982e-05
4.60431654676259e-05
4.60426354804549e-05
4.60421055054848e-05
4.60415755427151e-05
4.60410455921454e-05
4.60405156537753e-05
4.60399857276044e-05
4.60394558136323e-05
4.60389259118585e-05
4.60383960222826e-05
4.60378661449042e-05
4.60373362797229e-05
4.60368064267382e-05
4.60362765859497e-05
4.60357467573571e-05
4.60352169409598e-05
4.60346871367575e-05
4.60341573447498e-05
4.60336275649362e-05
4.60330977973163e-05
4.60325680418896e-05
4.60320382986559e-05
4.60315085676145e-05
4.60309788487652e-05
4.60304491421075e-05
4.6029919447641e-05
4.60293897653652e-05
4.60288600952797e-05
4.60283304373842e-05
4.60278007916782e-05
4.60272711581612e-05
4.60267415368329e-05
4.60262119276928e-05
4.60256823307406e-05
4.60251527459757e-05
4.60246231733978e-05
4.60240936130064e-05
4.60235640648012e-05
4.60230345287817e-05
4.60225050049474e-05
4.6021975493298e-05
4.60214459938331e-05
4.60209165065522e-05
4.60203870314549e-05
4.60198575685408e-05
4.60193281178095e-05
4.60187986792605e-05
4.60182692528934e-05
4.60177398387078e-05
4.60172104367033e-05
4.60166810468795e-05
4.60161516692359e-05
4.60156223037721e-05
4.60150929504878e-05
4.60145636093824e-05
4.60140342804555e-05
4.60135049637069e-05
4.60129756591359e-05
4.60124463667422e-05
4.60119170865254e-05
4.60113878184851e-05
4.60108585626208e-05
4.60103293189321e-05
4.60098000874186e-05
4.60092708680799e-05
4.60087416609156e-05
4.60082124659252e-05
4.60076832831083e-05
4.60071541124645e-05
4.60066249539934e-05
4.60060958076945e-05
4.60055666735675e-05
4.60050375516119e-05
4.60045084418273e-05
4.60039793442133e-05
4.60034502587694e-05
4.60029211854953e-05
4.60023921243905e-05
4.60018630754546e-05
4.60013340386871e-05
4.60008050140877e-05
4.6000276001656e-05
4.59997470013915e-05
4.59992180132938e-05
4.59986890373624e-05
4.59981600735971e-05
4.59976311219972e-05
4.59971021825625e-05
4.59965732552925e-05
4.59960443401867e-05
4.59955154372449e-05
4.59949865464664e-05
4.5994457667851e-05
4.59939288013982e-05
4.59933999471076e-05
4.59928711049787e-05
4.59923422750112e-05
4.59918134572046e-05
4.59912846515585e-05
4.59907558580725e-05
4.59902270767462e-05
4.59896983075791e-05
4.59891695505708e-05
4.5988640805721e-05
4.59881120730291e-05
4.59875833524948e-05
4.59870546441177e-05
4.59865259478973e-05
4.59859972638332e-05
4.5985468591925e-05
4.59849399321722e-05
4.59844112845745e-05
4.59838826491315e-05
4.59833540258426e-05
4.59828254147076e-05
4.59822968157259e-05
4.59817682288972e-05
4.59812396542211e-05
4.5980711091697e-05
4.59801825413247e-05
4.59796540031036e-05
4.59791254770334e-05
4.59785969631137e-05
4.59780684613439e-05
4.59775399717238e-05
4.59770114942529e-05
4.59764830289307e-05
4.59759545757569e-05
4.5975426134731e-05
4.59748977058526e-05
4.59743692891213e-05
4.59738408845367e-05
4.59733124920983e-05
4.59727841118058e-05
4.59722557436587e-05
4.59717273876566e-05
4.59711990437991e-05
4.59706707120857e-05
4.59701423925161e-05
4.59696140850898e-05
4.59690857898064e-05
4.59685575066654e-05
4.59680292356666e-05
4.59675009768094e-05
4.59669727300934e-05
4.59664444955183e-05
4.59659162730835e-05
4.59653880627887e-05
4.59648598646335e-05
4.59643316786174e-05
4.596380350474e-05
4.59632753430009e-05
4.59627471933997e-05
4.5962219055936e-05
4.59616909306093e-05
4.59611628174193e-05
4.59606347163654e-05
4.59601066274474e-05
4.59595785506647e-05
4.5959050486017e-05
4.59585224335038e-05
4.59579943931247e-05
4.59574663648793e-05
4.59569383487672e-05
4.5956410344788e-05
4.59558823529412e-05
4.59553543732264e-05
4.59548264056433e-05
4.59542984501913e-05
4.59537705068701e-05
4.59532425756792e-05
4.59527146566183e-05
4.5952186749687e-05
4.59516588548847e-05
4.59511309722111e-05
4.59506031016657e-05
4.59500752432482e-05
4.59495473969581e-05
4.59490195627951e-05
4.59484917407586e-05
4.59479639308483e-05
4.59474361330638e-05
4.59469083474046e-05
4.59463805738703e-05
4.59458528124605e-05
4.59453250631748e-05
4.59447973260128e-05
4.5944269600974e-05
4.59437418880581e-05
4.59432141872645e-05
4.5942686498593e-05
4.5942158822043e-05
4.59416311576142e-05
4.59411035053062e-05
4.59405758651185e-05
4.59400482370506e-05
4.59395206211023e-05
4.59389930172731e-05
4.59384654255625e-05
4.59379378459701e-05
4.59374102784955e-05
4.59368827231384e-05
4.59363551798983e-05
4.59358276487747e-05
4.59353001297672e-05
4.59347726228755e-05
4.59342451280991e-05
4.59337176454376e-05
4.59331901748906e-05
4.59326627164577e-05
4.59321352701384e-05
4.59316078359323e-05
4.5931080413839e-05
4.59305530038582e-05
4.59300256059893e-05
4.59294982202319e-05
4.59289708465858e-05
4.59284434850503e-05
4.59279161356251e-05
4.59273887983099e-05
4.59268614731041e-05
4.59263341600074e-05
4.59258068590193e-05
4.59252795701394e-05
4.59247522933673e-05
4.59242250287026e-05
4.59236977761449e-05
4.59231705356938e-05
4.59226433073488e-05
4.59221160911095e-05
4.59215888869755e-05
4.59210616949464e-05
4.59205345150218e-05
4.59200073472012e-05
4.59194801914842e-05
4.59189530478705e-05
4.59184259163596e-05
4.59178987969511e-05
4.59173716896445e-05
4.59168445944395e-05
4.59163175113356e-05
4.59157904403324e-05
4.59152633814296e-05
4.59147363346266e-05
4.59142092999231e-05
4.59136822773186e-05
4.59131552668128e-05
4.59126282684052e-05
4.59121012820954e-05
4.5911574307883e-05
4.59110473457676e-05
4.59105203957487e-05
4.59099934578259e-05
4.59094665319989e-05
4.59089396182672e-05
4.59084127166303e-05
4.5907885827088e-05
4.59073589496396e-05
4.59068320842849e-05
4.59063052310235e-05
4.59057783898548e-05
4.59052515607786e-05
4.59047247437943e-05
4.59041979389015e-05
4.59036711460999e-05
4.5903144365389e-05
4.59026175967685e-05
4.59020908402378e-05
4.59015640957966e-05
4.59010373634444e-05
4.59005106431809e-05
4.58999839350056e-05
4.58994572389182e-05
4.58989305549181e-05
4.5898403883005e-05
4.58978772231784e-05
4.5897350575438e-05
4.58968239397834e-05
4.5896297316214e-05
4.58957707047296e-05
4.58952441053296e-05
4.58947175180137e-05
4.58941909427814e-05
4.58936643796324e-05
4.58931378285662e-05
4.58926112895824e-05
4.58920847626806e-05
4.58915582478603e-05
4.58910317451212e-05
4.58905052544629e-05
4.58899787758848e-05
4.58894523093867e-05
4.5888925854968e-05
4.58883994126285e-05
4.58878729823676e-05
4.58873465641849e-05
4.58868201580801e-05
4.58862937640527e-05
4.58857673821023e-05
4.58852410122284e-05
4.58847146544307e-05
4.58841883087088e-05
4.58836619750622e-05
4.58831356534906e-05
4.58826093439934e-05
4.58820830465703e-05
4.58815567612209e-05
4.58810304879448e-05
4.58805042267414e-05
4.58799779776106e-05
4.58794517405517e-05
4.58789255155644e-05
4.58783993026483e-05
4.5877873101803e-05
4.5877346913028e-05
4.5876820736323e-05
4.58762945716874e-05
4.5875768419121e-05
4.58752422786233e-05
4.58747161501938e-05
4.58741900338322e-05
4.5873663929538e-05
4.58731378373109e-05
4.58726117571504e-05
4.58720856890561e-05
4.58715596330275e-05
4.58710335890643e-05
4.58705075571661e-05
4.58699815373324e-05
4.58694555295629e-05
4.5868929533857e-05
4.58684035502144e-05
4.58678775786347e-05
4.58673516191175e-05
4.58668256716623e-05
4.58662997362688e-05
4.58657738129364e-05
4.58652479016649e-05
4.58647220024538e-05
4.58641961153026e-05
4.5863670240211e-05
4.58631443771785e-05
4.58626185262048e-05
4.58620926872893e-05
4.58615668604318e-05
4.58610410456317e-05
4.58605152428888e-05
4.58599894522024e-05
4.58594636735723e-05
4.58589379069981e-05
4.58584121524792e-05
4.58578864100154e-05
4.58573606796061e-05
4.5856834961251e-05
4.58563092549496e-05
4.58557835607016e-05
4.58552578785065e-05
4.58547322083639e-05
4.58542065502734e-05
4.58536809042346e-05
4.5853155270247e-05
4.58526296483103e-05
4.58521040384241e-05
4.58515784405878e-05
4.58510528548012e-05
4.58505272810637e-05
4.58500017193751e-05
4.58494761697348e-05
4.58489506321424e-05
4.58484251065976e-05
4.58478995930999e-05
4.58473740916489e-05
4.58468486022442e-05
4.58463231248854e-05
4.5845797659572e-05
4.58452722063037e-05
4.58447467650801e-05
4.58442213359006e-05
4.5843695918765e-05
4.58431705136727e-05
4.58426451206235e-05
4.58421197396168e-05
4.58415943706522e-05
4.58410690137294e-05
4.58405436688479e-05
4.58400183360073e-05
4.58394930152073e-05
4.58389677064473e-05
4.58384424097269e-05
4.58379171250458e-05
4.58373918524036e-05
4.58368665917998e-05
4.5836341343234e-05
4.58358161067058e-05
4.58352908822148e-05
4.58347656697605e-05
4.58342404693426e-05
4.58337152809607e-05
4.58331901046143e-05
4.5832664940303e-05
4.58321397880264e-05
4.5831614647784e-05
4.58310895195756e-05
4.58305644034006e-05
4.58300392992587e-05
4.58295142071494e-05
4.58289891270723e-05
4.58284640590271e-05
4.58279390030132e-05
4.58274139590303e-05
4.5826888927078e-05
4.58263639071558e-05
4.58258388992634e-05
4.58253139034002e-05
4.5824788919566e-05
4.58242639477603e-05
4.58237389879827e-05
4.58232140402328e-05
4.58226891045101e-05
4.58221641808143e-05
4.58216392691449e-05
4.58211143695015e-05
4.58205894818837e-05
4.58200646062911e-05
4.58195397427233e-05
4.58190148911798e-05
4.58184900516604e-05
4.58179652241644e-05
4.58174404086916e-05
4.58169156052415e-05
4.58163908138136e-05
4.58158660344077e-05
4.58153412670233e-05
4.58148165116599e-05
4.58142917683171e-05
4.58137670369946e-05
4.58132423176919e-05
4.58127176104087e-05
4.58121929151444e-05
4.58116682318987e-05
4.58111435606711e-05
4.58106189014614e-05
4.58100942542689e-05
4.58095696190934e-05
4.58090449959344e-05
4.58085203847916e-05
4.58079957856644e-05
4.58074711985525e-05
4.58069466234554e-05
4.58064220603729e-05
4.58058975093043e-05
4.58053729702494e-05
4.58048484432077e-05
4.58043239281788e-05
4.58037994251623e-05
4.58032749341578e-05
4.58027504551648e-05
4.5802225988183e-05
4.5801701533212e-05
4.58011770902512e-05
4.58006526593004e-05
4.58001282403591e-05
4.57996038334268e-05
4.57990794385033e-05
4.5798555055588e-05
4.57980306846806e-05
4.57975063257806e-05
4.57969819788876e-05
4.57964576440012e-05
4.57959333211211e-05
4.57954090102467e-05
4.57948847113777e-05
4.57943604245137e-05
4.57938361496543e-05
4.57933118867989e-05
4.57927876359473e-05
4.57922633970991e-05
4.57917391702537e-05
4.57912149554108e-05
4.579069075257e-05
4.57901665617309e-05
4.5789642382893e-05
4.5789118216056e-05
4.57885940612193e-05
4.57880699183828e-05
4.57875457875458e-05
4.5787021668708e-05
4.5786497561869e-05
4.57859734670284e-05
4.57854493841857e-05
4.57849253133406e-05
4.57844012544926e-05
4.57838772076413e-05
4.57833531727864e-05
4.57828291499273e-05
4.57823051390638e-05
4.57817811401953e-05
4.57812571533214e-05
4.57807331784419e-05
4.57802092155561e-05
4.57796852646638e-05
4.57791613257645e-05
4.57786373988578e-05
4.57781134839433e-05
4.57775895810206e-05
4.57770656900893e-05
4.57765418111489e-05
4.5776017944199e-05
4.57754940892393e-05
4.57749702462693e-05
4.57744464152887e-05
4.57739225962969e-05
4.57733987892936e-05
4.57728749942784e-05
4.57723512112508e-05
4.57718274402106e-05
4.57713036811571e-05
4.57707799340901e-05
4.57702561990091e-05
4.57697324759137e-05
4.57692087648035e-05
4.57686850656781e-05
4.5768161378537e-05
4.57676377033799e-05
4.57671140402064e-05
4.5766590389016e-05
4.57660667498084e-05
4.5765543122583e-05
4.57650195073396e-05
4.57644959040776e-05
4.57639723127968e-05
4.57634487334966e-05
4.57629251661766e-05
4.57624016108365e-05
4.57618780674759e-05
4.57613545360943e-05
4.57608310166913e-05
4.57603075092665e-05
4.57597840138195e-05
4.57592605303498e-05
4.57587370588572e-05
4.57582135993411e-05
4.57576901518011e-05
4.57571667162369e-05
4.57566432926481e-05
4.57561198810341e-05
4.57555964813946e-05
4.57550730937293e-05
4.57545497180376e-05
4.57540263543192e-05
4.57535030025736e-05
4.57529796628005e-05
4.57524563349995e-05
4.57519330191701e-05
4.57514097153119e-05
4.57508864234245e-05
4.57503631435075e-05
4.57498398755604e-05
4.5749316619583e-05
4.57487933755747e-05
4.57482701435352e-05
4.5747746923464e-05
4.57472237153608e-05
4.57467005192251e-05
4.57461773350564e-05
4.57456541628545e-05
4.57451310026189e-05
4.57446078543492e-05
4.57440847180449e-05
4.57435615937057e-05
4.57430384813311e-05
4.57425153809208e-05
4.57419922924743e-05
4.57414692159912e-05
4.57409461514711e-05
4.57404230989137e-05
4.57399000583184e-05
4.57393770296849e-05
4.57388540130127e-05
4.57383310083015e-05
4.57378080155509e-05
4.57372850347603e-05
4.57367620659295e-05
4.57362391090581e-05
4.57357161641455e-05
4.57351932311914e-05
4.57346703101954e-05
4.57341474011571e-05
4.5733624504076e-05
4.57331016189518e-05
4.5732578745784e-05
4.57320558845723e-05
4.57315330353162e-05
4.57310101980153e-05
4.57304873726692e-05
4.57299645592775e-05
4.57294417578397e-05
4.57289189683556e-05
4.57283961908246e-05
4.57278734252464e-05
4.57273506716205e-05
4.57268279299465e-05
4.57263052002241e-05
4.57257824824527e-05
4.57252597766321e-05
4.57247370827618e-05
4.57242144008413e-05
4.57236917308704e-05
4.57231690728484e-05
4.57226464267752e-05
4.57221237926502e-05
4.5721601170473e-05
4.57210785602432e-05
4.57205559619605e-05
4.57200333756244e-05
4.57195108012344e-05
4.57189882387903e-05
4.57184656882915e-05
4.57179431497377e-05
4.57174206231284e-05
4.57168981084633e-05
4.5716375605742e-05
4.57158531149639e-05
4.57153306361288e-05
4.57148081692362e-05
4.57142857142857e-05
4.57137632712769e-05
4.57132408402094e-05
4.57127184210827e-05
4.57121960138965e-05
4.57116736186504e-05
4.57111512353439e-05
4.57106288639766e-05
4.57101065045482e-05
4.57095841570581e-05
4.57090618215061e-05
4.57085394978917e-05
4.57080171862145e-05
4.5707494886474e-05
4.57069725986699e-05
4.57064503228018e-05
4.57059280588692e-05
4.57054058068718e-05
4.57048835668091e-05
4.57043613386807e-05
4.57038391224863e-05
4.57033169182253e-05
4.57027947258975e-05
4.57022725455023e-05
4.57017503770394e-05
4.57012282205084e-05
4.57007060759089e-05
4.57001839432404e-05
4.56996618225025e-05
4.56991397136949e-05
4.56986176168171e-05
4.56980955318687e-05
4.56975734588493e-05
4.56970513977586e-05
4.5696529348596e-05
4.56960073113612e-05
4.56954852860537e-05
4.56949632726733e-05
4.56944412712194e-05
4.56939192816916e-05
4.56933973040896e-05
4.56928753384129e-05
4.56923533846611e-05
4.56918314428338e-05
4.56913095129306e-05
4.56907875949512e-05
4.5690265688895e-05
4.56897437947617e-05
4.56892219125508e-05
4.5688700042262e-05
4.56881781838949e-05
4.5687656337449e-05
4.5687134502924e-05
4.56866126803194e-05
4.56860908696347e-05
4.56855690708697e-05
4.56850472840239e-05
4.56845255090969e-05
4.56840037460883e-05
4.56834819949977e-05
4.56829602558246e-05
4.56824385285687e-05
4.56819168132295e-05
4.56813951098067e-05
4.56808734182998e-05
4.56803517387084e-05
4.56798300710321e-05
4.56793084152706e-05
4.56787867714234e-05
4.567826513949e-05
4.56777435194701e-05
4.56772219113634e-05
4.56767003151692e-05
4.56761787308874e-05
4.56756571585174e-05
4.56751355980588e-05
4.56746140495113e-05
4.56740925128744e-05
4.56735709881477e-05
4.56730494753308e-05
4.56725279744234e-05
4.56720064854249e-05
4.5671485008335e-05
4.56709635431534e-05
4.56704420898794e-05
4.56699206485129e-05
4.56693992190533e-05
4.56688778015002e-05
4.56683563958533e-05
4.56678350021121e-05
4.56673136202763e-05
4.56667922503454e-05
4.56662708923189e-05
4.56657495461966e-05
4.5665228211978e-05
4.56647068896627e-05
4.56641855792502e-05
4.56636642807402e-05
4.56631429941323e-05
4.5662621719426e-05
4.5662100456621e-05
4.56615792057168e-05
4.56610579667131e-05
4.56605367396094e-05
4.56600155244053e-05
4.56594943211004e-05
4.56589731296943e-05
4.56584519501866e-05
4.56579307825769e-05
4.56574096268648e-05
4.56568884830499e-05
4.56563673511317e-05
4.56558462311099e-05
4.5655325122984e-05
4.56548040267537e-05
4.56542829424185e-05
4.56537618699781e-05
4.5653240809432e-05
4.56527197607797e-05
4.5652198724021e-05
4.56516776991554e-05
4.56511566861825e-05
4.56506356851019e-05
4.56501146959132e-05
4.56495937186159e-05
4.56490727532097e-05
4.56485517996942e-05
4.56480308580689e-05
4.56475099283334e-05
4.56469890104874e-05
4.56464681045304e-05
4.56459472104621e-05
4.56454263282819e-05
4.56449054579896e-05
4.56443845995846e-05
4.56438637530667e-05
4.56433429184353e-05
4.56428220956902e-05
4.56423012848308e-05
4.56417804858568e-05
4.56412596987677e-05
4.56407389235632e-05
4.56402181602428e-05
4.56396974088062e-05
4.56391766692529e-05
4.56386559415825e-05
4.56381352257947e-05
4.56376145218889e-05
4.56370938298649e-05
4.56365731497222e-05
4.56360524814604e-05
4.5635531825079e-05
4.56350111805777e-05
4.56344905479561e-05
4.56339699272138e-05
4.56334493183504e-05
4.56329287213653e-05
4.56324081362584e-05
4.5631887563029e-05
4.5631367001677e-05
4.56308464522017e-05
4.56303259146028e-05
4.562980538888e-05
4.56292848750328e-05
4.56287643730608e-05
4.56282438829636e-05
4.56277234047407e-05
4.56272029383919e-05
4.56266824839166e-05
4.56261620413145e-05
4.56256416105851e-05
4.56251211917282e-05
4.56246007847431e-05
4.56240803896296e-05
4.56235600063873e-05
4.56230396350157e-05
4.56225192755144e-05
4.5621998927883e-05
4.56214785921212e-05
4.56209582682284e-05
4.56204379562044e-05
4.56199176560486e-05
4.56193973677608e-05
4.56188770913404e-05
4.56183568267871e-05
4.56178365741005e-05
4.56173163332801e-05
4.56167961043256e-05
4.56162758872366e-05
4.56157556820126e-05
4.56152354886532e-05
4.56147153071581e-05
4.56141951375268e-05
4.56136749797589e-05
4.56131548338541e-05
4.56126346998118e-05
4.56121145776318e-05
4.56115944673136e-05
4.56110743688568e-05
4.56105542822609e-05
4.56100342075257e-05
4.56095141446506e-05
4.56089940936353e-05
4.56084740544793e-05
4.56079540271823e-05
4.56074340117439e-05
4.56069140081636e-05
4.56063940164411e-05
4.56058740365759e-05
4.56053540685677e-05
4.56048341124159e-05
4.56043141681203e-05
4.56037942356804e-05
4.56032743150958e-05
4.56027544063661e-05
4.5602234509491e-05
4.56017146244699e-05
4.56011947513025e-05
4.56006748899884e-05
4.56001550405271e-05
4.55996352029184e-05
4.55991153771617e-05
4.55985955632566e-05
4.55980757612029e-05
4.5597555971e-05
4.55970361926475e-05
4.5596516426145e-05
4.55959966714922e-05
4.55954769286887e-05
4.55949571977339e-05
4.55944374786276e-05
4.55939177713693e-05
4.55933980759586e-05
4.55928783923951e-05
4.55923587206784e-05
4.55918390608081e-05
4.55913194127838e-05
4.55907997766051e-05
4.55902801522715e-05
4.55897605397828e-05
4.55892409391384e-05
4.55887213503379e-05
4.5588201773381e-05
4.55876822082673e-05
4.55871626549964e-05
4.55866431135677e-05
4.5586123583981e-05
4.55856040662359e-05
4.55850845603319e-05
4.55845650662686e-05
4.55840455840456e-05
4.55835261136625e-05
4.5583006655119e-05
4.55824872084145e-05
4.55819677735488e-05
4.55814483505213e-05
4.55809289393318e-05
4.55804095399797e-05
4.55798901524647e-05
4.55793707767864e-05
4.55788514129444e-05
4.55783320609382e-05
4.55778127207675e-05
4.55772933924319e-05
4.55767740759309e-05
4.55762547712642e-05
4.55757354784313e-05
4.55752161974318e-05
4.55746969282654e-05
4.55741776709317e-05
4.55736584254301e-05
4.55731391917604e-05
4.55726199699221e-05
4.55721007599148e-05
4.55715815617381e-05
4.55710623753916e-05
4.5570543200875e-05
4.55700240381877e-05
4.55695048873294e-05
4.55689857482997e-05
4.55684666210982e-05
4.55679475057245e-05
4.55674284021781e-05
4.55669093104587e-05
4.55663902305659e-05
4.55658711624993e-05
4.55653521062584e-05
4.55648330618429e-05
4.55643140292523e-05
4.55637950084863e-05
4.55632759995444e-05
4.55627570024262e-05
4.55622380171314e-05
4.55617190436595e-05
4.55612000820102e-05
4.55606811321829e-05
4.55601621941774e-05
4.55596432679932e-05
4.55591243536299e-05
4.55586054510871e-05
4.55580865603645e-05
4.55575676814615e-05
4.55570488143778e-05
4.5556529959113e-05
4.55560111156667e-05
4.55554922840385e-05
4.5554973464228e-05
4.55544546562347e-05
4.55539358600583e-05
4.55534170756984e-05
4.55528983031545e-05
4.55523795424264e-05
4.55518607935134e-05
4.55513420564153e-05
4.55508233311317e-05
4.55503046176621e-05
4.55497859160062e-05
4.55492672261635e-05
4.55487485481336e-05
4.55482298819162e-05
4.55477112275108e-05
4.5547192584917e-05
4.55466739541345e-05
4.55461553351628e-05
4.55456367280015e-05
4.55451181326502e-05
4.55445995491085e-05
4.5544080977376e-05
4.55435624174523e-05
4.5543043869337e-05
4.55425253330297e-05
4.554200680853e-05
4.55414882958375e-05
4.55409697949518e-05
4.55404513058724e-05
4.55399328285991e-05
4.55394143631313e-05
4.55388959094687e-05
4.55383774676108e-05
4.55378590375574e-05
4.55373406193078e-05
4.55368222128619e-05
4.55363038182191e-05
4.5535785435379e-05
4.55352670643413e-05
4.55347487051056e-05
4.55342303576714e-05
4.55337120220383e-05
4.5533193698206e-05
4.5532675386174e-05
4.55321570859419e-05
4.55316387975094e-05
4.5531120520876e-05
4.55306022560413e-05
4.5530084003005e-05
4.55295657617665e-05
4.55290475323256e-05
4.55285293146818e-05
4.55280111088347e-05
4.55274929147839e-05
4.5526974732529e-05
4.55264565620696e-05
4.55259384034053e-05
4.55254202565357e-05
4.55249021214604e-05
4.5524383998179e-05
4.55238658866911e-05
4.55233477869963e-05
4.55228296990941e-05
4.55223116229842e-05
4.55217935586662e-05
4.55212755061397e-05
4.55207574654042e-05
4.55202394364594e-05
4.55197214193049e-05
4.55192034139403e-05
4.55186854203651e-05
4.55181674385789e-05
4.55176494685814e-05
4.55171315103722e-05
4.55166135639508e-05
4.55160956293169e-05
4.551557770647e-05
4.55150597954098e-05
4.55145418961358e-05
4.55140240086477e-05
4.5513506132945e-05
4.55129882690273e-05
4.55124704168942e-05
4.55119525765454e-05
4.55114347479804e-05
4.55109169311989e-05
4.55103991262003e-05
4.55098813329844e-05
4.55093635515507e-05
4.55088457818989e-05
4.55083280240284e-05
4.5507810277939e-05
4.55072925436301e-05
4.55067748211015e-05
4.55062571103527e-05
4.55057394113833e-05
4.55052217241929e-05
4.5504704048781e-05
4.55041863851474e-05
4.55036687332916e-05
4.55031510932132e-05
4.55026334649118e-05
4.55021158483869e-05
4.55015982436383e-05
4.55010806506655e-05
4.5500563069468e-05
4.55000455000455e-05
4.54995279423976e-05
4.54990103965239e-05
4.54984928624239e-05
4.54979753400974e-05
4.54974578295438e-05
4.54969403307628e-05
4.54964228437539e-05
4.54959053685168e-05
4.54953879050511e-05
4.54948704533564e-05
4.54943530134322e-05
4.54938355852782e-05
4.54933181688939e-05
4.54928007642791e-05
4.54922833714331e-05
4.54917659903557e-05
4.54912486210465e-05
4.54907312635051e-05
4.54902139177309e-05
4.54896965837238e-05
4.54891792614832e-05
4.54886619510087e-05
4.54881446523e-05
4.54876273653566e-05
4.54871100901782e-05
4.54865928267643e-05
4.54860755751146e-05
4.54855583352286e-05
4.54850411071059e-05
4.54845238907462e-05
4.5484006686149e-05
4.54834894933139e-05
4.54829723122406e-05
4.54824551429286e-05
4.54819379853776e-05
4.5481420839587e-05
4.54809037055566e-05
4.5480386583286e-05
4.54798694727746e-05
4.54793523740222e-05
4.54788352870283e-05
4.54783182117925e-05
4.54778011483145e-05
4.54772840965937e-05
4.54767670566299e-05
4.54762500284227e-05
4.54757330119715e-05
4.5475216007276e-05
4.54746990143359e-05
4.54741820331507e-05
4.547366506372e-05
4.54731481060434e-05
4.54726311601205e-05
4.54721142259509e-05
4.54715973035343e-05
4.54710803928701e-05
4.54705634939581e-05
4.54700466067978e-05
4.54695297313888e-05
4.54690128677306e-05
4.5468496015823e-05
4.54679791756655e-05
4.54674623472577e-05
4.54669455305993e-05
4.54664287256897e-05
4.54659119325286e-05
4.54653951511156e-05
4.54648783814503e-05
4.54643616235324e-05
4.54638448773613e-05
4.54633281429367e-05
4.54628114202582e-05
4.54622947093255e-05
4.5461778010138e-05
4.54612613226954e-05
4.54607446469973e-05
4.54602279830433e-05
4.5459711330833e-05
4.54591946903661e-05
4.5458678061642e-05
4.54581614446604e-05
4.54576448394209e-05
4.54571282459231e-05
4.54566116641666e-05
4.54560950941509e-05
4.54555785358758e-05
4.54550619893408e-05
4.54545454545455e-05
4.54540289314894e-05
4.54535124201723e-05
4.54529959205936e-05
4.54524794327531e-05
4.54519629566502e-05
4.54514464922846e-05
4.54509300396559e-05
4.54504135987638e-05
4.54498971696077e-05
4.54493807521873e-05
4.54488643465021e-05
4.54483479525519e-05
4.54478315703362e-05
4.54473151998546e-05
4.54467988411066e-05
4.5446282494092e-05
4.54457661588102e-05
4.5445249835261e-05
4.54447335234438e-05
4.54442172233583e-05
4.54437009350041e-05
4.54431846583809e-05
4.54426683934881e-05
4.54421521403254e-05
4.54416358988924e-05
4.54411196691886e-05
4.54406034512138e-05
4.54400872449675e-05
4.54395710504493e-05
4.54390548676588e-05
4.54385386965955e-05
4.54380225372592e-05
4.54375063896493e-05
4.54369902537656e-05
4.54364741296075e-05
4.54359580171748e-05
4.54354419164669e-05
4.54349258274836e-05
4.54344097502243e-05
4.54338936846888e-05
4.54333776308765e-05
4.54328615887872e-05
4.54323455584203e-05
4.54318295397756e-05
4.54313135328525e-05
4.54307975376508e-05
4.54302815541699e-05
4.54297655824096e-05
4.54292496223694e-05
4.54287336740488e-05
4.54282177374476e-05
4.54277018125653e-05
4.54271858994015e-05
4.54266699979558e-05
4.54261541082278e-05
4.54256382302171e-05
4.54251223639234e-05
4.54246065093461e-05
4.5424090666485e-05
4.54235748353395e-05
4.54230590159094e-05
4.54225432081942e-05
4.54220274121935e-05
4.5421511627907e-05
4.54209958553341e-05
4.54204800944746e-05
4.5419964345328e-05
4.54194486078939e-05
4.54189328821719e-05
4.54184171681617e-05
4.54179014658628e-05
4.54173857752748e-05
4.54168700963973e-05
4.541635442923e-05
4.54158387737724e-05
4.54153231300241e-05
4.54148074979847e-05
4.54142918776539e-05
4.54137762690312e-05
4.54132606721163e-05
4.54127450869086e-05
4.5412229513408e-05
4.54117139516138e-05
4.54111984015258e-05
4.54106828631436e-05
4.54101673364666e-05
4.54096518214947e-05
4.54091363182272e-05
4.54086208266639e-05
4.54081053468044e-05
4.54075898786482e-05
4.5407074422195e-05
4.54065589774443e-05
4.54060435443958e-05
4.5405528123049e-05
4.54050127134036e-05
4.54044973154591e-05
4.54039819292152e-05
4.54034665546714e-05
4.54029511918275e-05
4.54024358406828e-05
4.54019205012372e-05
4.54014051734901e-05
4.54008898574412e-05
4.54003745530901e-05
4.53998592604363e-05
4.53993439794795e-05
4.53988287102193e-05
4.53983134526552e-05
4.5397798206787e-05
4.53972829726141e-05
4.53967677501362e-05
4.53962525393529e-05
4.53957373402638e-05
4.53952221528684e-05
4.53947069771665e-05
4.53941918131575e-05
4.53936766608411e-05
4.5393161520217e-05
4.53926463912846e-05
4.53921312740436e-05
4.53916161684937e-05
4.53911010746343e-05
4.53905859924652e-05
4.53900709219858e-05
4.53895558631959e-05
4.5389040816095e-05
4.53885257806826e-05
4.53880107569585e-05
4.53874957449223e-05
4.53869807445734e-05
4.53864657559116e-05
4.53859507789364e-05
4.53854358136474e-05
4.53849208600442e-05
4.53844059181265e-05
4.53838909878938e-05
4.53833760693458e-05
4.5382861162482e-05
4.5382346267302e-05
4.53818313838055e-05
4.5381316511992e-05
4.53808016518612e-05
4.53802868034126e-05
4.53797719666459e-05
4.53792571415606e-05
4.53787423281564e-05
4.53782275264328e-05
4.53777127363895e-05
4.53771979580261e-05
4.53766831913421e-05
4.53761684363372e-05
4.5375653693011e-05
4.53751389613631e-05
4.5374624241393e-05
4.53741095331004e-05
4.53735948364849e-05
4.53730801515461e-05
4.53725654782836e-05
4.53720508166969e-05
4.53715361667858e-05
4.53710215285497e-05
4.53705069019884e-05
4.53699922871013e-05
4.53694776838882e-05
4.53689630923485e-05
4.5368448512482e-05
4.53679339442882e-05
4.53674193877667e-05
4.53669048429171e-05
4.5366390309739e-05
4.53658757882321e-05
4.53653612783959e-05
4.536484678023e-05
4.53643322937341e-05
4.53638178189076e-05
4.53633033557504e-05
4.53627889042618e-05
4.53622744644416e-05
4.53617600362894e-05
4.53612456198047e-05
4.53607312149872e-05
4.53602168218364e-05
4.5359702440352e-05
4.53591880705335e-05
4.53586737123807e-05
4.53581593658929e-05
4.535764503107e-05
4.53571307079114e-05
4.53566163964168e-05
4.53561020965858e-05
4.5355587808418e-05
4.5355073531913e-05
4.53545592670703e-05
4.53540450138897e-05
4.53535307723706e-05
4.53530165425128e-05
4.53525023243157e-05
4.53519881177791e-05
4.53514739229025e-05
4.53509597396855e-05
4.53504455681277e-05
4.53499314082287e-05
4.53494172599882e-05
4.53489031234057e-05
4.53483889984808e-05
4.53478748852132e-05
4.53473607836024e-05
4.5346846693648e-05
4.53463326153497e-05
4.53458185487071e-05
4.53453044937197e-05
4.53447904503871e-05
4.5344276418709e-05
4.5343762398685e-05
4.53432483903147e-05
4.53427343935976e-05
4.53422204085334e-05
4.53417064351217e-05
4.5341192473362e-05
4.53406785232541e-05
4.53401645847974e-05
4.53396506579917e-05
4.53391367428364e-05
4.53386228393313e-05
4.53381089474758e-05
4.53375950672697e-05
4.53370811987124e-05
4.53365673418037e-05
4.53360534965431e-05
4.53355396629303e-05
4.53350258409647e-05
4.53345120306461e-05
4.53339982319741e-05
4.53334844449481e-05
4.5332970669568e-05
4.53324569058332e-05
4.53319431537433e-05
4.5331429413298e-05
4.53309156844968e-05
4.53304019673394e-05
4.53298882618254e-05
4.53293745679544e-05
4.53288608857259e-05
4.53283472151397e-05
4.53278335561952e-05
4.53273199088921e-05
4.532680627323e-05
4.53262926492085e-05
4.53257790368272e-05
4.53252654360857e-05
4.53247518469836e-05
4.53242382695206e-05
4.53237247036961e-05
4.53232111495099e-05
4.53226976069616e-05
4.53221840760506e-05
4.53216705567767e-05
4.53211570491395e-05
4.53206435531385e-05
4.53201300687733e-05
4.53196165960436e-05
4.5319103134949e-05
4.5318589685489e-05
4.53180762476633e-05
4.53175628214715e-05
4.53170494069131e-05
4.53165360039879e-05
4.53160226126953e-05
4.5315509233035e-05
4.53149958650066e-05
4.53144825086098e-05
4.5313969163844e-05
4.53134558307089e-05
4.53129425092042e-05
4.53124291993294e-05
4.53119159010841e-05
4.53114026144679e-05
4.53108893394805e-05
4.53103760761214e-05
4.53098628243903e-05
4.53093495842867e-05
4.53088363558103e-05
4.53083231389606e-05
4.53078099337373e-05
4.530729674014e-05
4.53067835581682e-05
4.53062703878217e-05
4.53057572290999e-05
4.53052440820025e-05
4.53047309465291e-05
4.53042178226793e-05
4.53037047104527e-05
4.53031916098489e-05
4.53026785208675e-05
4.53021654435082e-05
4.53016523777705e-05
4.5301139323654e-05
4.53006262811583e-05
4.53001132502831e-05
4.5299600231028e-05
4.52990872233925e-05
4.52985742273762e-05
4.52980612429788e-05
4.52975482701999e-05
4.5297035309039e-05
4.52965223594958e-05
4.529600942157e-05
4.5295496495261e-05
4.52949835805684e-05
4.5294470677492e-05
4.52939577860313e-05
4.52934449061859e-05
4.52929320379555e-05
4.52924191813395e-05
4.52919063363377e-05
4.52913935029496e-05
4.52908806811748e-05
4.5290367871013e-05
4.52898550724638e-05
4.52893422855267e-05
4.52888295102013e-05
4.52883167464873e-05
4.52878039943843e-05
4.52872912538919e-05
4.52867785250096e-05
4.52862658077372e-05
4.52857531020741e-05
4.528524040802e-05
4.52847277255746e-05
4.52842150547373e-05
4.52837023955079e-05
4.52831897478858e-05
4.52826771118709e-05
4.52821644874625e-05
4.52816518746604e-05
4.52811392734641e-05
4.52806266838733e-05
4.52801141058875e-05
4.52796015395065e-05
5.6598861230912e-05
5.65982205519458e-05
5.6597579887484e-05
5.6596939237526e-05
5.65962986020714e-05
5.65956579811197e-05
5.65950173746703e-05
5.65943767827229e-05
5.65937362052768e-05
5.65930956423316e-05
5.65924550938869e-05
6.79101774719305e-05
6.7909408848596e-05
6.79086402426602e-05
6.79078716541226e-05
6.79071030829825e-05
6.79063345292393e-05
6.79055659928925e-05
6.79047974739415e-05
6.79040289723857e-05
6.79032604882244e-05
6.79024920214572e-05
6.79017235720833e-05
6.79009551401023e-05
6.79001867255135e-05
6.78994183283163e-05
6.78986499485102e-05
6.78978815860945e-05
6.78971132410687e-05
6.78963449134322e-05
6.78955766031843e-05
6.78948083103245e-05
6.78940400348523e-05
6.78932717767669e-05
6.78925035360679e-05
6.78917353127546e-05
6.78909671068264e-05
6.78901989182828e-05
6.78894307471232e-05
6.78886625933469e-05
6.78878944569534e-05
6.78871263379421e-05
6.78863582363124e-05
6.78855901520637e-05
6.78848220851955e-05
6.7884054035707e-05
6.78832860035978e-05
6.78825179888673e-05
6.78817499915148e-05
6.78809820115398e-05
6.78802140489416e-05
6.78794461037198e-05
6.78786781758737e-05
6.78779102654026e-05
6.78771423723061e-05
6.78763744965835e-05
6.78756066382343e-05
6.78748387972579e-05
6.78740709736535e-05
6.78733031674208e-05
6.78725353785591e-05
6.78717676070677e-05
6.78709998529462e-05
6.78702321161938e-05
6.78694643968101e-05
6.78686966947945e-05
6.78679290101463e-05
6.78671613428649e-05
6.78663936929498e-05
6.78656260604004e-05
6.78648584452161e-05
6.78640908473963e-05
6.78633232669404e-05
6.78625557038478e-05
6.7861788158118e-05
6.78610206297503e-05
6.78602531187441e-05
6.7859485625099e-05
6.78587181488142e-05
6.78579506898892e-05
6.78571832483234e-05
6.78564158241162e-05
6.7855648417267e-05
6.78548810277753e-05
6.78541136556404e-05
6.78533463008617e-05
6.78525789634388e-05
6.78518116433709e-05
6.78510443406575e-05
6.7850277055298e-05
6.78495097872918e-05
6.78487425366383e-05
6.7847975303337e-05
6.78472080873872e-05
6.78464408887884e-05
6.78456737075399e-05
6.78449065436412e-05
6.78441393970918e-05
6.78433722678909e-05
6.7842605156038e-05
6.78418380615325e-05
6.78410709843739e-05
6.78403039245616e-05
6.78395368820949e-05
6.78387698569733e-05
6.78380028491961e-05
6.78372358587629e-05
6.78364688856729e-05
6.78357019299257e-05
6.78349349915206e-05
6.78341680704571e-05
6.78334011667345e-05
6.78326342803523e-05
6.78318674113098e-05
6.78311005596066e-05
6.78303337252419e-05
6.78295669082153e-05
6.78288001085261e-05
6.78280333261737e-05
6.78272665611576e-05
6.78264998134771e-05
6.78257330831317e-05
6.78249663701208e-05
6.78241996744438e-05
6.78234329961001e-05
6.78226663350892e-05
6.78218996914104e-05
6.78211330650631e-05
6.78203664560468e-05
6.78195998643608e-05
6.78188332900046e-05
6.78180667329777e-05
6.78173001932793e-05
6.7816533670909e-05
6.78157671658661e-05
6.781500067815e-05
6.78142342077602e-05
6.78134677546961e-05
6.7812701318957e-05
6.78119349005425e-05
6.78111684994519e-05
6.78104021156845e-05
6.780963574924e-05
6.78088694001175e-05
6.78081030683167e-05
6.78073367538368e-05
6.78065704566773e-05
6.78058041768375e-05
6.7805037914317e-05
6.78042716691152e-05
6.78035054412313e-05
6.78027392306649e-05
6.78019730374154e-05
6.78012068614821e-05
6.78004407028646e-05
6.77996745615621e-05
6.77989084375742e-05
6.77981423309001e-05
6.77973762415395e-05
6.77966101694915e-05
6.77958441147558e-05
6.77950780773316e-05
6.77943120572184e-05
6.77935460544156e-05
6.77927800689227e-05
6.77920141007389e-05
6.77912481498639e-05
6.77904822162968e-05
6.77897163000373e-05
6.77889504010846e-05
6.77881845194383e-05
6.77874186550976e-05
6.77866528080621e-05
6.77858869783311e-05
6.77851211659041e-05
6.77843553707804e-05
6.77835895929595e-05
6.77828238324409e-05
6.77820580892238e-05
6.77812923633077e-05
6.77805266546921e-05
6.77797609633763e-05
6.77789952893598e-05
6.7778229632642e-05
6.77774639932223e-05
6.77766983711e-05
6.77759327662747e-05
6.77751671787457e-05
6.77744016085125e-05
6.77736360555744e-05
6.77728705199309e-05
6.77721050015814e-05
6.77713395005252e-05
6.77705740167619e-05
6.77698085502908e-05
6.77690431011114e-05
6.7768277669223e-05
6.77675122546251e-05
6.77667468573171e-05
6.77659814772984e-05
6.77652161145684e-05
6.77644507691265e-05
6.77636854409722e-05
6.77629201301048e-05
6.77621548365238e-05
6.77613895602286e-05
6.77606243012186e-05
6.77598590594932e-05
6.77590938350518e-05
6.77583286278938e-05
6.77575634380188e-05
6.7756798265426e-05
6.77560331101148e-05
6.77552679720848e-05
6.77545028513353e-05
6.77537377478658e-05
6.77529726616755e-05
6.77522075927641e-05
6.77514425411308e-05
6.77506775067751e-05
6.77499124896964e-05
6.77491474898941e-05
6.77483825073676e-05
6.77476175421164e-05
6.77468525941399e-05
6.77460876634374e-05
6.77453227500085e-05
6.77445578538524e-05
6.77437929749687e-05
6.77430281133567e-05
6.77422632690158e-05
6.77414984419455e-05
6.77407336321452e-05
6.77399688396143e-05
6.77392040643522e-05
6.77384393063584e-05
6.77376745656322e-05
6.7736909842173e-05
6.77361451359803e-05
6.77353804470535e-05
6.7734615775392e-05
6.77338511209952e-05
6.77330864838626e-05
6.77323218639935e-05
6.77315572613874e-05
6.77307926760436e-05
6.77300281079617e-05
6.77292635571409e-05
6.77284990235808e-05
6.77277345072807e-05
6.77269700082401e-05
6.77262055264584e-05
6.77254410619349e-05
6.77246766146692e-05
6.77239121846605e-05
6.77231477719084e-05
6.77223833764123e-05
6.77216189981715e-05
6.77208546371855e-05
6.77200902934537e-05
6.77193259669755e-05
6.77185616577504e-05
6.77177973657777e-05
6.77170330910568e-05
6.77162688335873e-05
6.77155045933684e-05
6.77147403703996e-05
6.77139761646804e-05
6.77132119762101e-05
6.77124478049882e-05
6.7711683651014e-05
6.7710919514287e-05
6.77101553948066e-05
6.77093912925723e-05
6.77086272075834e-05
6.77078631398393e-05
6.77070990893395e-05
6.77063350560834e-05
6.77055710400704e-05
6.77048070412999e-05
6.77040430597714e-05
6.77032790954842e-05
6.77025151484378e-05
6.77017512186315e-05
6.77009873060649e-05
6.77002234107372e-05
6.76994595326481e-05
6.76986956717967e-05
6.76979318281826e-05
6.76971680018053e-05
6.7696404192664e-05
6.76956404007582e-05
6.76948766260873e-05
6.76941128686509e-05
6.76933491284481e-05
6.76925854054786e-05
6.76918216997416e-05
6.76910580112367e-05
6.76902943399632e-05
6.76895306859206e-05
6.76887670491082e-05
6.76880034295255e-05
6.76872398271719e-05
6.76864762420468e-05
6.76857126741497e-05
6.76849491234799e-05
6.76841855900369e-05
6.768342207382e-05
6.76826585748288e-05
6.76818950930626e-05
6.76811316285208e-05
6.76803681812029e-05
6.76796047511083e-05
6.76788413382363e-05
6.76780779425864e-05
6.76773145641581e-05
6.76765512029507e-05
6.76757878589637e-05
6.76750245321964e-05
6.76742612226483e-05
6.76734979303189e-05
6.76727346552074e-05
6.76719713973134e-05
6.76712081566363e-05
6.76704449331754e-05
6.76696817269303e-05
6.76689185379002e-05
6.76681553660847e-05
6.76673922114832e-05
6.7666629074095e-05
6.76658659539195e-05
6.76651028509563e-05
6.76643397652047e-05
6.76635766966642e-05
6.76628136453341e-05
6.76620506112139e-05
6.76612875943029e-05
6.76605245946007e-05
6.76597616121066e-05
6.765899864682e-05
6.76582356987404e-05
6.76574727678672e-05
6.76567098541998e-05
6.76559469577376e-05
6.765518407848e-05
6.76544212164265e-05
6.76536583715764e-05
6.76528955439293e-05
6.76521327334844e-05
6.76513699402413e-05
6.76506071641993e-05
6.76498444053579e-05
6.76490816637164e-05
6.76483189392744e-05
6.76475562320311e-05
6.76467935419861e-05
6.76460308691388e-05
6.76452682134885e-05
6.76445055750347e-05
6.76437429537768e-05
6.76429803497142e-05
6.76422177628464e-05
6.76414551931727e-05
6.76406926406926e-05
6.76399301054056e-05
6.76391675873109e-05
6.76384050864081e-05
6.76376426026965e-05
6.76368801361756e-05
6.76361176868448e-05
6.76353552547035e-05
6.76345928397511e-05
6.76338304419871e-05
6.76330680614108e-05
6.76323056980218e-05
6.76315433518193e-05
6.76307810228028e-05
6.76300187109718e-05
6.76292564163257e-05
6.76284941388638e-05
6.76277318785857e-05
6.76269696354906e-05
6.76262074095781e-05
6.76254452008476e-05
6.76246830092984e-05
6.762392083493e-05
6.76231586777418e-05
6.76223965377333e-05
6.76216344149038e-05
6.76208723092528e-05
6.76201102207797e-05
6.76193481494838e-05
6.76185860953647e-05
6.76178240584218e-05
6.76170620386544e-05
6.7616300036062e-05
6.7615538050644e-05
6.76147760823999e-05
6.7614014131329e-05
6.76132521974307e-05
6.76124902807045e-05
6.76117283811499e-05
6.76109664987661e-05
6.76102046335527e-05
6.7609442785509e-05
6.76086809546346e-05
6.76079191409287e-05
6.76071573443909e-05
6.76063955650205e-05
6.76056338028169e-05
6.76048720577796e-05
6.76041103299081e-05
6.76033486192016e-05
6.76025869256597e-05
6.76018252492817e-05
6.76010635900672e-05
6.76003019480154e-05
6.75995403231258e-05
6.75987787153979e-05
6.7598017124831e-05
6.75972555514246e-05
6.75964939951781e-05
6.75957324560909e-05
6.75949709341625e-05
6.75942094293922e-05
6.75934479417795e-05
6.75926864713238e-05
6.75919250180245e-05
6.75911635818811e-05
6.75904021628929e-05
6.75896407610594e-05
6.75888793763799e-05
6.7588118008854e-05
6.75873566584811e-05
6.75865953252605e-05
6.75858340091917e-05
6.75850727102741e-05
6.75843114285071e-05
6.75835501638901e-05
6.75827889164226e-05
6.7582027686104e-05
6.75812664729337e-05
6.75805052769111e-05
6.75797440980357e-05
6.75789829363068e-05
6.75782217917239e-05
6.75774606642864e-05
6.75766995539938e-05
6.75759384608454e-05
6.75751773848406e-05
6.7574416325979e-05
6.75736552842598e-05
6.75728942596826e-05
6.75721332522468e-05
6.75713722619517e-05
6.75706112887968e-05
6.75698503327815e-05
6.75690893939053e-05
6.75683284721675e-05
6.75675675675676e-05
6.7566806680105e-05
6.75660458097791e-05
6.75652849565893e-05
6.75645241205351e-05
6.75637633016159e-05
6.75630024998311e-05
6.75622417151801e-05
6.75614809476624e-05
6.75607201972773e-05
6.75599594640243e-05
6.75591987479029e-05
6.75584380489123e-05
6.75576773670521e-05
6.75569167023217e-05
6.75561560547205e-05
6.75553954242479e-05
6.75546348109033e-05
6.75538742146862e-05
6.7553113635596e-05
6.75523530736321e-05
6.75515925287939e-05
6.75508320010808e-05
6.75500714904923e-05
6.75493109970278e-05
6.75485505206867e-05
6.75477900614685e-05
6.75470296193725e-05
6.75462691943982e-05
6.75455087865449e-05
6.75447483958122e-05
6.75439880221995e-05
6.75432276657061e-05
6.75424673263314e-05
6.7541707004075e-05
6.75409466989362e-05
6.75401864109145e-05
6.75394261400092e-05
6.75386658862199e-05
6.75379056495458e-05
6.75371454299865e-05
6.75363852275413e-05
6.75356250422098e-05
6.75348648739912e-05
6.75341047228851e-05
6.75333445888908e-05
6.75325844720077e-05
6.75318243722354e-05
6.75310642895732e-05
6.75303042240205e-05
6.75295441755768e-05
6.75287841442415e-05
6.7528024130014e-05
6.75272641328936e-05
6.752650415288e-05
6.75257441899724e-05
6.75249842441703e-05
6.75242243154732e-05
6.75234644038804e-05
6.75227045093913e-05
6.75219446320054e-05
6.75211847717221e-05
6.75204249285409e-05
6.75196651024611e-05
6.75189052934822e-05
6.75181455016035e-05
6.75173857268247e-05
6.75166259691449e-05
6.75158662285637e-05
6.75151065050805e-05
6.75143467986947e-05
6.75135871094058e-05
6.75128274372131e-05
6.7512067782116e-05
6.75113081441141e-05
6.75105485232068e-05
6.75097889193933e-05
6.75090293326732e-05
6.7508269763046e-05
6.75075102105109e-05
6.75067506750675e-05
6.75059911567152e-05
6.75052316554533e-05
6.75044721712813e-05
6.75037127041987e-05
6.75029532542049e-05
6.75021938212992e-05
6.75014344054811e-05
6.75006750067501e-05
6.74999156251055e-05
6.74991562605467e-05
6.74983969130733e-05
6.74976375826846e-05
6.749687826938e-05
6.7496118973159e-05
6.7495359694021e-05
6.74946004319654e-05
6.74938411869917e-05
6.74930819590992e-05
6.74923227482874e-05
6.74915635545557e-05
6.74908043779035e-05
6.74900452183303e-05
6.74892860758355e-05
6.74885269504184e-05
6.74877678420786e-05
6.74870087508155e-05
6.74862496766284e-05
6.74854906195168e-05
6.74847315794801e-05
6.74839725565178e-05
6.74832135506293e-05
6.74824545618139e-05
6.74816955900712e-05
6.74809366354005e-05
6.74801776978013e-05
6.74794187772729e-05
6.74786598738149e-05
6.74779009874266e-05
6.74771421181075e-05
6.74763832658569e-05
6.74756244306744e-05
6.74748656125593e-05
6.74741068115111e-05
6.74733480275291e-05
6.74725892606129e-05
6.74718305107618e-05
6.74710717779752e-05
6.74703130622526e-05
6.74695543635934e-05
6.74687956819971e-05
6.7468037017463e-05
6.74672783699906e-05
6.74665197395792e-05
6.74657611262284e-05
6.74650025299376e-05
6.74642439507061e-05
6.74634853885335e-05
6.7462726843419e-05
6.74619683153622e-05
6.74612098043625e-05
6.74604513104193e-05
6.7459692833532e-05
6.74589343737e-05
6.74581759309228e-05
6.74574175051998e-05
6.74566590965305e-05
6.74559007049142e-05
6.74551423303503e-05
6.74543839728384e-05
6.74536256323777e-05
6.74528673089679e-05
6.74521090026081e-05
6.7451350713298e-05
6.74505924410369e-05
6.74498341858243e-05
6.74490759476595e-05
6.7448317726542e-05
6.74475595224713e-05
6.74468013354467e-05
6.74460431654676e-05
6.74452850125336e-05
6.7444526876644e-05
6.74437687577982e-05
6.74430106559957e-05
6.74422525712359e-05
6.74414945035182e-05
6.74407364528421e-05
6.74399784192069e-05
6.74392204026122e-05
6.74384624030572e-05
6.74377044205415e-05
6.74369464550645e-05
6.74361885066256e-05
6.74354305752242e-05
6.74346726608598e-05
6.74339147635317e-05
6.74331568832395e-05
6.74323990199825e-05
6.74316411737601e-05
6.74308833445718e-05
6.7430125532417e-05
6.74293677372952e-05
6.74286099592057e-05
6.7427852198148e-05
6.74270944541215e-05
6.74263367271256e-05
6.74255790171598e-05
6.74248213242235e-05
6.74240636483161e-05
6.7423305989437e-05
6.74225483475857e-05
6.74217907227616e-05
6.74210331149641e-05
6.74202755241926e-05
6.74195179504467e-05
6.74187603937256e-05
6.74180028540288e-05
6.74172453313558e-05
6.74164878257059e-05
6.74157303370786e-05
6.74149728654734e-05
6.74142154108896e-05
6.74134579733267e-05
6.74127005527841e-05
6.74119431492613e-05
6.74111857627576e-05
6.74104283932724e-05
6.74096710408053e-05
6.74089137053556e-05
6.74081563869228e-05
6.74073990855063e-05
6.74066418011055e-05
6.74058845337198e-05
6.74051272833487e-05
6.74043700499916e-05
6.74036128336479e-05
6.7402855634317e-05
6.74020984519985e-05
6.74013412866916e-05
6.74005841383959e-05
6.73998270071107e-05
6.73990698928355e-05
6.73983127955697e-05
6.73975557153127e-05
6.7396798652064e-05
6.7396041605823e-05
6.73952845765891e-05
6.73945275643618e-05
6.73937705691404e-05
6.73930135909244e-05
6.73922566297132e-05
6.73914996855063e-05
6.73907427583031e-05
6.7389985848103e-05
6.73892289549054e-05
6.73884720787097e-05
6.73877152195155e-05
6.7386958377322e-05
6.73862015521288e-05
6.73854447439353e-05
6.73846879527409e-05
6.7383931178545e-05
6.7383174421347e-05
6.73824176811464e-05
6.73816609579426e-05
6.73809042517351e-05
6.73801475625232e-05
6.73793908903063e-05
6.73786342350841e-05
6.73778775968557e-05
6.73771209756207e-05
6.73763643713785e-05
6.73756077841286e-05
6.73748512138702e-05
6.7374094660603e-05
6.73733381243263e-05
6.73725816050395e-05
6.7371825102742e-05
6.73710686174334e-05
6.7370312149113e-05
6.73695556977802e-05
6.73687992634345e-05
6.73680428460752e-05
6.7367286445702e-05
6.7366530062314e-05
6.73657736959109e-05
6.7365017346492e-05
6.73642610140567e-05
6.73635046986045e-05
6.73627484001347e-05
6.73619921186469e-05
6.73612358541405e-05
6.73604796066148e-05
6.73597233760693e-05
6.73589671625035e-05
6.73582109659167e-05
6.73574547863085e-05
6.73566986236781e-05
6.73559424780251e-05
6.73551863493489e-05
6.73544302376489e-05
6.73536741429245e-05
6.73529180651752e-05
6.73521620044003e-05
6.73514059605994e-05
6.73506499337719e-05
6.73498939239171e-05
6.73491379310345e-05
6.73483819551235e-05
6.73476259961836e-05
6.73468700542142e-05
6.73461141292147e-05
6.73453582211846e-05
6.73446023301232e-05
6.73438464560301e-05
6.73430905989046e-05
6.73423347587461e-05
6.73415789355541e-05
6.7340823129328e-05
6.73400673400673e-05
6.73393115677714e-05
6.73385558124397e-05
6.73378000740716e-05
6.73370443526665e-05
6.7336288648224e-05
6.73355329607434e-05
6.73347772902241e-05
6.73340216366656e-05
6.73332660000673e-05
6.73325103804287e-05
6.73317547777491e-05
6.7330999192028e-05
6.73302436232648e-05
6.7329488071459e-05
6.732873253661e-05
6.73279770187172e-05
6.732722151778e-05
6.73264660337979e-05
6.73257105667703e-05
6.73249551166966e-05
6.73241996835763e-05
6.73234442674087e-05
6.73226888681934e-05
6.73219334859297e-05
6.73211781206171e-05
6.7320422772255e-05
6.73196674408428e-05
6.731891212638e-05
6.7318156828866e-05
6.73174015483002e-05
6.73166462846821e-05
6.7315891038011e-05
6.73151358082865e-05
6.73143805955079e-05
6.73136253996746e-05
6.73128702207862e-05
6.7312115058842e-05
6.73113599138415e-05
6.7310604785784e-05
6.73098496746691e-05
6.73090945804961e-05
6.73083395032645e-05
6.73075844429736e-05
6.73068293996231e-05
6.73060743732122e-05
6.73053193637404e-05
6.73045643712071e-05
6.73038093956118e-05
6.73030544369539e-05
6.73022994952328e-05
6.73015445704479e-05
6.73007896625987e-05
6.73000347716846e-05
6.72992798977051e-05
6.72985250406595e-05
6.72977702005474e-05
6.7297015377368e-05
6.72962605711209e-05
6.72955057818055e-05
6.72947510094213e-05
6.72939962539675e-05
6.72932415154438e-05
6.72924867938495e-05
6.7291732089184e-05
6.72909774014468e-05
6.72902227306372e-05
6.72894680767549e-05
6.7288713439799e-05
6.72879588197692e-05
6.72872042166648e-05
6.72864496304852e-05
6.728569506123e-05
6.72849405088984e-05
6.728418597349e-05
6.72834314550042e-05
6.72826769534404e-05
6.7281922468798e-05
6.72811680010765e-05
6.72804135502753e-05
6.72796591163938e-05
6.72789046994315e-05
6.72781502993878e-05
6.72773959162621e-05
6.72766415500538e-05
6.72758872007625e-05
6.72751328683874e-05
6.72743785529281e-05
6.7273624254384e-05
6.72728699727545e-05
6.7272115708039e-05
6.7271361460237e-05
6.72706072293479e-05
6.72698530153712e-05
6.72690988183062e-05
6.72683446381524e-05
6.72675904749092e-05
6.72668363285761e-05
6.72660821991524e-05
6.72653280866377e-05
6.72645739910314e-05
6.72638199123328e-05
6.72630658505415e-05
6.72623118056568e-05
6.72615577776781e-05
6.7260803766605e-05
6.72600497724368e-05
6.7259295795173e-05
6.7258541834813e-05
6.72577878913563e-05
6.72570339648022e-05
6.72562800551502e-05
6.72555261623997e-05
6.72547722865502e-05
6.72540184276011e-05
6.72532645855518e-05
6.72525107604017e-05
6.72517569521504e-05
6.72510031607971e-05
6.72502493863415e-05
6.72494956287828e-05
6.72487418881205e-05
6.72479881643541e-05
6.72472344574829e-05
6.72464807675065e-05
6.72457270944242e-05
6.72449734382355e-05
6.72442197989398e-05
6.72434661765365e-05
6.72427125710251e-05
6.7241958982405e-05
6.72412054106757e-05
6.72404518558365e-05
6.72396983178869e-05
6.72389447968263e-05
6.72381912926542e-05
6.723743780537e-05
6.72366843349732e-05
6.7235930881463e-05
6.72351774448391e-05
6.72344240251009e-05
6.72336706222476e-05
6.72329172362789e-05
6.72321638671941e-05
6.72314105149926e-05
6.72306571796739e-05
6.72299038612375e-05
6.72291505596827e-05
6.7228397275009e-05
6.72276440072158e-05
6.72268907563025e-05
6.72261375222687e-05
6.72253843051136e-05
6.72246311048368e-05
6.72238779214377e-05
6.72231247549157e-05
6.72223716052702e-05
6.72216184725008e-05
6.72208653566067e-05
6.72201122575875e-05
6.72193591754425e-05
6.72186061101713e-05
6.72178530617732e-05
6.72171000302477e-05
6.72163470155942e-05
6.72155940178121e-05
6.7214841036901e-05
6.72140880728601e-05
6.72133351256889e-05
6.7212582195387e-05
6.72118292819536e-05
6.72110763853883e-05
6.72103235056905e-05
6.72095706428595e-05
6.7208817796895e-05
6.72080649677961e-05
6.72073121555625e-05
6.72065593601936e-05
6.72058065816887e-05
6.72050538200473e-05
6.72043010752688e-05
6.72035483473527e-05
6.72027956362985e-05
6.72020429421054e-05
6.72012902647731e-05
6.72005376043008e-05
6.71997849606881e-05
6.71990323339344e-05
6.71982797240391e-05
6.71975271310016e-05
6.71967745548214e-05
6.71960219954979e-05
6.71952694530305e-05
6.71945169274187e-05
6.71937644186619e-05
6.71930119267596e-05
6.71922594517112e-05
6.7191506993516e-05
6.71907545521736e-05
6.71900021276834e-05
6.71892497200448e-05
6.71884973292572e-05
6.71877449553201e-05
6.7186992598233e-05
6.71862402579952e-05
6.71854879346061e-05
6.71847356280653e-05
6.71839833383721e-05
6.7183231065526e-05
6.71824788095265e-05
6.71817265703729e-05
6.71809743480646e-05
6.71802221426012e-05
6.71794699539821e-05
6.71787177822066e-05
6.71779656272743e-05
6.71772134891845e-05
6.71764613679367e-05
6.71757092635303e-05
6.71749571759648e-05
6.71742051052396e-05
6.71734530513541e-05
6.71727010143078e-05
6.71719489941001e-05
6.71711969907304e-05
6.71704450041982e-05
6.71696930345028e-05
6.71689410816439e-05
6.71681891456206e-05
6.71674372264326e-05
6.71666853240793e-05
6.716593343856e-05
6.71651815698742e-05
6.71644297180213e-05
6.71636778830009e-05
6.71629260648122e-05
6.71621742634548e-05
6.71614224789281e-05
6.71606707112315e-05
6.71599189603645e-05
6.71591672263264e-05
6.71584155091168e-05
6.7157663808735e-05
6.71569121251805e-05
6.71561604584527e-05
6.71554088085511e-05
6.71546571754751e-05
6.71539055592241e-05
6.71531539597976e-05
6.71524023771951e-05
6.71516508114158e-05
6.71508992624593e-05
6.7150147730325e-05
6.71493962150124e-05
6.71486447165208e-05
6.71478932348498e-05
6.71471417699987e-05
6.71463903219669e-05
6.7145638890754e-05
6.71448874763594e-05
6.71441360787825e-05
6.71433846980226e-05
6.71426333340794e-05
6.71418819869521e-05
6.71411306566403e-05
6.71403793431433e-05
6.71396280464606e-05
6.71388767665917e-05
6.71381255035359e-05
6.71373742572928e-05
6.71366230278617e-05
6.71358718152421e-05
6.71351206194334e-05
6.7134369440435e-05
6.71336182782465e-05
6.71328671328671e-05
6.71321160042965e-05
6.71313648925339e-05
6.71306137975788e-05
6.71298627194307e-05
6.71291116580891e-05
6.71283606135532e-05
6.71276095858227e-05
6.71268585748968e-05
6.71261075807751e-05
6.7125356603457e-05
6.71246056429418e-05
6.71238546992292e-05
6.71231037723184e-05
6.7122352862209e-05
6.71216019689003e-05
6.71208510923919e-05
6.7120100232683e-05
6.71193493897732e-05
6.7118598563662e-05
6.71178477543487e-05
6.71170969618327e-05
6.71163461861136e-05
6.71155954271908e-05
6.71148446850636e-05
6.71140939597315e-05
6.71133432511941e-05
6.71125925594506e-05
6.71118418845005e-05
6.71110912263433e-05
6.71103405849785e-05
6.71095899604053e-05
6.71088393526234e-05
6.71080887616321e-05
6.71073381874308e-05
6.7106587630019e-05
6.71058370893962e-05
6.71050865655617e-05
6.7104336058515e-05
6.71035855682555e-05
6.71028350947827e-05
6.71020846380961e-05
6.7101334198195e-05
6.71005837750788e-05
6.70998333687471e-05
6.70990829791993e-05
6.70983326064347e-05
6.70975822504529e-05
6.70968319112533e-05
6.70960815888352e-05
6.70953312831982e-05
6.70945809943417e-05
6.70938307222651e-05
6.70930804669678e-05
6.70923302284494e-05
6.70915800067092e-05
6.70908298017466e-05
6.70900796135611e-05
6.70893294421522e-05
6.70885792875193e-05
6.70878291496618e-05
6.70870790285791e-05
6.70863289242707e-05
6.70855788367361e-05
6.70848287659746e-05
6.70840787119857e-05
6.70833286747688e-05
6.70825786543235e-05
6.7081828650649e-05
6.70810786637449e-05
6.70803286936106e-05
6.70795787402455e-05
6.70788288036491e-05
6.70780788838208e-05
6.707732898076e-05
6.70765790944662e-05
6.70758292249388e-05
6.70750793721773e-05
6.7074329536181e-05
6.70735797169495e-05
6.70728299144821e-05
6.70720801287784e-05
6.70713303598377e-05
6.70705806076595e-05
6.70698308722431e-05
6.70690811535882e-05
6.7068331451694e-05
6.70675817665601e-05
6.70668320981858e-05
6.70660824465707e-05
6.70653328117141e-05
6.70645831936155e-05
6.70638335922742e-05
6.70630840076899e-05
6.70623344398618e-05
6.70615848887895e-05
6.70608353544724e-05
6.70600858369099e-05
6.70593363361014e-05
6.70585868520464e-05
6.70578373847443e-05
6.70570879341946e-05
6.70563385003968e-05
6.70555890833501e-05
6.70548396830541e-05
6.70540902995083e-05
6.7053340932712e-05
6.70525915826647e-05
6.70518422493658e-05
6.70510929328148e-05
6.70503436330111e-05
6.70495943499542e-05
6.70488450836434e-05
6.70480958340783e-05
6.70473466012583e-05
6.70465973851827e-05
6.70458481858511e-05
6.70450990032629e-05
6.70443498374174e-05
6.70436006883143e-05
6.70428515559528e-05
6.70421024403325e-05
6.70413533414528e-05
6.70406042593131e-05
6.70398551939128e-05
6.70391061452514e-05
6.70383571133283e-05
6.70376080981431e-05
6.7036859099695e-05
6.70361101179836e-05
6.70353611530082e-05
6.70346122047684e-05
6.70338632732635e-05
6.70331143584931e-05
6.70323654604565e-05
6.70316165791532e-05
6.70308677145826e-05
6.70301188667441e-05
6.70293700356373e-05
6.70286212212615e-05
6.70278724236162e-05
6.70271236427007e-05
6.70263748785147e-05
6.70256261310574e-05
6.70248774003284e-05
6.70241286863271e-05
6.70233799890528e-05
6.70226313085052e-05
6.70218826446835e-05
6.70211339975872e-05
6.70203853672159e-05
6.70196367535688e-05
6.70188881566455e-05
6.70181395764454e-05
6.70173910129679e-05
6.70166424662124e-05
6.70158939361785e-05
6.70151454228656e-05
6.7014396926273e-05
6.70136484464002e-05
6.70128999832468e-05
6.7012151536812e-05
6.70114031070954e-05
6.70106546940964e-05
6.70099062978144e-05
6.70091579182488e-05
6.70084095553992e-05
6.70076612092649e-05
6.70069128798454e-05
6.70061645671402e-05
6.70054162711486e-05
6.70046679918701e-05
6.70039197293042e-05
6.70031714834502e-05
6.70024232543077e-05
6.70016750418761e-05
6.70009268461547e-05
6.70001786671431e-05
6.69994305048407e-05
6.69986823592469e-05
6.69979342303612e-05
6.6997186118183e-05
6.69964380227118e-05
6.69956899439469e-05
6.69949418818879e-05
6.69941938365342e-05
6.69934458078851e-05
6.69926977959402e-05
6.69919498006989e-05
6.69912018221607e-05
6.69904538603249e-05
6.6989705915191e-05
6.69889579867585e-05
6.69882100750268e-05
6.69874621799953e-05
6.69867143016635e-05
6.69859664400308e-05
6.69852185950967e-05
6.69844707668605e-05
6.69837229553219e-05
6.698297516048e-05
6.69822273823345e-05
6.69814796208848e-05
6.69807318761303e-05
6.69799841480704e-05
6.69792364367046e-05
6.69784887420324e-05
6.69777410640531e-05
6.69769934027662e-05
6.69762457581711e-05
6.69754981302673e-05
6.69747505190543e-05
6.69740029245315e-05
6.69732553466982e-05
6.6972507785554e-05
6.69717602410983e-05
6.69710127133306e-05
6.69702652022502e-05
6.69695177078566e-05
6.69687702301493e-05
6.69680227691277e-05
6.69672753247913e-05
6.69665278971394e-05
6.69657804861716e-05
6.69650330918872e-05
6.69642857142857e-05
6.69635383533666e-05
6.69627910091293e-05
6.69620436815732e-05
6.69612963706977e-05
6.69605490765024e-05
6.69598017989867e-05
6.69590545381499e-05
6.69583072939916e-05
6.69575600665112e-05
6.69568128557081e-05
6.69560656615817e-05
6.69553184841316e-05
6.69545713233571e-05
6.69538241792577e-05
6.69530770518328e-05
6.69523299410819e-05
6.69515828470045e-05
6.69508357695999e-05
6.69500887088675e-05
6.6949341664807e-05
6.69485946374176e-05
6.69478476266988e-05
6.69471006326501e-05
6.69463536552709e-05
6.69456066945607e-05
6.69448597505188e-05
6.69441128231448e-05
6.69433659124381e-05
6.69426190183981e-05
6.69418721410242e-05
6.6941125280316e-05
6.69403784362728e-05
6.6939631608894e-05
6.69388847981793e-05
6.69381380041278e-05
6.69373912267393e-05
6.69366444660129e-05
6.69358977219483e-05
6.69351509945448e-05
6.69344042838019e-05
6.6933657589719e-05
6.69329109122956e-05
6.69321642515311e-05
6.69314176074249e-05
6.69306709799766e-05
6.69299243691855e-05
6.6929177775051e-05
6.69284311975727e-05
6.692768463675e-05
6.69269380925823e-05
6.6926191565069e-05
6.69254450542096e-05
6.69246985600036e-05
6.69239520824503e-05
6.69232056215493e-05
6.69224591772999e-05
6.69217127497016e-05
6.69209663387539e-05
6.69202199444562e-05
6.69194735668079e-05
6.69187272058085e-05
6.69179808614575e-05
6.69172345337542e-05
6.69164882226981e-05
6.69157419282886e-05
6.69149956505253e-05
6.69142493894075e-05
6.69135031449347e-05
6.69127569171062e-05
6.69120107059217e-05
6.69112645113805e-05
6.6910518333482e-05
6.69097721722258e-05
6.69090260276111e-05
6.69082798996376e-05
6.69075337883046e-05
6.69067876936115e-05
6.69060416155579e-05
6.69052955541431e-05
6.69045495093666e-05
6.69038034812279e-05
6.69030574697264e-05
6.69023114748615e-05
6.69015654966326e-05
6.69008195350393e-05
6.6900073590081e-05
6.6899327661757e-05
6.68985817500669e-05
6.68978358550101e-05
6.6897089976586e-05
6.68963441147941e-05
6.68955982696339e-05
6.68948524411047e-05
6.6894106629206e-05
6.68933608339372e-05
6.68926150552979e-05
6.68918692932874e-05
6.68911235479052e-05
6.68903778191507e-05
6.68896321070234e-05
6.68888864115227e-05
6.68881407326481e-05
6.6887395070399e-05
6.68866494247748e-05
6.6885903795775e-05
6.68851581833991e-05
6.68844125876465e-05
6.68836670085165e-05
6.68829214460088e-05
6.68821759001226e-05
6.68814303708575e-05
6.68806848582129e-05
6.68799393621883e-05
6.68791938827831e-05
6.68784484199967e-05
6.68777029738285e-05
6.68769575442781e-05
6.68762121313449e-05
6.68754667350283e-05
6.68747213553277e-05
6.68739759922426e-05
6.68732306457725e-05
6.68724853159168e-05
6.68717400026749e-05
6.68709947060463e-05
6.68702494260304e-05
6.68695041626266e-05
6.68687589158345e-05
6.68680136856535e-05
6.68672684720829e-05
6.68665232751223e-05
6.68657780947711e-05
6.68650329310287e-05
6.68642877838946e-05
6.68635426533682e-05
6.6862797539449e-05
6.68620524421365e-05
6.68613073614299e-05
6.68605622973289e-05
6.68598172498328e-05
6.68590722189412e-05
6.68583272046533e-05
6.68575822069688e-05
6.6856837225887e-05
6.68560922614073e-05
6.68553473135293e-05
6.68546023822523e-05
6.68538574675759e-05
6.68531125694994e-05
6.68523676880223e-05
6.6851622823144e-05
6.68508779748641e-05
6.68501331431818e-05
6.68493883280968e-05
6.68486435296084e-05
6.6847898747716e-05
6.68471539824192e-05
6.68464092337173e-05
6.68456645016099e-05
6.68449197860963e-05
6.68441750871759e-05
6.68434304048484e-05
6.6842685739113e-05
6.68419410899693e-05
6.68411964574166e-05
6.68404518414544e-05
6.68397072420823e-05
6.68389626592995e-05
6.68382180931056e-05
6.68374735435001e-05
6.68367290104822e-05
6.68359844940516e-05
6.68352399942076e-05
6.68344955109497e-05
6.68337510442774e-05
6.683300659419e-05
6.6832262160687e-05
6.6831517743768e-05
6.68307733434322e-05
6.68300289596792e-05
6.68292845925084e-05
6.68285402419193e-05
6.68277959079113e-05
6.68270515904838e-05
6.68263072896364e-05
6.68255630053683e-05
6.68248187376792e-05
6.68240744865684e-05
6.68233302520353e-05
6.68225860340795e-05
6.68218418327004e-05
6.68210976478974e-05
6.68203534796699e-05
6.68196093280175e-05
6.68188651929395e-05
6.68181210744354e-05
6.68173769725047e-05
6.68166328871467e-05
6.6815888818361e-05
6.6815144766147e-05
6.68144007305041e-05
6.68136567114318e-05
6.68129127089295e-05
6.68121687229968e-05
6.68114247536329e-05
6.68106808008374e-05
6.68099368646097e-05
6.68091929449492e-05
6.68084490418555e-05
6.68077051553279e-05
6.68069612853659e-05
6.6806217431969e-05
6.68054735951366e-05
6.68047297748681e-05
6.68039859711629e-05
6.68032421840207e-05
6.68024984134407e-05
6.68017546594224e-05
6.68010109219653e-05
6.68002672010688e-05
6.67995234967324e-05
6.67987798089555e-05
6.67980361377376e-05
6.6797292483078e-05
6.67965488449763e-05
6.6795805223432e-05
6.67950616184443e-05
6.67943180300129e-05
6.67935744581371e-05
6.67928309028164e-05
6.67920873640503e-05
6.67913438418381e-05
6.67906003361794e-05
6.67898568470735e-05
6.678911337452e-05
6.67883699185182e-05
6.67876264790676e-05
6.67868830561678e-05
6.6786139649818e-05
6.67853962600178e-05
6.67846528867666e-05
6.67839095300639e-05
6.67831661899091e-05
6.67824228663016e-05
6.67816795592409e-05
6.67809362687265e-05
6.67801929947578e-05
6.67794497373342e-05
6.67787064964552e-05
6.67779632721202e-05
6.67772200643287e-05
6.67764768730802e-05
6.6775733698374e-05
6.67749905402097e-05
6.67742473985866e-05
6.67735042735043e-05
6.67727611649621e-05
6.67720180729596e-05
6.67712749974961e-05
6.67705319385711e-05
6.67697888961841e-05
6.67690458703345e-05
6.67683028610218e-05
6.67675598682453e-05
6.67668168920047e-05
6.67660739322992e-05
6.67653309891284e-05
6.67645880624917e-05
6.67638451523885e-05
6.67631022588183e-05
6.67623593817806e-05
6.67616165212747e-05
6.67608736773002e-05
6.67601308498565e-05
6.6759388038943e-05
6.67586452445592e-05
6.67579024667045e-05
6.67571597053784e-05
6.67564169605803e-05
6.67556742323097e-05
6.67549315205661e-05
6.67541888253488e-05
6.67534461466573e-05
6.67527034844911e-05
6.67519608388496e-05
6.67512182097323e-05
6.67504755971386e-05
6.6749733001068e-05
6.67489904215199e-05
6.67482478584937e-05
6.6747505311989e-05
6.67467627820051e-05
6.67460202685415e-05
6.67452777715977e-05
6.6744535291173e-05
6.67437928272671e-05
6.67430503798792e-05
6.67423079490089e-05
6.67415655346556e-05
6.67408231368187e-05
6.67400807554977e-05
6.67393383906921e-05
6.67385960424013e-05
6.67378537106247e-05
6.67371113953618e-05
6.6736369096612e-05
6.67356268143748e-05
6.67348845486497e-05
6.67341422994361e-05
6.67334000667334e-05
6.67326578505411e-05
6.67319156508586e-05
6.67311734676854e-05
6.6730431301021e-05
6.67296891508647e-05
6.67289470172161e-05
6.67282049000745e-05
6.67274627994395e-05
6.67267207153104e-05
6.67259786476868e-05
6.67252365965681e-05
6.67244945619537e-05
6.67237525438431e-05
6.67230105422357e-05
6.67222685571309e-05
6.67215265885283e-05
6.67207846364273e-05
6.67200427008273e-05
6.67193007817278e-05
6.67185588791282e-05
6.6717816993028e-05
6.67170751234266e-05
6.67163332703235e-05
6.67155914337181e-05
6.67148496136098e-05
6.67141078099982e-05
6.67133660228827e-05
6.67126242522627e-05
6.67118824981376e-05
6.6711140760507e-05
6.67103990393702e-05
6.67096573347268e-05
6.67089156465762e-05
6.67081739749177e-05
6.6707432319751e-05
6.67066906810753e-05
6.67059490588902e-05
6.67052074531952e-05
6.67044658639896e-05
6.67037242912729e-05
6.67029827350446e-05
6.67022411953042e-05
6.6701499672051e-05
6.67007581652845e-05
6.67000166750042e-05
6.66992752012095e-05
6.66985337438999e-05
6.66977923030748e-05
6.66970508787336e-05
6.66963094708759e-05
6.66955680795011e-05
6.66948267046086e-05
6.66940853461979e-05
6.66933440042684e-05
6.66926026788195e-05
6.66918613698508e-05
6.66911200773617e-05
6.66903788013516e-05
6.668963754182e-05
6.66888962987663e-05
6.66881550721899e-05
6.66874138620904e-05
6.66866726684672e-05
6.66859314913197e-05
6.66851903306474e-05
6.66844491864497e-05
6.66837080587261e-05
6.66829669474761e-05
6.6682225852699e-05
6.66814847743943e-05
6.66807437125615e-05
6.66800026672001e-05
6.66792616383095e-05
6.66785206258891e-05
6.66777796299383e-05
6.66770386504567e-05
6.66762976874437e-05
6.66755567408988e-05
6.66748158108213e-05
6.66740748972108e-05
6.66733340000667e-05
6.66725931193884e-05
6.66718522551754e-05
6.66711114074272e-05
6.66703705761431e-05
6.66696297613227e-05
6.66688889629654e-05
6.66681481810707e-05
6.66674074156379e-05
6.66666666666667e-05
6.66659259341563e-05
6.66651852181063e-05
6.66644445185161e-05
6.66637038353851e-05
6.66629631687128e-05
6.66622225184988e-05
6.66614818847423e-05
6.66607412674429e-05
6.66600006666e-05
6.66592600822131e-05
6.66585195142816e-05
6.6657778962805e-05
6.66570384277827e-05
6.66562979092141e-05
6.66555574070988e-05
6.66548169214362e-05
6.66540764522257e-05
6.66533359994668e-05
6.66525955631589e-05
6.66518551433015e-05
6.6651114739894e-05
6.66503743529359e-05
6.66496339824267e-05
6.66488936283658e-05
6.66481532907526e-05
6.66474129695866e-05
6.66466726648672e-05
6.6645932376594e-05
6.66451921047662e-05
6.66444518493835e-05
6.66437116104453e-05
6.6642971387951e-05
6.66422311819e-05
6.66414909922918e-05
6.66407508191259e-05
6.66400106624017e-05
6.66392705221187e-05
6.66385303982763e-05
6.6637790290874e-05
6.66370501999112e-05
6.66363101253873e-05
6.66355700673019e-05
6.66348300256544e-05
6.66340900004442e-05
6.66333499916708e-05
6.66326099993337e-05
6.66318700234322e-05
6.66311300639659e-05
6.66303901209342e-05
6.66296501943365e-05
6.66289102841723e-05
6.66281703904411e-05
6.66274305131423e-05
6.66266906522753e-05
6.66259508078397e-05
6.66252109798348e-05
6.66244711682601e-05
6.66237313731151e-05
6.66229915943992e-05
6.66222518321119e-05
6.66215120862526e-05
6.66207723568209e-05
6.6620032643816e-05
6.66192929472375e-05
6.66185532670849e-05
6.66178136033575e-05
6.66170739560549e-05
6.66163343251765e-05
6.66155947107218e-05
6.66148551126901e-05
6.6614115531081e-05
6.66133759658939e-05
6.66126364171283e-05
6.66118968847836e-05
6.66111573688593e-05
6.66104178693548e-05
6.66096783862695e-05
6.6608938919603e-05
6.66081994693547e-05
6.6607460035524e-05
6.66067206181104e-05
6.66059812171133e-05
6.66052418325322e-05
6.66045024643666e-05
6.66037631126159e-05
6.66030237772795e-05
6.66022844583569e-05
6.66015451558476e-05
6.6600805869751e-05
6.66000666000666e-05
6.65993273467938e-05
6.65985881099321e-05
6.65978488894809e-05
6.65971096854397e-05
6.65963704978079e-05
6.6595631326585e-05
6.65948921717704e-05
6.65941530333637e-05
6.65934139113642e-05
6.65926748057714e-05
6.65919357165847e-05
6.65911966438037e-05
6.65904575874277e-05
6.65897185474563e-05
6.65889795238888e-05
6.65882405167247e-05
6.65875015259636e-05
6.65867625516047e-05
6.65860235936477e-05
6.65852846520919e-05
6.65845457269368e-05
6.65838068181818e-05
6.65830679258265e-05
6.65823290498702e-05
6.65815901903124e-05
6.65808513471526e-05
6.65801125203902e-05
6.65793737100246e-05
6.65786349160554e-05
6.6577896138482e-05
6.65771573773039e-05
6.65764186325204e-05
6.6575679904131e-05
6.65749411921353e-05
6.65742024965326e-05
6.65734638173224e-05
6.65727251545042e-05
6.65719865080774e-05
6.65712478780415e-05
6.65705092643959e-05
6.65697706671401e-05
6.65690320862735e-05
6.65682935217956e-05
6.65675549737058e-05
6.65668164420037e-05
6.65660779266886e-05
6.656533942776e-05
6.65646009452173e-05
6.65638624790601e-05
6.65631240292878e-05
6.65623855958998e-05
6.65616471788955e-05
6.65609087782745e-05
6.65601703940362e-05
6.655943202618e-05
6.65586936747055e-05
6.6557955339612e-05
6.6557217020899e-05
6.65564787185659e-05
6.65557404326123e-05
6.65550021630376e-05
6.65542639098412e-05
6.65535256730225e-05
6.65527874525811e-05
6.65520492485164e-05
6.65513110608279e-05
6.6550572889515e-05
6.65498347345771e-05
6.65490965960137e-05
6.65483584738243e-05
6.65476203680083e-05
6.65468822785653e-05
6.65461442054945e-05
6.65454061487955e-05
6.65446681084678e-05
6.65439300845108e-05
6.65431920769239e-05
6.65424540857067e-05
6.65417161108585e-05
6.65409781523788e-05
6.65402402102672e-05
6.65395022845229e-05
6.65387643751456e-05
6.65380264821345e-05
6.65372886054893e-05
6.65365507452094e-05
6.65358129012941e-05
6.6535075073743e-05
6.65343372625556e-05
6.65335994677312e-05
6.65328616892694e-05
6.65321239271695e-05
6.65313861814311e-05
6.65306484520536e-05
6.65299107390364e-05
6.65291730423791e-05
6.6528435362081e-05
6.65276976981417e-05
6.65269600505605e-05
6.6526222419337e-05
6.65254848044705e-05
6.65247472059606e-05
6.65240096238067e-05
6.65232720580083e-05
6.65225345085648e-05
6.65217969754756e-05
6.65210594587403e-05
6.65203219583583e-05
6.6519584474329e-05
6.65188470066519e-05
6.65181095553264e-05
6.65173721203521e-05
6.65166347017283e-05
6.65158972994546e-05
6.65151599135303e-05
6.6514422543955e-05
6.6513685190728e-05
6.65129478538489e-05
6.65122105333171e-05
6.6511473229132e-05
6.65107359412932e-05
6.65099986698e-05
6.6509261414652e-05
6.65085241758485e-05
6.65077869533891e-05
6.65070497472732e-05
6.65063125575002e-05
6.65055753840697e-05
6.6504838226981e-05
6.65041010862336e-05
6.65033639618271e-05
6.65026268537607e-05
6.65018897620341e-05
6.65011526866466e-05
6.65004156275977e-05
6.64996785848868e-05
6.64989415585135e-05
6.64982045484772e-05
6.64974675547773e-05
6.64967305774133e-05
6.64959936163846e-05
6.64952566716908e-05
6.64945197433312e-05
6.64937828313053e-05
6.64930459356126e-05
6.64923090562525e-05
6.64915721932245e-05
6.64908353465281e-05
6.64900985161626e-05
6.64893617021277e-05
6.64886249044226e-05
6.64878881230469e-05
6.64871513580001e-05
6.64864146092815e-05
6.64856778768907e-05
6.64849411608271e-05
6.64842044610901e-05
6.64834677776793e-05
6.6482731110594e-05
6.64819944598338e-05
6.64812578253981e-05
6.64805212072863e-05
6.64797846054979e-05
6.64790480200324e-05
6.64783114508891e-05
6.64775748980677e-05
6.64768383615675e-05
6.6476101841388e-05
6.64753653375287e-05
6.64746288499889e-05
6.64738923787682e-05
6.64731559238661e-05
6.64724194852819e-05
6.64716830630152e-05
6.64709466570653e-05
6.64702102674318e-05
6.64694738941141e-05
6.64687375371117e-05
6.6468001196424e-05
6.64672648720505e-05
6.64665285639907e-05
6.64657922722439e-05
6.64650559968097e-05
6.64643197376875e-05
6.64635834948768e-05
6.6462847268377e-05
6.64621110581876e-05
6.6461374864308e-05
6.64606386867378e-05
6.64599025254763e-05
6.6459166380523e-05
6.64584302518775e-05
6.6457694139539e-05
6.64569580435072e-05
6.64562219637814e-05
6.64554859003611e-05
6.64547498532458e-05
6.64540138224349e-05
6.64532778079279e-05
6.64525418097242e-05
6.64518058278234e-05
6.64510698622248e-05
6.64503339129279e-05
6.64495979799322e-05
6.64488620632372e-05
6.64481261628422e-05
6.64473902787468e-05
6.64466544109504e-05
6.64459185594525e-05
6.64451827242525e-05
6.64444469053499e-05
6.64437111027441e-05
6.64429753164347e-05
6.6442239546421e-05
6.64415037927025e-05
6.64407680552787e-05
6.64400323341491e-05
6.6439296629313e-05
6.643856094077e-05
6.64378252685195e-05
6.6437089612561e-05
6.6436353972894e-05
6.64356183495178e-05
6.6434882742432e-05
6.64341471516359e-05
6.64334115771292e-05
6.64326760189112e-05
6.64319404769813e-05
6.64312049513391e-05
6.64304694419841e-05
6.64297339489155e-05
6.6428998472133e-05
6.6428263011636e-05
6.64275275674239e-05
6.64267921394963e-05
6.64260567278524e-05
6.64253213324919e-05
6.64245859534142e-05
6.64238505906187e-05
6.64231152441049e-05
6.64223799138723e-05
6.64216445999203e-05
6.64209093022483e-05
6.64201740208559e-05
6.64194387557425e-05
6.64187035069075e-05
6.64179682743505e-05
6.64172330580708e-05
6.64164978580679e-05
6.64157626743414e-05
6.64150275068906e-05
6.64142923557149e-05
6.6413557220814e-05
6.64128221021872e-05
6.6412086999834e-05
6.64113519137538e-05
6.64106168439461e-05
6.64098817904104e-05
6.64091467531461e-05
6.64084117321527e-05
6.64076767274297e-05
6.64069417389764e-05
6.64062067667925e-05
6.64054718108772e-05
6.64047368712302e-05
6.64040019478507e-05
6.64032670407384e-05
6.64025321498927e-05
6.64017972753129e-05
6.64010624169987e-05
6.64003275749494e-05
6.63995927491645e-05
6.63988579396434e-05
6.63981231463857e-05
6.63973883693908e-05
6.63966536086581e-05
6.63959188641871e-05
6.63951841359773e-05
6.63944494240281e-05
6.63937147283391e-05
6.63929800489095e-05
6.63922453857389e-05
6.63915107388269e-05
6.63907761081727e-05
6.63900414937759e-05
6.6389306895636e-05
6.63885723137524e-05
6.63878377481245e-05
6.63871031987519e-05
6.6386368665634e-05
6.63856341487702e-05
6.638489964816e-05
6.63841651638029e-05
6.63834306956983e-05
6.63826962438458e-05
6.63819618082446e-05
6.63812273888944e-05
6.63804929857946e-05
6.63797585989446e-05
6.63790242283438e-05
6.63782898739919e-05
6.63775555358881e-05
6.63768212140321e-05
6.63760869084231e-05
6.63753526190608e-05
6.63746183459445e-05
6.63738840890738e-05
6.6373149848448e-05
6.63724156240666e-05
6.63716814159292e-05
6.63709472240351e-05
6.63702130483839e-05
6.63694788889749e-05
6.63687447458077e-05
6.63680106188817e-05
6.63672765081964e-05
6.63665424137511e-05
6.63658083355455e-05
6.6365074273579e-05
6.63643402278509e-05
6.63636061983608e-05
6.63628721851082e-05
6.63621381880924e-05
6.6361404207313e-05
6.63606702427695e-05
6.63599362944612e-05
6.63592023623876e-05
6.63584684465483e-05
6.63577345469426e-05
6.635700066357e-05
6.635626679643e-05
6.63555329455221e-05
6.63547991108457e-05
6.63540652924003e-05
6.63533314901852e-05
6.63525977042001e-05
6.63518639344444e-05
6.63511301809174e-05
6.63503964436188e-05
6.63496627225478e-05
6.63489290177041e-05
6.6348195329087e-05
6.63474616566961e-05
6.63467280005308e-05
6.63459943605905e-05
6.63452607368747e-05
6.63445271293829e-05
6.63437935381145e-05
6.6343059963069e-05
6.63423264042459e-05
6.63415928616446e-05
6.63408593352646e-05
6.63401258251053e-05
6.63393923311662e-05
6.63386588534468e-05
6.63379253919466e-05
6.63371919466649e-05
6.63364585176013e-05
6.63357251047552e-05
6.6334991708126e-05
6.63342583277134e-05
6.63335249635166e-05
6.63327916155351e-05
6.63320582837685e-05
6.63313249682162e-05
6.63305916688777e-05
6.63298583857524e-05
6.63291251188397e-05
6.63283918681392e-05
6.63276586336502e-05
6.63269254153724e-05
6.6326192213305e-05
6.63254590274477e-05
6.63247258577998e-05
6.63239927043608e-05
6.63232595671302e-05
6.63225264461074e-05
6.63217933412919e-05
6.63210602526832e-05
6.63203271802808e-05
6.6319594124084e-05
6.63188610840923e-05
6.63181280603053e-05
6.63173950527223e-05
6.63166620613429e-05
6.63159290861665e-05
6.63151961271925e-05
6.63144631844205e-05
6.63137302578499e-05
6.63129973474801e-05
6.63122644533106e-05
6.6311531575341e-05
6.63107987135705e-05
6.63100658679988e-05
6.63093330386252e-05
6.63086002254492e-05
6.63078674284704e-05
6.63071346476881e-05
6.63064018831018e-05
6.6305669134711e-05
6.63049364025152e-05
6.63042036865137e-05
6.63034709867062e-05
6.63027383030919e-05
6.63020056356705e-05
6.63012729844413e-05
6.63005403494039e-05
6.62998077305576e-05
6.6299075127902e-05
6.62983425414365e-05
6.62976099711605e-05
6.62968774170737e-05
6.62961448791753e-05
6.62954123574649e-05
6.62946798519419e-05
6.62939473626058e-05
6.62932148894561e-05
6.62924824324922e-05
6.62917499917135e-05
6.62910175671197e-05
6.629028515871e-05
6.6289552766484e-05
6.62888203904412e-05
6.62880880305809e-05
6.62873556869027e-05
6.62866233594061e-05
6.62858910480904e-05
6.62851587529552e-05
6.62844264739999e-05
6.6283694211224e-05
6.6282961964627e-05
6.62822297342083e-05
6.62814975199673e-05
6.62807653219036e-05
6.62800331400166e-05
6.62793009743057e-05
6.62785688247705e-05
6.62778366914104e-05
6.62771045742248e-05
6.62763724732133e-05
6.62756403883752e-05
6.62749083197102e-05
6.62741762672175e-05
6.62734442308967e-05
6.62727122107472e-05
6.62719802067686e-05
6.62712482189602e-05
6.62705162473216e-05
6.62697842918521e-05
6.62690523525514e-05
6.62683204294187e-05
6.62675885224537e-05
6.62668566316557e-05
6.62661247570242e-05
6.62653928985587e-05
6.62646610562587e-05
6.62639292301236e-05
6.62631974201528e-05
6.6262465626346e-05
6.62617338487024e-05
6.62610020872216e-05
6.6260270341903e-05
6.62595386127461e-05
6.62588068997504e-05
6.62580752029154e-05
6.62573435222404e-05
6.6256611857725e-05
6.62558802093686e-05
6.62551485771707e-05
6.62544169611307e-05
6.62536853612482e-05
6.62529537775226e-05
6.62522222099533e-05
6.62514906585398e-05
6.62507591232816e-05
6.62500276041782e-05
6.62492961012289e-05
6.62485646144334e-05
6.62478331437909e-05
6.62471016893011e-05
6.62463702509633e-05
6.62456388287771e-05
6.62449074227419e-05
6.62441760328571e-05
6.62434446591223e-05
6.62427133015368e-05
6.62419819601002e-05
6.6241250634812e-05
6.62405193256715e-05
6.62397880326783e-05
6.62390567558318e-05
6.62383254951315e-05
6.62375942505768e-05
6.62368630221673e-05
6.62361318099023e-05
6.62354006137814e-05
6.6234669433804e-05
6.62339382699695e-05
6.62332071222775e-05
6.62324759907274e-05
6.62317448753187e-05
6.62310137760509e-05
6.62302826929233e-05
6.62295516259355e-05
6.62288205750869e-05
6.62280895403771e-05
6.62273585218054e-05
6.62266275193713e-05
6.62258965330743e-05
6.62251655629139e-05
6.62244346088895e-05
6.62237036710006e-05
6.62229727492467e-05
6.62222418436272e-05
6.62215109541416e-05
6.62207800807894e-05
6.62200492235699e-05
6.62193183824828e-05
6.62185875575274e-05
6.62178567487032e-05
6.62171259560098e-05
6.62163951794464e-05
6.62156644190127e-05
6.62149336747081e-05
6.6214202946532e-05
6.6213472234484e-05
6.62127415385634e-05
6.62120108587698e-05
6.62112801951026e-05
6.62105495475612e-05
6.62098189161453e-05
6.62090883008541e-05
6.62083577016872e-05
6.62076271186441e-05
6.62068965517241e-05
6.62061660009269e-05
6.62054354662518e-05
6.62047049476983e-05
6.62039744452659e-05
6.6203243958954e-05
6.62025134887621e-05
6.62017830346897e-05
6.62010525967363e-05
6.62003221749013e-05
6.61995917691841e-05
6.61988613795843e-05
6.61981310061013e-05
6.61974006487345e-05
6.61966703074835e-05
6.61959399823477e-05
6.61952096733266e-05
6.61944793804197e-05
6.61937491036263e-05
6.6193018842946e-05
6.61922885983783e-05
6.61915583699226e-05
6.61908281575783e-05
6.6190097961345e-05
6.61893677812221e-05
6.6188637617209e-05
6.61879074693054e-05
6.61871773375105e-05
6.61864472218239e-05
6.6185717122245e-05
6.61849870387734e-05
6.61842569714084e-05
6.61835269201496e-05
6.61827968849964e-05
6.61820668659482e-05
6.61813368630046e-05
6.61806068761651e-05
6.6179876905429e-05
6.61791469507958e-05
6.61784170122651e-05
6.61776870898362e-05
6.61769571835087e-05
6.6176227293282e-05
6.61754974191556e-05
6.61747675611289e-05
6.61740377192015e-05
6.61733078933727e-05
6.61725780836421e-05
6.61718482900092e-05
6.61711185124733e-05
6.61703887510339e-05
6.61696590056906e-05
6.61689292764428e-05
6.61681995632899e-05
6.61674698662314e-05
6.61667401852669e-05
6.61660105203957e-05
6.61652808716173e-05
6.61645512389312e-05
6.61638216223369e-05
6.61630920218338e-05
6.61623624374214e-05
6.61616328690992e-05
6.61609033168666e-05
6.61601737807231e-05
6.61594442606682e-05
6.61587147567013e-05
6.61579852688219e-05
6.61572557970295e-05
6.61565263413236e-05
6.61557969017035e-05
6.61550674781688e-05
6.6154338070719e-05
6.61536086793535e-05
6.61528793040717e-05
6.61521499448732e-05
6.61514206017574e-05
6.61506912747238e-05
6.61499619637719e-05
6.6149232668901e-05
6.61485033901108e-05
6.61477741274006e-05
6.61470448807699e-05
6.61463156502183e-05
6.61455864357451e-05
6.61448572373498e-05
6.61441280550319e-05
6.61433988887909e-05
6.61426697386262e-05
6.61419406045373e-05
6.61412114865237e-05
6.61404823845849e-05
6.61397532987202e-05
6.61390242289292e-05
6.61382951752114e-05
6.61375661375661e-05
6.6136837115993e-05
6.61361081104914e-05
6.61353791210608e-05
6.61346501477007e-05
6.61339211904106e-05
6.61331922491899e-05
6.61324633240381e-05
6.61317344149546e-05
6.6131005521939e-05
6.61302766449906e-05
6.61295477841091e-05
6.61288189392937e-05
6.61280901105441e-05
6.61273612978597e-05
6.61266325012399e-05
6.61259037206842e-05
6.61251749561921e-05
6.6124446207763e-05
6.61237174753965e-05
6.61229887590919e-05
6.61222600588488e-05
6.61215313746666e-05
6.61208027065449e-05
6.61200740544829e-05
6.61193454184804e-05
6.61186167985366e-05
6.61178881946511e-05
6.61171596068233e-05
6.61164310350527e-05
6.61157024793388e-05
6.61149739396811e-05
6.6114245416079e-05
6.6113516908532e-05
6.61127884170395e-05
6.6112059941601e-05
6.61113314822161e-05
6.6110603038884e-05
6.61098746116045e-05
6.61091462003768e-05
6.61084178052005e-05
6.61076894260751e-05
6.61069610629999e-05
6.61062327159746e-05
6.61055043849985e-05
6.61047760700711e-05
6.61040477711919e-05
6.61033194883603e-05
6.61025912215759e-05
6.61018629708381e-05
6.61011347361463e-05
6.61004065175001e-05
6.60996783148989e-05
6.60989501283421e-05
6.60982219578293e-05
6.609749380336e-05
6.60967656649335e-05
6.60960375425493e-05
6.6095309436207e-05
6.6094581345906e-05
6.60938532716457e-05
6.60931252134257e-05
6.60923971712454e-05
6.60916691451043e-05
6.60909411350018e-05
6.60902131409374e-05
6.60894851629106e-05
6.60887572009208e-05
6.60880292549676e-05
6.60873013250504e-05
6.60865734111686e-05
6.60858455133218e-05
6.60851176315094e-05
6.60843897657308e-05
6.60836619159856e-05
6.60829340822732e-05
6.60822062645932e-05
6.60814784629448e-05
6.60807506773277e-05
6.60800229077413e-05
6.6079295154185e-05
6.60785674166584e-05
6.60778396951609e-05
6.6077111989692e-05
6.60763843002511e-05
6.60756566268377e-05
6.60749289694514e-05
6.60742013280915e-05
6.60734737027575e-05
6.60727460934489e-05
6.60720185001652e-05
6.60712909229058e-05
6.60705633616703e-05
6.6069835816458e-05
6.60691082872685e-05
6.60683807741012e-05
6.60676532769556e-05
6.60669257958312e-05
6.60661983307274e-05
6.60654708816437e-05
6.60647434485796e-05
6.60640160315346e-05
6.6063288630508e-05
6.60625612454995e-05
6.60618338765084e-05
6.60611065235343e-05
6.60603791865765e-05
6.60596518656347e-05
6.60589245607082e-05
6.60581972717965e-05
6.6057469998899e-05
6.60567427420154e-05
6.6056015501145e-05
6.60552882762873e-05
6.60545610674417e-05
6.60538338746078e-05
6.6053106697785e-05
6.60523795369728e-05
6.60516523921707e-05
6.60509252633781e-05
6.60501981505944e-05
6.60494710538193e-05
6.60487439730521e-05
6.60480169082923e-05
6.60472898595394e-05
6.60465628267929e-05
6.60458358100522e-05
6.60451088093168e-05
6.60443818245861e-05
6.60436548558597e-05
6.6042927903137e-05
6.60422009664175e-05
6.60414740457007e-05
6.6040747140986e-05
6.60400202522729e-05
6.60392933795608e-05
6.60385665228494e-05
6.60378396821379e-05
6.60371128574259e-05
6.60363860487128e-05
6.60356592559982e-05
6.60349324792815e-05
6.60342057185622e-05
6.60334789738397e-05
6.60327522451136e-05
6.60320255323832e-05
6.60312988356481e-05
6.60305721549077e-05
6.60298454901616e-05
6.60291188414091e-05
6.60283922086497e-05
6.6027665591883e-05
6.60269389911084e-05
6.60262124063253e-05
6.60254858375333e-05
6.60247592847318e-05
6.60240327479202e-05
6.60233062270982e-05
6.6022579722265e-05
6.60218532334203e-05
6.60211267605634e-05
6.60204003036938e-05
6.60196738628111e-05
6.60189474379147e-05
6.6018221029004e-05
6.60174946360786e-05
6.60167682591378e-05
6.60160418981813e-05
6.60153155532083e-05
6.60145892242186e-05
6.60138629112114e-05
6.60131366141862e-05
6.60124103331426e-05
6.60116840680801e-05
6.6010957818998e-05
6.60102315858958e-05
6.60095053687731e-05
6.60087791676293e-05
6.60080529824639e-05
6.60073268132763e-05
6.6006600660066e-05
6.60058745228325e-05
6.60051484015753e-05
6.60044222962939e-05
6.60036962069876e-05
6.6002970133656e-05
6.60022440762986e-05
6.60015180349148e-05
6.60007920095041e-05
6.6000066000066e-05
6.59993400065999e-05
6.59986140291054e-05
6.59978880675818e-05
6.59971621220288e-05
6.59964361924456e-05
6.59957102788319e-05
6.5994984381187e-05
6.59942584995105e-05
6.59935326338019e-05
6.59928067840605e-05
6.5992080950286e-05
6.59913551324777e-05
6.5990629330635e-05
6.59899035447577e-05
6.59891777748449e-05
6.59884520208963e-05
6.59877262829114e-05
6.59870005608895e-05
6.59862748548302e-05
6.59855491647329e-05
6.59848234905972e-05
6.59840978324224e-05
6.59833721902081e-05
6.59826465639537e-05
6.59819209536587e-05
6.59811953593226e-05
6.59804697809448e-05
6.59797442185249e-05
6.59790186720623e-05
6.59782931415564e-05
6.59775676270068e-05
6.59768421284129e-05
6.59761166457742e-05
6.59753911790902e-05
6.59746657283603e-05
6.5973940293584e-05
6.59732148747608e-05
6.59724894718902e-05
6.59717640849716e-05
6.59710387140045e-05
6.59703133589884e-05
6.59695880199228e-05
6.59688626968071e-05
6.59681373896408e-05
6.59674120984234e-05
6.59666868231543e-05
6.59659615638331e-05
6.59652363204591e-05
6.59645110930319e-05
6.5963785881551e-05
6.59630606860158e-05
6.59623355064258e-05
6.59616103427805e-05
6.59608851950793e-05
6.59601600633218e-05
6.59594349475073e-05
6.59587098476354e-05
6.59579847637055e-05
6.59572596957172e-05
6.59565346436698e-05
6.59558096075629e-05
6.5955084587396e-05
6.59543595831684e-05
6.59536345948798e-05
6.59529096225295e-05
6.59521846661171e-05
6.59514597256419e-05
6.59507348011036e-05
6.59500098925015e-05
6.59492849998351e-05
6.5948560123104e-05
6.59478352623075e-05
6.59471104174452e-05
6.59463855885165e-05
6.5945660775521e-05
6.5944935978458e-05
6.59442111973271e-05
6.59434864321277e-05
6.59427616828593e-05
6.59420369495214e-05
6.59413122321134e-05
6.59405875306349e-05
6.59398628450853e-05
6.59391381754641e-05
6.59384135217707e-05
6.59376888840046e-05
6.59369642621654e-05
6.59362396562524e-05
6.59355150662652e-05
6.59347904922032e-05
6.59340659340659e-05
6.59333413918528e-05
6.59326168655634e-05
6.59318923551971e-05
6.59311678607534e-05
6.59304433822317e-05
6.59297189196317e-05
6.59289944729526e-05
6.59282700421941e-05
6.59275456273555e-05
6.59268212284364e-05
6.59260968454363e-05
6.59253724783545e-05
6.59246481271906e-05
6.59239237919441e-05
6.59231994726144e-05
6.5922475169201e-05
6.59217508817034e-05
6.59210266101211e-05
6.59203023544535e-05
6.59195781147001e-05
6.59188538908604e-05
6.59181296829338e-05
6.59174054909199e-05
6.59166813148181e-05
6.59159571546278e-05
6.59152330103487e-05
6.59145088819801e-05
6.59137847695215e-05
6.59130606729723e-05
6.59123365923322e-05
6.59116125276005e-05
6.59108884787767e-05
6.59101644458603e-05
6.59094404288508e-05
6.59087164277476e-05
6.59079924425502e-05
6.59072684732581e-05
6.59065445198708e-05
6.59058205823878e-05
6.59050966608084e-05
6.59043727551323e-05
6.59036488653588e-05
6.59029249914875e-05
6.59022011335179e-05
6.59014772914493e-05
6.59007534652813e-05
6.59000296550133e-05
6.58993058606449e-05
6.58985820821755e-05
6.58978583196046e-05
6.58971345729317e-05
6.58964108421561e-05
6.58956871272775e-05
6.58949634282953e-05
6.58942397452089e-05
6.58935160780179e-05
6.58927924267217e-05
6.58920687913198e-05
6.58913451718117e-05
6.58906215681968e-05
6.58898979804746e-05
6.58891744086447e-05
6.58884508527064e-05
6.58877273126592e-05
6.58870037885027e-05
6.58862802802363e-05
6.58855567878595e-05
6.58848333113717e-05
6.58841098507725e-05
6.58833864060613e-05
6.58826629772375e-05
6.58819395643008e-05
6.58812161672504e-05
6.5880492786086e-05
6.5879769420807e-05
6.58790460714129e-05
6.58783227379031e-05
6.58775994202771e-05
6.58768761185345e-05
6.58761528326746e-05
6.58754295626969e-05
6.5874706308601e-05
6.58739830703864e-05
6.58732598480523e-05
6.58725366415985e-05
6.58718134510243e-05
6.58710902763292e-05
6.58703671175127e-05
6.58696439745743e-05
6.58689208475134e-05
6.58681977363296e-05
6.58674746410223e-05
6.58667515615909e-05
6.5866028498035e-05
6.5865305450354e-05
6.58645824185475e-05
6.58638594026148e-05
6.58631364025555e-05
6.5862413418369e-05
6.58616904500549e-05
6.58609674976125e-05
6.58602445610415e-05
6.58595216403411e-05
6.58587987355111e-05
6.58580758465507e-05
6.58573529734595e-05
6.5856630116237e-05
6.58559072748826e-05
6.58551844493958e-05
6.58544616397761e-05
6.5853738846023e-05
6.58530160681359e-05
6.58522933061144e-05
6.58515705599579e-05
6.58508478296658e-05
6.58501251152377e-05
6.58494024166731e-05
6.58486797339713e-05
6.5847957067132e-05
6.58472344161545e-05
6.58465117810384e-05
6.58457891617831e-05
6.58450665583881e-05
6.58443439708529e-05
6.5843621399177e-05
6.58428988433597e-05
6.58421763034007e-05
6.58414537792995e-05
6.58407312710553e-05
6.58400087786678e-05
6.58392863021365e-05
6.58385638414607e-05
6.58378413966401e-05
6.5837118967674e-05
6.58363965545619e-05
6.58356741573034e-05
6.58349517758978e-05
6.58342294103447e-05
6.58335070606436e-05
6.58327847267939e-05
6.58320624087952e-05
6.58313401066468e-05
6.58306178203482e-05
6.58298955498991e-05
6.58291732952987e-05
6.58284510565466e-05
6.58277288336424e-05
6.58270066265853e-05
6.5826284435375e-05
6.5825562260011e-05
6.58248401004926e-05
6.58241179568194e-05
6.58233958289908e-05
6.58226737170064e-05
6.58219516208656e-05
6.58212295405678e-05
6.58205074761126e-05
6.58197854274995e-05
6.58190633947279e-05
6.58183413777973e-05
6.58176193767071e-05
6.5816897391457e-05
6.58161754220462e-05
6.58154534684744e-05
6.5814731530741e-05
6.58140096088454e-05
6.58132877027872e-05
6.58125658125658e-05
6.58118439381807e-05
6.58111220796315e-05
6.58104002369174e-05
6.58096784100382e-05
6.58089565989931e-05
6.58082348037818e-05
6.58075130244036e-05
6.58067912608581e-05
6.58060695131448e-05
6.5805347781263e-05
6.58046260652124e-05
6.58039043649923e-05
6.58031826806023e-05
6.58024610120418e-05
6.58017393593104e-05
6.58010177224074e-05
6.58002961013325e-05
6.57995744960849e-05
6.57988529066643e-05
6.57981313330701e-05
6.57974097753018e-05
6.57966882333589e-05
6.57959667072408e-05
6.57952451969471e-05
6.57945237024772e-05
6.57938022238305e-05
6.57930807610066e-05
6.5792359314005e-05
6.57916378828251e-05
6.57909164674664e-05
6.57901950679284e-05
6.57894736842105e-05
6.57887523163123e-05
6.57880309642332e-05
6.57873096279728e-05
6.57865883075304e-05
6.57858670029055e-05
6.57851457140978e-05
6.57844244411065e-05
6.57837031839312e-05
6.57829819425715e-05
6.57822607170266e-05
6.57815395072963e-05
6.57808183133798e-05
6.57800971352768e-05
6.57793759729866e-05
6.57786548265088e-05
6.57779336958428e-05
6.57772125809882e-05
6.57764914819444e-05
6.57757703987108e-05
6.5775049331287e-05
6.57743282796724e-05
6.57736072438666e-05
6.5772886223869e-05
6.5772165219679e-05
6.57714442312962e-05
6.57707232587201e-05
6.57700023019501e-05
6.57692813609857e-05
6.57685604358263e-05
6.57678395264716e-05
6.57671186329208e-05
6.57663977551736e-05
6.57656768932294e-05
6.57649560470877e-05
6.5764235216748e-05
6.57635144022097e-05
6.57627936034723e-05
6.57620728205353e-05
6.57613520533982e-05
6.57606313020605e-05
6.57599105665216e-05
6.57591898467811e-05
6.57584691428383e-05
6.57577484546929e-05
6.57570277823442e-05
6.57563071257918e-05
6.57555864850351e-05
6.57548658600736e-05
6.57541452509069e-05
6.57534246575342e-05
6.57527040799553e-05
6.57519835181695e-05
6.57512629721763e-05
6.57505424419752e-05
6.57498219275656e-05
6.57491014289471e-05
6.57483809461192e-05
6.57476604790813e-05
6.57469400278329e-05
6.57462195923734e-05
6.57454991727025e-05
6.57447787688194e-05
6.57440583807238e-05
6.57433380084151e-05
6.57426176518928e-05
6.57418973111564e-05
6.57411769862053e-05
6.5740456677039e-05
6.57397363836571e-05
6.5739016106059e-05
6.57382958442441e-05
6.57375755982119e-05
6.5736855367962e-05
6.57361351534939e-05
6.57354149548069e-05
6.57346947719006e-05
6.57339746047745e-05
6.5733254453428e-05
6.57325343178606e-05
6.57318141980719e-05
6.57310940940612e-05
6.57303740058281e-05
6.5729653933372e-05
6.57289338766925e-05
6.5728213835789e-05
6.5727493810661e-05
6.5726773801308e-05
6.57260538077294e-05
6.57253338299247e-05
6.57246138678935e-05
6.57238939216352e-05
6.57231739911493e-05
6.57224540764352e-05
6.57217341774925e-05
6.57210142943206e-05
6.5720294426919e-05
6.57195745752872e-05
6.57188547394247e-05
6.5718134919331e-05
6.57174151150055e-05
6.57166953264477e-05
6.57159755536571e-05
6.57152557966332e-05
6.57145360553755e-05
6.57138163298834e-05
6.57130966201564e-05
6.5712376926194e-05
6.57116572479958e-05
6.57109375855611e-05
6.57102179388895e-05
6.57094983079804e-05
6.57087786928334e-05
6.57080590934478e-05
6.57073395098232e-05
6.57066199419591e-05
6.5705900389855e-05
6.57051808535103e-05
6.57044613329245e-05
6.57037418280971e-05
6.57030223390276e-05
6.57023028657154e-05
6.57015834081601e-05
6.57008639663612e-05
6.5700144540318e-05
6.56994251300301e-05
6.5698705735497e-05
6.56979863567182e-05
6.56972669936931e-05
6.56965476464212e-05
6.5695828314902e-05
6.5695108999135e-05
6.56943896991197e-05
6.56936704148555e-05
6.5692951146342e-05
6.56922318935786e-05
6.56915126565648e-05
6.56907934353e-05
6.56900742297839e-05
6.56893550400158e-05
6.56886358659952e-05
6.56879167077216e-05
6.56871975651945e-05
6.56864784384134e-05
6.56857593273778e-05
6.56850402320871e-05
6.56843211525409e-05
6.56836020887385e-05
6.56828830406796e-05
6.56821640083635e-05
6.56814449917898e-05
6.5680725990958e-05
6.56800070058674e-05
6.56792880365177e-05
6.56785690829082e-05
6.56778501450386e-05
6.56771312229082e-05
6.56764123165165e-05
6.56756934258631e-05
6.56749745509474e-05
6.56742556917688e-05
6.5673536848327e-05
6.56728180206213e-05
6.56720992086512e-05
6.56713804124163e-05
6.56706616319159e-05
6.56699428671497e-05
6.5669224118117e-05
6.56685053848174e-05
6.56677866672504e-05
6.56670679654153e-05
6.56663492793118e-05
6.56656306089393e-05
6.56649119542972e-05
6.56641933153851e-05
6.56634746922025e-05
6.56627560847487e-05
6.56620374930234e-05
6.5661318917026e-05
6.56606003567559e-05
6.56598818122127e-05
6.56591632833959e-05
6.56584447703049e-05
6.56577262729392e-05
6.56570077912983e-05
6.56562893253816e-05
6.56555708751888e-05
6.56548524407191e-05
6.56541340219722e-05
6.56534156189476e-05
6.56526972316446e-05
6.56519788600628e-05
6.56512605042017e-05
6.56505421640607e-05
6.56498238396394e-05
6.56491055309371e-05
6.56483872379535e-05
6.5647668960688e-05
6.564695069914e-05
6.56462324533091e-05
6.56455142231947e-05
6.56447960087964e-05
6.56440778101136e-05
6.56433596271457e-05
6.56426414598923e-05
6.56419233083529e-05
6.5641205172527e-05
6.56404870524139e-05
6.56397689480133e-05
6.56390508593246e-05
6.56383327863472e-05
6.56376147290807e-05
6.56368966875246e-05
6.56361786616783e-05
6.56354606515413e-05
6.56347426571132e-05
6.56340246783933e-05
6.56333067153812e-05
6.56325887680763e-05
6.56318708364782e-05
6.56311529205863e-05
6.56304350204001e-05
6.56297171359191e-05
6.56289992671428e-05
6.56282814140707e-05
6.56275635767022e-05
6.56268457550369e-05
6.56261279490741e-05
6.56254101588135e-05
6.56246923842544e-05
6.56239746253965e-05
6.56232568822391e-05
6.56225391547817e-05
6.56218214430239e-05
6.5621103746965e-05
6.56203860666047e-05
6.56196684019423e-05
6.56189507529775e-05
6.56182331197095e-05
6.5617515502138e-05
6.56167979002625e-05
6.56160803140823e-05
6.5615362743597e-05
6.56146451888061e-05
6.56139276497091e-05
6.56132101263054e-05
6.56124926185946e-05
6.5611775126576e-05
6.56110576502493e-05
6.56103401896139e-05
6.56096227446692e-05
6.56089053154148e-05
6.56081879018502e-05
6.56074705039747e-05
6.5606753121788e-05
6.56060357552895e-05
6.56053184044787e-05
6.5604601069355e-05
6.5603883749918e-05
6.56031664461671e-05
6.56024491581019e-05
6.56017318857218e-05
6.56010146290263e-05
6.56002973880148e-05
6.5599580162687e-05
6.55988629530421e-05
6.55981457590799e-05
6.55974285807996e-05
6.55967114182009e-05
6.55959942712832e-05
6.55952771400459e-05
6.55945600244886e-05
6.55938429246108e-05
6.55931258404119e-05
6.55924087718915e-05
6.55916917190489e-05
6.55909746818838e-05
6.55902576603955e-05
6.55895406545836e-05
6.55888236644476e-05
6.55881066899869e-05
6.5587389731201e-05
6.55866727880895e-05
6.55859558606517e-05
6.55852389488872e-05
6.55845220527955e-05
6.55838051723761e-05
6.55830883076284e-05
6.55823714585519e-05
6.55816546251462e-05
6.55809378074106e-05
6.55802210053448e-05
6.55795042189481e-05
6.55787874482201e-05
6.55780706931602e-05
6.5577353953768e-05
6.55766372300428e-05
6.55759205219843e-05
6.55752038295919e-05
6.55744871528651e-05
6.55737704918033e-05
6.55730538464061e-05
6.55723372166729e-05
6.55716206026032e-05
6.55709040041965e-05
6.55701874214524e-05
6.55694708543702e-05
6.55687543029495e-05
6.55680377671898e-05
6.55673212470905e-05
6.55666047426511e-05
6.55658882538711e-05
6.55651717807501e-05
6.55644553232874e-05
6.55637388814826e-05
6.55630224553352e-05
6.55623060448446e-05
6.55615896500104e-05
6.5560873270832e-05
6.55601569073089e-05
6.55594405594406e-05
6.55587242272265e-05
6.55580079106663e-05
6.55572916097593e-05
6.5556575324505e-05
6.5555859054903e-05
6.55551428009527e-05
6.55544265626536e-05
6.55537103400052e-05
6.5552994133007e-05
6.55522779416585e-05
6.55515617659591e-05
6.55508456059083e-05
6.55501294615057e-05
6.55494133327507e-05
6.55486972196428e-05
6.55479811221814e-05
6.55472650403662e-05
6.55465489741965e-05
6.55458329236719e-05
6.55451168887918e-05
6.55444008695557e-05
6.55436848659632e-05
6.55429688780136e-05
6.55422529057065e-05
6.55415369490415e-05
6.55408210080178e-05
6.55401050826352e-05
6.55393891728929e-05
6.55386732787906e-05
6.55379574003277e-05
6.55372415375037e-05
6.55365256903181e-05
6.55358098587703e-05
6.553509404286e-05
6.55343782425864e-05
6.55336624579492e-05
6.55329466889479e-05
6.55322309355818e-05
6.55315151978506e-05
6.55307994757536e-05
6.55300837692904e-05
6.55293680784605e-05
6.55286524032633e-05
6.55279367436984e-05
6.55272210997652e-05
6.55265054714632e-05
6.55257898587919e-05
6.55250742617508e-05
6.55243586803394e-05
6.55236431145572e-05
6.55229275644036e-05
6.55222120298781e-05
6.55214965109803e-05
6.55207810077096e-05
6.55200655200655e-05
6.55193500480475e-05
6.55186345916551e-05
6.55179191508878e-05
6.5517203725745e-05
6.55164883162263e-05
6.5515772922331e-05
6.55150575440589e-05
6.55143421814092e-05
6.55136268343816e-05
6.55129115029754e-05
6.55121961871902e-05
6.55114808870254e-05
6.55107656024807e-05
6.55100503335553e-05
6.55093350802489e-05
6.5508619842561e-05
6.55079046204909e-05
6.55071894140382e-05
6.55064742232024e-05
6.5505759047983e-05
6.55050438883794e-05
6.55043287443912e-05
6.55036136160178e-05
6.55028985032588e-05
6.55021834061135e-05
6.55014683245816e-05
6.55007532586625e-05
6.55000382083556e-05
6.54993231736605e-05
6.54986081545767e-05
6.54978931511036e-05
6.54971781632408e-05
6.54964631909877e-05
6.54957482343438e-05
6.54950332933086e-05
6.54943183678816e-05
6.54936034580623e-05
6.54928885638501e-05
6.54921736852446e-05
6.54914588222453e-05
6.54907439748516e-05
6.5490029143063e-05
6.5489314326879e-05
6.54885995262991e-05
6.54878847413229e-05
6.54871699719497e-05
6.5486455218179e-05
6.54857404800105e-05
6.54850257574435e-05
6.54843110504775e-05
6.5483596359112e-05
6.54828816833466e-05
6.54821670231807e-05
6.54814523786138e-05
6.54807377496453e-05
6.54800231362748e-05
6.54793085385018e-05
6.54785939563258e-05
6.54778793897462e-05
6.54771648387625e-05
6.54764503033742e-05
6.54757357835809e-05
6.54750212793819e-05
6.54743067907769e-05
6.54735923177652e-05
6.54728778603463e-05
6.54721634185199e-05
6.54714489922853e-05
6.5470734581642e-05
6.54700201865896e-05
6.54693058071274e-05
6.54685914432551e-05
6.54678770949721e-05
6.54671627622778e-05
6.54664484451719e-05
6.54657341436536e-05
6.54650198577227e-05
6.54643055873785e-05
6.54635913326205e-05
6.54628770934483e-05
6.54621628698612e-05
6.54614486618589e-05
6.54607344694408e-05
6.54600202926063e-05
6.5459306131355e-05
6.54585919856864e-05
6.54578778555999e-05
6.54571637410951e-05
6.54564496421714e-05
6.54557355588283e-05
6.54550214910654e-05
6.5454307438882e-05
6.54535934022778e-05
6.54528793812521e-05
6.54521653758045e-05
6.54514513859345e-05
6.54507374116415e-05
6.54500234529251e-05
6.54493095097847e-05
6.54485955822198e-05
6.54478816702299e-05
6.54471677738146e-05
6.54464538929732e-05
6.54457400277054e-05
6.54450261780105e-05
6.54443123438881e-05
6.54435985253376e-05
6.54428847223586e-05
6.54421709349505e-05
6.54414571631128e-05
6.54407434068451e-05
6.54400296661468e-05
6.54393159410174e-05
6.54386022314563e-05
6.54378885374632e-05
6.54371748590374e-05
6.54364611961785e-05
6.5435747548886e-05
6.54350339171592e-05
6.54343203009979e-05
6.54336067004013e-05
6.54328931153691e-05
6.54321795459007e-05
6.54314659919956e-05
6.54307524536532e-05
6.54300389308732e-05
6.54293254236549e-05
6.54286119319979e-05
6.54278984559016e-05
6.54271849953656e-05
6.54264715503893e-05
6.54257581209722e-05
6.54250447071139e-05
6.54243313088137e-05
6.54236179260713e-05
6.54229045588861e-05
6.54221912072575e-05
6.54214778711851e-05
6.54207645506684e-05
6.54200512457068e-05
6.54193379562999e-05
6.54186246824471e-05
6.54179114241479e-05
6.54171981814019e-05
6.54164849542085e-05
6.54157717425671e-05
6.54150585464774e-05
6.54143453659387e-05
6.54136322009507e-05
6.54129190515127e-05
6.54122059176242e-05
6.54114927992848e-05
6.5410779696494e-05
6.54100666092512e-05
6.54093535375559e-05
6.54086404814076e-05
6.54079274408058e-05
6.54072144157501e-05
6.54065014062398e-05
6.54057884122745e-05
6.54050754338537e-05
6.54043624709768e-05
6.54036495236434e-05
6.5402936591853e-05
6.5402223675605e-05
6.54015107748989e-05
6.54007978897343e-05
6.54000850201105e-05
6.53993721660272e-05
6.53986593274838e-05
6.53979465044798e-05
6.53972336970146e-05
6.53965209050878e-05
6.53958081286989e-05
6.53950953678474e-05
6.53943826225327e-05
6.53936698927544e-05
6.53929571785119e-05
6.53922444798047e-05
6.53915317966323e-05
6.53908191289943e-05
6.539010647689e-05
6.53893938403191e-05
6.53886812192809e-05
6.53879686137751e-05
6.5387256023801e-05
6.53865434493581e-05
6.5385830890446e-05
6.53851183470642e-05
6.53844058192121e-05
6.53836933068893e-05
6.53829808100951e-05
6.53822683288292e-05
6.5381555863091e-05
6.538084341288e-05
6.53801309781957e-05
6.53794185590376e-05
6.53787061554052e-05
6.53779937672979e-05
6.53772813947153e-05
6.53765690376569e-05
6.53758566961221e-05
6.53751443701105e-05
6.53744320596215e-05
6.53737197646546e-05
6.53730074852094e-05
6.53722952212852e-05
6.53715829728817e-05
6.53708707399983e-05
6.53701585226344e-05
6.53694463207897e-05
6.53687341344635e-05
6.53680219636554e-05
6.53673098083648e-05
6.53665976685913e-05
6.53658855443344e-05
6.53651734355935e-05
6.53644613423681e-05
6.53637492646578e-05
6.5363037202462e-05
6.53623251557802e-05
6.53616131246119e-05
6.53609011089566e-05
6.53601891088138e-05
6.5359477124183e-05
6.53587651550637e-05
6.53580532014553e-05
6.53573412633574e-05
6.53566293407695e-05
6.5355917433691e-05
6.53552055421214e-05
6.53544936660603e-05
6.53537818055071e-05
6.53530699604614e-05
6.53523581309226e-05
6.53516463168901e-05
6.53509345183636e-05
6.53502227353425e-05
6.53495109678263e-05
6.53487992158144e-05
6.53480874793064e-05
6.53473757583018e-05
6.53466640528001e-05
6.53459523628007e-05
6.53452406883032e-05
6.5344529029307e-05
6.53438173858117e-05
6.53431057578167e-05
6.53423941453215e-05
6.53416825483256e-05
6.53409709668286e-05
6.53402594008298e-05
6.53395478503289e-05
6.53388363153252e-05
6.53381247958184e-05
6.53374132918078e-05
6.5336701803293e-05
6.53359903302734e-05
6.53352788727487e-05
6.53345674307181e-05
6.53338560041814e-05
6.53331445931378e-05
6.53324331975871e-05
6.53317218175285e-05
6.53310104529617e-05
6.53302991038861e-05
6.53295877703012e-05
6.53288764522065e-05
6.53281651496015e-05
6.53274538624857e-05
6.53267425908586e-05
6.53260313347197e-05
6.53253200940685e-05
6.53246088689044e-05
6.5323897659227e-05
6.53231864650358e-05
6.53224752863302e-05
6.53217641231098e-05
6.5321052975374e-05
6.53203418431223e-05
6.53196307263543e-05
6.53189196250694e-05
6.53182085392671e-05
6.5317497468947e-05
6.53167864141084e-05
6.5316075374751e-05
6.53153643508741e-05
6.53146533424774e-05
6.53139423495602e-05
6.53132313721221e-05
6.53125204101626e-05
6.53118094636812e-05
6.53110985326773e-05
6.53103876171505e-05
6.53096767171003e-05
6.5308965832526e-05
6.53082549634274e-05
6.53075441098038e-05
6.53068332716547e-05
6.53061224489796e-05
6.5305411641778e-05
6.53047008500495e-05
6.53039900737935e-05
6.53032793130095e-05
6.5302568567697e-05
6.53018578378555e-05
6.53011471234845e-05
6.53004364245834e-05
6.52997257411519e-05
6.52990150731893e-05
6.52983044206952e-05
6.52975937836691e-05
6.52968831621104e-05
6.52961725560187e-05
6.52954619653934e-05
6.52947513902341e-05
6.52940408305402e-05
6.52933302863113e-05
6.52926197575467e-05
6.52919092442461e-05
6.5291198746409e-05
6.52904882640347e-05
6.52897777971229e-05
6.5289067345673e-05
6.52883569096844e-05
6.52876464891568e-05
6.52869360840896e-05
6.52862256944822e-05
6.52855153203343e-05
6.52848049616452e-05
6.52840946184145e-05
6.52833842906416e-05
6.52826739783262e-05
6.52819636814675e-05
6.52812534000653e-05
6.52805431341189e-05
6.52798328836278e-05
6.52791226485916e-05
6.52784124290097e-05
6.52777022248817e-05
6.5276992036207e-05
6.52762818629851e-05
6.52755717052155e-05
6.52748615628978e-05
6.52741514360313e-05
6.52734413246157e-05
6.52727312286504e-05
6.52720211481348e-05
6.52713110830686e-05
6.52706010334512e-05
6.5269890999282e-05
6.52691809805607e-05
6.52684709772866e-05
6.52677609894593e-05
6.52670510170782e-05
6.52663410601429e-05
6.52656311186529e-05
6.52649211926077e-05
6.52642112820067e-05
6.52635013868494e-05
6.52627915071354e-05
6.52620816428641e-05
6.52613717940351e-05
6.52606619606478e-05
6.52599521427018e-05
6.52592423401964e-05
6.52585325531313e-05
6.52578227815059e-05
6.52571130253198e-05
6.52564032845723e-05
6.52556935592631e-05
6.52549838493915e-05
6.52542741549572e-05
6.52535644759595e-05
6.5252854812398e-05
6.52521451642723e-05
6.52514355315817e-05
6.52507259143258e-05
6.52500163125041e-05
6.5249306726116e-05
6.52485971551612e-05
6.5247887599639e-05
6.52471780595489e-05
6.52464685348906e-05
6.52457590256633e-05
6.52450495318668e-05
6.52443400535004e-05
6.52436305905636e-05
6.5242921143056e-05
6.5242211710977e-05
6.52415022943262e-05
6.5240792893103e-05
6.52400835073069e-05
6.52393741369374e-05
6.52386647819941e-05
6.52379554424764e-05
6.52372461183839e-05
6.52365368097159e-05
6.5235827516472e-05
6.52351182386518e-05
6.52344089762547e-05
6.52336997292802e-05
6.52329904977277e-05
6.52322812815969e-05
6.52315720808872e-05
6.5230862895598e-05
6.52301537257289e-05
6.52294445712795e-05
6.52287354322491e-05
6.52280263086373e-05
6.52273172004435e-05
6.52266081076674e-05
6.52258990303083e-05
6.52251899683658e-05
6.52244809218393e-05
6.52237718907284e-05
6.52230628750326e-05
6.52223538747513e-05
6.52216448898841e-05
6.52209359204305e-05
6.52202269663898e-05
6.52195180277618e-05
6.52188091045458e-05
6.52181001967413e-05
6.52173913043478e-05
6.52166824273649e-05
6.5215973565792e-05
6.52152647196287e-05
6.52145558888744e-05
6.52138470735286e-05
6.52131382735908e-05
6.52124294890606e-05
6.52117207199374e-05
6.52110119662207e-05
6.521030322791e-05
6.52095945050048e-05
6.52088857975047e-05
6.5208177105409e-05
6.52074684287174e-05
6.52067597674292e-05
6.52060511215441e-05
6.52053424910614e-05
6.52046338759808e-05
6.52039252763016e-05
6.52032166920235e-05
6.52025081231458e-05
6.52017995696681e-05
6.52010910315899e-05
6.52003825089107e-05
6.519967400163e-05
6.51989655097472e-05
6.5198257033262e-05
6.51975485721737e-05
6.51968401264819e-05
6.5196131696186e-05
6.51954232812856e-05
6.51947148817803e-05
6.51940064976693e-05
6.51932981289523e-05
6.51925897756288e-05
6.51918814376983e-05
6.51911731151602e-05
6.51904648080141e-05
6.51897565162594e-05
6.51890482398957e-05
6.51883399789224e-05
6.51876317333391e-05
6.51869235031453e-05
6.51862152883404e-05
6.51855070889239e-05
6.51847989048954e-05
6.51840907362543e-05
6.51833825830002e-05
6.51826744451325e-05
6.51819663226507e-05
6.51812582155544e-05
6.5180550123843e-05
6.51798420475161e-05
6.51791339865731e-05
6.51784259410135e-05
6.51777179108369e-05
6.51770098960427e-05
6.51763018966304e-05
6.51755939125995e-05
6.51748859439496e-05
6.51741779906801e-05
6.51734700527905e-05
6.51727621302803e-05
6.51720542231491e-05
6.51713463313963e-05
6.51706384550214e-05
6.51699305940239e-05
6.51692227484034e-05
6.51685149181592e-05
6.5167807103291e-05
6.51670993037982e-05
6.51663915196802e-05
6.51656837509368e-05
6.51649759975672e-05
6.5164268259571e-05
6.51635605369477e-05
6.51628528296969e-05
6.51621451378179e-05
6.51614374613104e-05
6.51607298001738e-05
6.51600221544075e-05
6.51593145240112e-05
6.51586069089843e-05
6.51578993093263e-05
6.51571917250367e-05
6.51564841561149e-05
6.51557766025606e-05
6.51550690643732e-05
6.51543615415522e-05
6.51536540340971e-05
6.51529465420074e-05
6.51522390652825e-05
6.51515316039221e-05
6.51508241579256e-05
6.51501167272925e-05
6.51494093120222e-05
6.51487019121144e-05
6.51479945275685e-05
6.51472871583839e-05
6.51465798045603e-05
6.5145872466097e-05
6.51451651429936e-05
6.51444578352497e-05
6.51437505428646e-05
6.51430432658379e-05
6.51423360041691e-05
6.51416287578577e-05
6.51409215269032e-05
6.51402143113051e-05
6.51395071110629e-05
6.5138799926176e-05
6.51380927566441e-05
6.51373856024665e-05
6.51366784636429e-05
6.51359713401726e-05
6.51352642320552e-05
6.51345571392902e-05
6.51338500618772e-05
6.51331429998155e-05
6.51324359531046e-05
6.51317289217442e-05
6.51310219057337e-05
6.51303149050726e-05
6.51296079197603e-05
6.51289009497965e-05
6.51281939951805e-05
6.51274870559119e-05
6.51267801319903e-05
6.5126073223415e-05
6.51253663301856e-05
6.51246594523016e-05
6.51239525897625e-05
6.51232457425678e-05
6.5122538910717e-05
6.51218320942096e-05
6.51211252930451e-05
6.51204185072229e-05
6.51197117367427e-05
6.51190049816039e-05
6.51182982418059e-05
6.51175915173484e-05
6.51168848082308e-05
6.51161781144525e-05
6.51154714360132e-05
6.51147647729123e-05
6.51140581251492e-05
6.51133514927236e-05
6.51126448756348e-05
6.51119382738825e-05
6.51112316874661e-05
6.51105251163851e-05
6.51098185606389e-05
6.51091120202272e-05
6.51084054951494e-05
6.5107698985405e-05
6.51069924909935e-05
6.51062860119145e-05
6.51055795481673e-05
6.51048730997515e-05
6.51041666666667e-05
6.51034602489122e-05
6.51027538464877e-05
6.51020474593926e-05
6.51013410876264e-05
6.51006347311886e-05
6.50999283900788e-05
6.50992220642963e-05
6.50985157538408e-05
6.50978094587117e-05
6.50971031789085e-05
6.50963969144308e-05
6.5095690665278e-05
6.50949844314496e-05
6.50942782129451e-05
6.5093572009764e-05
6.50928658219059e-05
6.50921596493702e-05
6.50914534921565e-05
6.50907473502642e-05
6.50900412236928e-05
6.50893351124418e-05
6.50886290165108e-05
6.50879229358993e-05
6.50872168706066e-05
6.50865108206324e-05
6.50858047859762e-05
6.50850987666374e-05
6.50843927626155e-05
6.50836867739101e-05
6.50829808005207e-05
6.50822748424467e-05
6.50815688996876e-05
6.5080862972243e-05
6.50801570601124e-05
6.50794511632952e-05
6.5078745281791e-05
6.50780394155992e-05
6.50773335647194e-05
6.50766277291511e-05
6.50759219088937e-05
6.50752161039468e-05
6.50745103143099e-05
6.50738045399824e-05
6.5073098780964e-05
6.5072393037254e-05
6.50716873088519e-05
6.50709815957574e-05
6.50702758979698e-05
6.50695702154887e-05
6.50688645483136e-05
6.5068158896444e-05
6.50674532598794e-05
6.50667476386193e-05
6.50660420326631e-05
6.50653364420105e-05
6.50646308666609e-05
6.50639253066137e-05
6.50632197618686e-05
6.5062514232425e-05
6.50618087182824e-05
6.50611032194403e-05
6.50603977358982e-05
6.50596922676556e-05
6.5058986814712e-05
6.5058281377067e-05
6.50575759547199e-05
6.50568705476704e-05
6.50561651559179e-05
6.5055459779462e-05
6.50547544183021e-05
6.50540490724377e-05
6.50533437418683e-05
6.50526384265935e-05
6.50519331266127e-05
6.50512278419255e-05
6.50505225725313e-05
6.50498173184297e-05
6.50491120796201e-05
6.50484068561021e-05
6.50477016478751e-05
6.50469964549387e-05
6.50462912772923e-05
6.50455861149356e-05
6.50448809678678e-05
6.50441758360887e-05
6.50434707195976e-05
6.50427656183941e-05
6.50420605324777e-05
6.50413554618478e-05
6.50406504065041e-05
6.50399453664459e-05
6.50392403416728e-05
6.50385353321843e-05
6.50378303379799e-05
6.50371253590591e-05
6.50364203954214e-05
6.50357154470664e-05
6.50350105139934e-05
6.5034305596202e-05
6.50336006936917e-05
6.50328958064621e-05
6.50321909345126e-05
6.50314860778427e-05
6.50307812364519e-05
6.50300764103398e-05
6.50293715995058e-05
6.50286668039494e-05
6.50279620236702e-05
6.50272572586676e-05
6.50265525089412e-05
6.50258477744904e-05
6.50251430553147e-05
6.50244383514137e-05
6.50237336627869e-05
6.50230289894338e-05
6.50223243313538e-05
6.50216196885464e-05
6.50209150610113e-05
6.50202104487478e-05
6.50195058517555e-05
6.50188012700339e-05
6.50180967035825e-05
6.50173921524008e-05
6.50166876164882e-05
6.50159830958444e-05
6.50152785904688e-05
6.50145741003608e-05
6.50138696255201e-05
6.50131651659461e-05
6.50124607216383e-05
6.50117562925962e-05
6.50110518788194e-05
6.50103474803073e-05
6.50096430970594e-05
6.50089387290753e-05
6.50082343763543e-05
6.50075300388962e-05
6.50068257167002e-05
6.50061214097661e-05
6.50054171180932e-05
6.5004712841681e-05
6.50040085805291e-05
6.5003304334637e-05
6.50026001040042e-05
6.50018958886301e-05
6.50011916885143e-05
6.50004875036563e-05
6.49997833340556e-05
6.49990791797116e-05
6.4998375040624e-05
6.49976709167921e-05
6.49969668082156e-05
6.49962627148939e-05
6.49955586368265e-05
6.49948545740129e-05
6.49941505264526e-05
6.49934464941452e-05
6.49927424770901e-05
6.49920384752868e-05
6.49913344887348e-05
6.49906305174337e-05
6.4989926561383e-05
6.49892226205821e-05
6.49885186950305e-05
6.49878147847279e-05
6.49871108896735e-05
6.49864070098671e-05
6.4985703145308e-05
6.49849992959958e-05
6.498429546193e-05
6.49835916431101e-05
6.49828878395356e-05
6.4982184051206e-05
6.49814802781207e-05
6.49807765202794e-05
6.49800727776815e-05
6.49793690503265e-05
6.4978665338214e-05
6.49779616413433e-05
6.49772579597141e-05
6.49765542933258e-05
6.4975850642178e-05
6.49751470062701e-05
6.49744433856017e-05
6.49737397801722e-05
6.49730361899812e-05
6.49723326150281e-05
6.49716290553125e-05
6.49709255108339e-05
6.49702219815918e-05
6.49695184675856e-05
6.4968814968815e-05
6.49681114852793e-05
6.49674080169781e-05
6.4966704563911e-05
6.49660011260774e-05
6.49652977034767e-05
6.49645942961086e-05
6.49638909039725e-05
6.4963187527068e-05
6.49624841653945e-05
6.49617808189515e-05
6.49610774877386e-05
6.49603741717552e-05
6.49596708710009e-05
6.49589675854752e-05
6.49582643151775e-05
6.49575610601074e-05
6.49568578202644e-05
6.49561545956479e-05
6.49554513862576e-05
6.49547481920928e-05
6.49540450131532e-05
6.49533418494381e-05
6.49526387009472e-05
6.49519355676799e-05
6.49512324496357e-05
6.49505293468142e-05
6.49498262592148e-05
6.4949123186837e-05
6.49484201296803e-05
6.49477170877444e-05
6.49470140610285e-05
6.49463110495324e-05
6.49456080532554e-05
6.49449050721971e-05
6.4944202106357e-05
6.49434991557345e-05
6.49427962203293e-05
6.49420933001407e-05
6.49413903951684e-05
6.49406875054117e-05
6.49399846308703e-05
6.49392817715436e-05
6.49385789274311e-05
6.49378760985324e-05
6.49371732848469e-05
6.49364704863742e-05
6.49357677031137e-05
6.49350649350649e-05
6.49343621822275e-05
6.49336594446008e-05
6.49329567221843e-05
6.49322540149777e-05
6.49315513229804e-05
6.49308486461918e-05
6.49301459846116e-05
6.49294433382391e-05
6.4928740707074e-05
6.49280380911157e-05
6.49273354903637e-05
6.49266329048176e-05
6.49259303344768e-05
6.49252277793408e-05
6.49245252394092e-05
6.49238227146814e-05
6.49231202051571e-05
6.49224177108356e-05
6.49217152317164e-05
6.49210127677992e-05
6.49203103190833e-05
6.49196078855684e-05
6.49189054672538e-05
6.49182030641392e-05
6.4917500676224e-05
6.49167983035077e-05
6.49160959459898e-05
6.49153936036699e-05
6.49146912765474e-05
6.49139889646219e-05
6.49132866678928e-05
6.49125843863597e-05
6.49118821200221e-05
6.49111798688794e-05
6.49104776329313e-05
6.49097754121771e-05
6.49090732066164e-05
6.49083710162487e-05
6.49076688410736e-05
6.49069666810904e-05
6.49062645362988e-05
6.49055624066983e-05
6.49048602922882e-05
6.49041581930682e-05
6.49034561090378e-05
6.49027540401964e-05
6.49020519865436e-05
6.49013499480789e-05
6.49006479248018e-05
6.48999459167117e-05
6.48992439238083e-05
6.4898541946091e-05
6.48978399835592e-05
6.48971380362126e-05
6.48964361040506e-05
6.48957341870728e-05
6.48950322852786e-05
6.48943303986675e-05
6.48936285272391e-05
6.48929266709929e-05
6.48922248299283e-05
6.48915230040449e-05
6.48908211933422e-05
6.48901193978197e-05
6.48894176174769e-05
6.48887158523133e-05
6.48880141023284e-05
6.48873123675217e-05
6.48866106478928e-05
6.48859089434411e-05
6.48852072541662e-05
6.48845055800675e-05
6.48838039211445e-05
6.48831022773969e-05
6.4882400648824e-05
6.48816990354254e-05
6.48809974372006e-05
6.48802958541491e-05
6.48795942862704e-05
6.4878892733564e-05
6.48781911960295e-05
6.48774896736662e-05
6.48767881664738e-05
6.48760866744518e-05
6.48753851975996e-05
6.48746837359168e-05
6.48739822894028e-05
6.48732808580573e-05
6.48725794418796e-05
6.48718780408693e-05
6.48711766550259e-05
6.48704752843489e-05
6.48697739288379e-05
6.48690725884922e-05
6.48683712633115e-05
6.48676699532953e-05
6.4866968658443e-05
6.48662673787541e-05
6.48655661142283e-05
6.48648648648649e-05
6.48641636306635e-05
6.48634624116235e-05
6.48627612077446e-05
6.48620600190262e-05
6.48613588454678e-05
6.48606576870689e-05
6.48599565438291e-05
6.48592554157478e-05
6.48585543028246e-05
6.48578532050589e-05
6.48571521224503e-05
6.48564510549983e-05
6.48557500027023e-05
6.4855048965562e-05
6.48543479435767e-05
6.48536469367461e-05
6.48529459450696e-05
6.48522449685467e-05
6.48515440071769e-05
6.48508430609598e-05
6.48501421298948e-05
6.48494412139815e-05
6.48487403132194e-05
6.4848039427608e-05
6.48473385571467e-05
6.48466377018352e-05
6.48459368616728e-05
6.48452360366592e-05
6.48445352267938e-05
6.48438344320761e-05
6.48431336525057e-05
6.4842432888082e-05
6.48417321388045e-05
6.48410314046729e-05
6.48403306856865e-05
6.48396299818449e-05
6.48389292931476e-05
6.48382286195941e-05
6.48375279611839e-05
6.48368273179166e-05
6.48361266897916e-05
6.48354260768084e-05
6.48347254789665e-05
6.48340248962656e-05
6.4833324328705e-05
6.48326237762842e-05
6.48319232390029e-05
6.48312227168604e-05
6.48305222098564e-05
6.48298217179903e-05
6.48291212412616e-05
6.48284207796698e-05
6.48277203332145e-05
6.48270199018951e-05
6.48263194857112e-05
6.48256190846623e-05
6.48249186987478e-05
6.48242183279673e-05
6.48235179723204e-05
6.48228176318064e-05
6.48221173064249e-05
6.48214169961755e-05
6.48207167010577e-05
6.48200164210708e-05
6.48193161562145e-05
6.48186159064883e-05
6.48179156718917e-05
6.48172154524242e-05
6.48165152480852e-05
6.48158150588744e-05
6.48151148847911e-05
6.4814414725835e-05
6.48137145820056e-05
6.48130144533022e-05
6.48123143397246e-05
6.4811614241272e-05
6.48109141579442e-05
6.48102140897405e-05
6.48095140366606e-05
6.48088139987038e-05
6.48081139758698e-05
6.4807413968158e-05
6.48067139755679e-05
6.4806013998099e-05
6.48053140357509e-05
6.48046140885231e-05
6.4803914156415e-05
6.48032142394263e-05
6.48025143375563e-05
6.48018144508046e-05
6.48011145791708e-05
6.48004147226542e-05
6.47997148812545e-05
6.47990150549712e-05
6.47983152438037e-05
6.47976154477515e-05
6.47969156668143e-05
6.47962159009914e-05
6.47955161502824e-05
6.47948164146868e-05
6.47941166942042e-05
6.47934169888339e-05
6.47927172985756e-05
6.47920176234288e-05
6.47913179633929e-05
6.47906183184675e-05
6.4789918688652e-05
6.47892190739461e-05
6.47885194743491e-05
6.47878198898607e-05
6.47871203204803e-05
6.47864207662074e-05
6.47857212270416e-05
6.47850217029823e-05
6.4784322194029e-05
6.47836227001814e-05
6.47829232214388e-05
6.47822237578009e-05
6.4781524309267e-05
6.47808248758368e-05
6.47801254575096e-05
6.47794260542852e-05
6.47787266661628e-05
6.47780272931422e-05
6.47773279352227e-05
6.47766285924039e-05
6.47759292646852e-05
6.47752299520663e-05
6.47745306545466e-05
6.47738313721257e-05
6.47731321048029e-05
6.47724328525779e-05
6.47717336154502e-05
6.47710343934193e-05
6.47703351864846e-05
6.47696359946457e-05
6.47689368179021e-05
6.47682376562534e-05
6.47675385096989e-05
6.47668393782383e-05
6.47661402618711e-05
6.47654411605967e-05
6.47647420744147e-05
6.47640430033246e-05
6.47633439473258e-05
6.4762644906418e-05
6.47619458806006e-05
6.47612468698731e-05
6.4760547874235e-05
6.47598488936859e-05
6.47591499282253e-05
6.47584509778526e-05
6.47577520425674e-05
6.47570531223692e-05
6.47563542172576e-05
6.47556553272319e-05
6.47549564522918e-05
6.47542575924367e-05
6.47535587476662e-05
6.47528599179797e-05
6.47521611033768e-05
6.4751462303857e-05
6.47507635194198e-05
6.47500647500648e-05
6.47493659957913e-05
6.4748667256599e-05
6.47479685324873e-05
6.47472698234558e-05
6.47465711295039e-05
6.47458724506313e-05
6.47451737868373e-05
6.47444751381215e-05
6.47437765044835e-05
6.47430778859227e-05
6.47423792824386e-05
6.47416806940308e-05
6.47409821206988e-05
6.4740283562442e-05
6.473958501926e-05
6.47388864911524e-05
6.47381879781185e-05
6.4737489480158e-05
6.47367909972703e-05
6.47360925294549e-05
6.47353940767114e-05
6.47346956390393e-05
6.47339972164381e-05
6.47332988089073e-05
6.47326004164464e-05
6.47319020390549e-05
6.47312036767324e-05
6.47305053294783e-05
6.47298069972921e-05
6.47291086801735e-05
6.47284103781218e-05
6.47277120911366e-05
6.47270138192175e-05
6.47263155623638e-05
6.47256173205752e-05
6.47249190938511e-05
6.47242208821911e-05
6.47235226855947e-05
6.47228245040614e-05
6.47221263375906e-05
6.4721428186182e-05
6.4720730049835e-05
6.47200319285491e-05
6.47193338223239e-05
6.47186357311588e-05
6.47179376550534e-05
6.47172395940072e-05
6.47165415480197e-05
6.47158435170904e-05
6.47151455012188e-05
6.47144475004045e-05
6.47137495146469e-05
6.47130515439456e-05
6.47123535883e-05
6.47116556477097e-05
6.47109577221743e-05
6.47102598116931e-05
6.47095619162658e-05
6.47088640358918e-05
6.47081661705707e-05
6.4707468320302e-05
6.47067704850851e-05
6.47060726649196e-05
6.4705374859805e-05
6.47046770697409e-05
6.47039792947266e-05
6.47032815347618e-05
6.4702583789846e-05
6.47018860599786e-05
6.47011883451593e-05
6.47004906453874e-05
6.46997929606625e-05
6.46990952909842e-05
6.46983976363519e-05
6.46976999967651e-05
6.46970023722234e-05
6.46963047627263e-05
6.46956071682733e-05
6.46949095888639e-05
6.46942120244975e-05
6.46935144751739e-05
6.46928169408923e-05
6.46921194216525e-05
6.46914219174537e-05
6.46907244282957e-05
6.46900269541779e-05
6.46893294950998e-05
6.46886320510609e-05
6.46879346220607e-05
6.46872372080988e-05
6.46865398091747e-05
6.46858424252878e-05
6.46851450564378e-05
6.4684447702624e-05
6.46837503638461e-05
6.46830530401035e-05
6.46823557313957e-05
6.46816584377223e-05
6.46809611590828e-05
6.46802638954767e-05
6.46795666469035e-05
6.46788694133627e-05
6.46781721948538e-05
6.46774749913763e-05
6.46767778029299e-05
6.46760806295139e-05
6.46753834711278e-05
6.46746863277713e-05
6.46739891994438e-05
6.46732920861448e-05
6.46725949878739e-05
6.46718979046305e-05
6.46712008364142e-05
6.46705037832245e-05
6.46698067450608e-05
6.46691097219228e-05
6.46684127138099e-05
6.46677157207217e-05
6.46670187426576e-05
6.46663217796172e-05
6.46656248315999e-05
6.46649278986054e-05
6.46642309806331e-05
6.46635340776825e-05
6.46628371897531e-05
6.46621403168445e-05
6.46614434589561e-05
6.46607466160876e-05
6.46600497882383e-05
6.46593529754079e-05
6.46586561775958e-05
6.46579593948015e-05
6.46572626270246e-05
6.46565658742645e-05
6.46558691365209e-05
6.46551724137931e-05
6.46544757060807e-05
6.46537790133833e-05
6.46530823357004e-05
6.46523856730313e-05
6.46516890253758e-05
6.46509923927332e-05
6.46502957751032e-05
6.46495991724851e-05
6.46489025848786e-05
6.46482060122832e-05
6.46475094546983e-05
6.46468129121234e-05
6.46461163845582e-05
6.46454198720021e-05
6.46447233744546e-05
6.46440268919152e-05
6.46433304243835e-05
6.46426339718589e-05
6.4641937534341e-05
6.46412411118293e-05
6.46405447043234e-05
6.46398483118226e-05
6.46391519343266e-05
6.46384555718349e-05
6.46377592243469e-05
6.46370628918622e-05
6.46363665743803e-05
6.46356702719007e-05
6.4634973984423e-05
6.46342777119466e-05
6.4633581454471e-05
6.46328852119959e-05
6.46321889845206e-05
6.46314927720447e-05
6.46307965745678e-05
6.46301003920893e-05
6.46294042246087e-05
6.46287080721256e-05
6.46280119346395e-05
6.46273158121499e-05
6.46266197046564e-05
6.46259236121583e-05
6.46252275346553e-05
6.46245314721468e-05
6.46238354246324e-05
6.46231393921117e-05
6.4622443374584e-05
6.46217473720489e-05
6.4621051384506e-05
6.46203554119548e-05
6.46196594543947e-05
6.46189635118253e-05
6.46182675842461e-05
6.46175716716566e-05
6.46168757740563e-05
6.46161798914448e-05
6.46154840238216e-05
6.46147881711861e-05
6.46140923335379e-05
6.46133965108766e-05
6.46127007032016e-05
6.46120049105124e-05
6.46113091328085e-05
6.46106133700896e-05
6.4609917622355e-05
6.46092218896044e-05
6.46085261718371e-05
6.46078304690528e-05
6.4607134781251e-05
6.46064391084311e-05
6.46057434505928e-05
6.46050478077354e-05
6.46043521798585e-05
6.46036565669617e-05
6.46029609690444e-05
6.46022653861062e-05
6.46015698181466e-05
6.4600874265165e-05
6.46001787271611e-05
6.45994832041344e-05
6.45987876960842e-05
6.45980922030103e-05
6.4597396724912e-05
6.45967012617889e-05
6.45960058136405e-05
6.45953103804664e-05
6.4594614962266e-05
6.45939195590388e-05
6.45932241707845e-05
6.45925287975024e-05
6.45918334391922e-05
6.45911380958533e-05
6.45904427674852e-05
6.45897474540874e-05
6.45890521556596e-05
6.45883568722012e-05
6.45876616037116e-05
6.45869663501905e-05
6.45862711116374e-05
6.45855758880517e-05
6.45848806794329e-05
6.45841854857807e-05
6.45834903070945e-05
6.45827951433738e-05
6.45820999946182e-05
6.45814048608271e-05
6.45807097420001e-05
6.45800146381366e-05
6.45793195492363e-05
6.45786244752987e-05
6.45779294163231e-05
6.45772343723093e-05
6.45765393432566e-05
6.45758443291646e-05
6.45751493300328e-05
6.45744543458608e-05
6.4573759376648e-05
6.45730644223939e-05
6.45723694830982e-05
6.45716745587602e-05
6.45709796493796e-05
6.45702847549558e-05
6.45695898754883e-05
6.45688950109767e-05
6.45682001614205e-05
6.45675053268192e-05
6.45668105071723e-05
6.45661157024793e-05
6.45654209127398e-05
6.45647261379533e-05
6.45640313781192e-05
6.45633366332372e-05
6.45626419033067e-05
6.45619471883272e-05
6.45612524882983e-05
6.45605578032194e-05
6.45598631330902e-05
6.455916847791e-05
6.45584738376785e-05
6.45577792123951e-05
6.45570846020594e-05
6.45563900066708e-05
6.4555695426229e-05
6.45550008607333e-05
6.45543063101834e-05
6.45536117745788e-05
6.45529172539189e-05
6.45522227482033e-05
6.45515282574315e-05
6.4550833781603e-05
6.45501393207174e-05
6.45494448747741e-05
6.45487504437727e-05
6.45480560277126e-05
6.45473616265935e-05
6.45466672404148e-05
6.45459728691761e-05
6.45452785128768e-05
6.45445841715165e-05
6.45438898450947e-05
6.45431955336109e-05
6.45425012370646e-05
6.45418069554554e-05
6.45411126887827e-05
6.45404184370462e-05
6.45397242002453e-05
6.45390299783794e-05
6.45383357714482e-05
6.45376415794512e-05
6.45369474023879e-05
6.45362532402577e-05
6.45355590930603e-05
6.45348649607951e-05
6.45341708434616e-05
6.45334767410594e-05
6.4532782653588e-05
6.45320885810469e-05
6.45313945234356e-05
6.45307004807537e-05
6.45300064530006e-05
6.45293124401759e-05
6.45286184422791e-05
6.45279244593098e-05
6.45272304912673e-05
6.45265365381513e-05
6.45258425999613e-05
6.45251486766967e-05
6.45244547683572e-05
6.45237608749422e-05
6.45230669964512e-05
6.45223731328838e-05
6.45216792842395e-05
6.45209854505178e-05
6.45202916317182e-05
6.45195978278402e-05
6.45189040388834e-05
6.45182102648472e-05
6.45175165057313e-05
6.45168227615351e-05
6.45161290322581e-05
6.45154353178998e-05
6.45147416184598e-05
6.45140479339376e-05
6.45133542643327e-05
6.45126606096446e-05
6.45119669698729e-05
6.4511273345017e-05
6.45105797350766e-05
6.4509886140051e-05
6.45091925599398e-05
6.45084989947426e-05
6.45078054444588e-05
6.4507111909088e-05
6.45064183886297e-05
6.45057248830834e-05
6.45050313924486e-05
6.45043379167249e-05
6.45036444559118e-05
6.45029510100087e-05
6.45022575790153e-05
6.4501564162931e-05
6.45008707617553e-05
6.45001773754878e-05
6.4499484004128e-05
6.44987906476754e-05
6.44980973061295e-05
6.44974039794898e-05
6.44967106677559e-05
6.44960173709273e-05
6.44953240890035e-05
6.44946308219841e-05
6.44939375698684e-05
6.44932443326562e-05
6.44925511103467e-05
6.44918579029398e-05
6.44911647104347e-05
6.4490471532831e-05
6.44897783701283e-05
6.44890852223261e-05
6.44883920894239e-05
6.44876989714212e-05
6.44870058683175e-05
6.44863127801124e-05
6.44856197068054e-05
6.44849266483959e-05
6.44842336048836e-05
6.44835405762679e-05
6.44828475625484e-05
6.44821545637245e-05
6.44814615797958e-05
6.44807686107618e-05
6.44800756566221e-05
6.44793827173761e-05
6.44786897930234e-05
6.44779968835635e-05
6.44773039889959e-05
6.44766111093201e-05
6.44759182445357e-05
6.44752253946421e-05
6.44745325596389e-05
6.44738397395257e-05
6.44731469343019e-05
6.4472454143967e-05
6.44717613685206e-05
6.44710686079622e-05
6.44703758622913e-05
6.44696831315074e-05
6.44689904156101e-05
6.44682977145988e-05
6.44676050284732e-05
6.44669123572327e-05
6.44662197008767e-05
6.4465527059405e-05
6.44648344328169e-05
6.4464141821112e-05
6.44634492242898e-05
6.44627566423499e-05
6.44620640752917e-05
6.44613715231148e-05
6.44606789858186e-05
6.44599864634028e-05
6.44592939558669e-05
6.44586014632102e-05
6.44579089854325e-05
6.44572165225332e-05
6.44565240745117e-05
6.44558316413678e-05
6.44551392231007e-05
6.44544468197102e-05
6.44537544311956e-05
6.44530620575566e-05
6.44523696987926e-05
6.44516773549032e-05
6.44509850258878e-05
6.44502927117461e-05
6.44496004124774e-05
6.44489081280815e-05
6.44482158585576e-05
6.44475236039055e-05
6.44468313641246e-05
6.44461391392144e-05
6.44454469291745e-05
6.44447547340043e-05
6.44440625537034e-05
6.44433703882713e-05
6.44426782377076e-05
6.44419861020117e-05
6.44412939811831e-05
6.44406018752215e-05
6.44399097841263e-05
6.4439217707897e-05
6.44385256465332e-05
6.44378336000344e-05
6.44371415684e-05
6.44364495516297e-05
6.44357575497229e-05
6.44350655626792e-05
6.44343735904981e-05
6.44336816331791e-05
6.44329896907217e-05
6.44322977631254e-05
6.44316058503898e-05
6.44309139525144e-05
6.44302220694987e-05
6.44295302013423e-05
6.44288383480446e-05
6.44281465096052e-05
6.44274546860235e-05
6.44267628772992e-05
6.44260710834318e-05
6.44253793044207e-05
6.44246875402654e-05
6.44239957909656e-05
6.44233040565207e-05
6.44226123369303e-05
6.44219206321938e-05
6.44212289423108e-05
6.44205372672808e-05
6.44198456071034e-05
6.4419153961778e-05
6.44184623313041e-05
6.44177707156814e-05
6.44170791149093e-05
6.44163875289874e-05
6.44156959579151e-05
6.4415004401692e-05
6.44143128603176e-05
6.44136213337914e-05
6.4412929822113e-05
6.44122383252818e-05
6.44115468432974e-05
6.44108553761594e-05
6.44101639238672e-05
6.44094724864203e-05
6.44087810638184e-05
6.44080896560608e-05
6.44073982631472e-05
6.4406706885077e-05
6.44060155218497e-05
6.4405324173465e-05
6.44046328399223e-05
6.44039415212211e-05
6.4403250217361e-05
6.44025589283414e-05
6.4401867654162e-05
6.44011763948222e-05
6.44004851503215e-05
6.43997939206595e-05
6.43991027058356e-05
6.43984115058495e-05
6.43977203207006e-05
6.43970291503885e-05
6.43963379949127e-05
6.43956468542727e-05
6.43949557284679e-05
6.43942646174981e-05
6.43935735213626e-05
6.4392882440061e-05
6.43921913735928e-05
6.43915003219575e-05
6.43908092851547e-05
6.43901182631839e-05
6.43894272560446e-05
6.43887362637363e-05
6.43880452862585e-05
6.43873543236108e-05
6.43866633757928e-05
6.43859724428038e-05
6.43852815246435e-05
6.43845906213113e-05
6.43838997328068e-05
6.43832088591295e-05
6.4382518000279e-05
6.43818271562547e-05
6.43811363270562e-05
6.43804455126829e-05
6.43797547131345e-05
6.43790639284105e-05
6.43783731585103e-05
6.43776824034335e-05
6.43769916631796e-05
6.43763009377481e-05
6.43756102271386e-05
6.43749195313506e-05
6.43742288503836e-05
6.43735381842371e-05
6.43728475329106e-05
6.43721568964037e-05
6.4371466274716e-05
6.43707756678468e-05
6.43700850757958e-05
6.43693944985624e-05
6.43687039361462e-05
6.43680133885468e-05
6.43673228557636e-05
6.43666323377961e-05
6.43659418346439e-05
6.43652513463065e-05
6.43645608727834e-05
6.43638704140742e-05
6.43631799701784e-05
6.43624895410955e-05
6.43617991268249e-05
6.43611087273663e-05
6.43604183427192e-05
6.43597279728831e-05
6.43590376178575e-05
6.43583472776419e-05
6.43576569522359e-05
6.4356966641639e-05
6.43562763458506e-05
6.43555860648704e-05
6.43548957986979e-05
6.43542055473325e-05
6.43535153107739e-05
6.43528250890214e-05
6.43521348820747e-05
6.43514446899333e-05
6.43507545125967e-05
6.43500643500643e-05
6.43493742023359e-05
6.43486840694108e-05
6.43479939512886e-05
6.43473038479688e-05
6.43466137594509e-05
6.43459236857345e-05
6.43452336268191e-05
6.43445435827042e-05
6.43438535533893e-05
6.4343163538874e-05
6.43424735391578e-05
6.43417835542401e-05
6.43410935841206e-05
6.43404036287988e-05
6.43397136882741e-05
6.43390237625461e-05
6.43383338516144e-05
6.43376439554784e-05
6.43369540741376e-05
6.43362642075917e-05
6.43355743558401e-05
6.43348845188823e-05
6.43341946967179e-05
6.43335048893464e-05
6.43328150967673e-05
6.43321253189801e-05
6.43314355559844e-05
6.43307458077797e-05
6.43300560743655e-05
6.43293663557414e-05
6.43286766519068e-05
6.43279869628613e-05
6.43272972886044e-05
6.43266076291357e-05
6.43259179844546e-05
6.43252283545607e-05
6.43245387394535e-05
6.43238491391325e-05
6.43231595535973e-05
6.43224699828473e-05
6.43217804268822e-05
6.43210908857014e-05
6.43204013593045e-05
6.43197118476909e-05
6.43190223508603e-05
6.4318332868812e-05
6.43176434015458e-05
6.4316953949061e-05
6.43162645113572e-05
6.43155750884339e-05
6.43148856802907e-05
6.43141962869271e-05
6.43135069083425e-05
6.43128175445366e-05
6.43121281955089e-05
6.43114388612588e-05
6.43107495417859e-05
6.43100602370898e-05
6.43093709471699e-05
6.43086816720257e-05
6.43079924116569e-05
6.43073031660629e-05
6.43066139352432e-05
6.43059247191975e-05
6.43052355179251e-05
6.43045463314256e-05
6.43038571596986e-05
6.43031680027436e-05
6.43024788605601e-05
6.43017897331476e-05
6.43011006205056e-05
6.43004115226338e-05
6.42997224395315e-05
6.42990333711983e-05
6.42983443176338e-05
6.42976552788375e-05
6.42969662548089e-05
6.42962772455475e-05
6.42955882510528e-05
6.42948992713245e-05
6.42942103063619e-05
6.42935213561647e-05
6.42928324207323e-05
6.42921435000643e-05
6.42914545941602e-05
6.42907657030195e-05
6.42900768266418e-05
6.42893879650266e-05
6.42886991181733e-05
6.42880102860816e-05
6.4287321468751e-05
6.42866326661809e-05
6.4285943878371e-05
6.42852551053207e-05
6.42845663470295e-05
6.4283877603497e-05
6.42831888747228e-05
6.42825001607062e-05
6.4281811461447e-05
6.42811227769445e-05
6.42804341071983e-05
6.4279745452208e-05
6.4279056811973e-05
6.4278368186493e-05
6.42776795757673e-05
6.42769909797956e-05
6.42763023985773e-05
6.42756138321121e-05
6.42749252803994e-05
6.42742367434387e-05
6.42735482212295e-05
6.42728597137715e-05
6.42721712210641e-05
6.42714827431069e-05
6.42707942798993e-05
6.42701058314409e-05
6.42694173977313e-05
6.42687289787699e-05
6.42680405745563e-05
6.426735218509e-05
6.42666638103705e-05
6.42659754503974e-05
6.42652871051701e-05
6.42645987746883e-05
6.42639104589514e-05
6.4263222157959e-05
6.42625338717106e-05
6.42618456002056e-05
6.42611573434438e-05
6.42604691014244e-05
6.42597808741472e-05
6.42590926616116e-05
6.42584044638172e-05
6.42577162807634e-05
6.42570281124498e-05
6.42563399588759e-05
6.42556518200413e-05
6.42549636959455e-05
6.4254275586588e-05
6.42535874919683e-05
6.4252899412086e-05
6.42522113469405e-05
6.42515232965315e-05
6.42508352608584e-05
6.42501472399208e-05
6.42494592337181e-05
6.424877124225e-05
6.42480832655159e-05
6.42473953035154e-05
6.4246707356248e-05
6.42460194237132e-05
6.42453315059106e-05
6.42446436028396e-05
6.42439557144999e-05
6.42432678408908e-05
6.42425799820121e-05
6.42418921378631e-05
6.42412043084434e-05
6.42405164937526e-05
6.42398286937901e-05
6.42391409085556e-05
6.42384531380484e-05
6.42377653822682e-05
6.42370776412145e-05
6.42363899148868e-05
6.42357022032846e-05
6.42350145064074e-05
6.42343268242549e-05
6.42336391568264e-05
6.42329515041216e-05
6.423226386614e-05
6.4231576242881e-05
6.42308886343443e-05
6.42302010405293e-05
6.42295134614355e-05
6.42288258970626e-05
6.422813834741e-05
6.42274508124773e-05
6.42267632922639e-05
6.42260757867694e-05
6.42253882959934e-05
6.42247008199353e-05
6.42240133585948e-05
6.42233259119712e-05
6.42226384800642e-05
6.42219510628733e-05
6.4221263660398e-05
6.42205762726378e-05
6.42198888995922e-05
6.42192015412608e-05
6.42185141976432e-05
6.42178268687388e-05
6.42171395545471e-05
6.42164522550677e-05
6.42157649703002e-05
6.4215077700244e-05
6.42143904448987e-05
6.42137032042638e-05
6.42130159783388e-05
6.42123287671233e-05
6.42116415706168e-05
6.42109543888187e-05
6.42102672217288e-05
6.42095800693464e-05
6.4208892931671e-05
6.42082058087023e-05
6.42075187004398e-05
6.4206831606883e-05
6.42061445280313e-05
6.42054574638844e-05
6.42047704144418e-05
6.42040833797029e-05
6.42033963596674e-05
6.42027093543348e-05
6.42020223637045e-05
6.42013353877761e-05
6.42006484265491e-05
6.41999614800231e-05
6.41992745481976e-05
6.41985876310721e-05
6.41979007286462e-05
6.41972138409193e-05
6.4196526967891e-05
6.41958401095609e-05
6.41951532659284e-05
6.41944664369931e-05
6.41937796227546e-05
6.41930928232122e-05
6.41924060383657e-05
6.41917192682144e-05
6.4191032512758e-05
6.41903457719959e-05
6.41896590459277e-05
6.41889723345529e-05
6.41882856378711e-05
6.41875989558817e-05
6.41869122885844e-05
6.41862256359785e-05
6.41855389980637e-05
6.41848523748395e-05
6.41841657663054e-05
6.4183479172461e-05
6.41827925933057e-05
6.41821060288392e-05
6.41814194790608e-05
6.41807329439702e-05
6.41800464235669e-05
6.41793599178504e-05
6.41786734268203e-05
6.4177986950476e-05
6.41773004888171e-05
6.41766140418431e-05
6.41759276095537e-05
6.41752411919481e-05
6.41745547890261e-05
6.41738684007872e-05
6.41731820272308e-05
6.41724956683565e-05
6.41718093241639e-05
6.41711229946524e-05
6.41704366798216e-05
6.4169750379671e-05
6.41690640942002e-05
6.41683778234086e-05
6.41676915672959e-05
6.41670053258614e-05
6.41663190991049e-05
6.41656328870257e-05
6.41649466896235e-05
6.41642605068977e-05
6.41635743388478e-05
6.41628881854735e-05
6.41622020467742e-05
6.41615159227495e-05
6.41608298133989e-05
6.41601437187219e-05
6.41594576387181e-05
6.41587715733869e-05
6.4158085522728e-05
6.41573994867408e-05
6.41567134654249e-05
6.41560274587798e-05
6.4155341466805e-05
6.41546554895e-05
6.41539695268645e-05
6.41532835788979e-05
6.41525976455997e-05
6.41519117269695e-05
6.41512258230068e-05
6.41505399337111e-05
6.4149854059082e-05
6.4149168199119e-05
6.41484823538216e-05
6.41477965231894e-05
6.41471107072219e-05
6.41464249059186e-05
6.4145739119279e-05
6.41450533473027e-05
6.41443675899892e-05
6.4143681847338e-05
6.41429961193487e-05
6.41423104060208e-05
6.41416247073538e-05
6.41409390233473e-05
6.41402533540007e-05
6.41395676993137e-05
6.41388820592857e-05
6.41381964339163e-05
6.4137510823205e-05
6.41368252271513e-05
6.41361396457547e-05
6.41354540790149e-05
6.41347685269313e-05
6.41340829895034e-05
6.41333974667308e-05
6.4132711958613e-05
6.41320264651496e-05
6.413134098634e-05
6.41306555221839e-05
6.41299700726806e-05
6.41292846378299e-05
6.41285992176311e-05
6.41279138120838e-05
6.41272284211876e-05
6.4126543044942e-05
6.41258576833465e-05
6.41251723364007e-05
6.4124487004104e-05
6.4123801686456e-05
6.41231163834562e-05
6.41224310951043e-05
6.41217458213996e-05
6.41210605623417e-05
6.41203753179302e-05
6.41196900881646e-05
6.41190048730444e-05
6.41183196725691e-05
6.41176344867383e-05
6.41169493155516e-05
6.41162641590083e-05
6.41155790171082e-05
6.41148938898506e-05
6.41142087772352e-05
6.41135236792614e-05
6.41128385959288e-05
6.4112153527237e-05
6.41114684731854e-05
6.41107834337736e-05
6.41100984090011e-05
6.41094133988674e-05
6.41087284033721e-05
6.41080434225147e-05
6.41073584562948e-05
6.41066735047118e-05
6.41059885677654e-05
6.41053036454549e-05
6.41046187377801e-05
6.41039338447403e-05
6.41032489663351e-05
6.41025641025641e-05
6.41018792534268e-05
6.41011944189227e-05
6.41005095990513e-05
6.40998247938122e-05
6.4099140003205e-05
6.4098455227229e-05
6.4097770465884e-05
6.40970857191693e-05
6.40964009870846e-05
6.40957162696293e-05
6.4095031566803e-05
6.40943468786053e-05
6.40936622050356e-05
6.40929775460935e-05
6.40922929017786e-05
6.40916082720902e-05
6.40909236570281e-05
6.40902390565917e-05
6.40895544707805e-05
6.40888698995941e-05
6.4088185343032e-05
6.40875008010938e-05
6.40868162737789e-05
6.40861317610869e-05
6.40854472630174e-05
6.40847627795698e-05
6.40840783107437e-05
6.40833938565386e-05
6.40827094169542e-05
6.40820249919897e-05
6.4081340581645e-05
6.40806561859193e-05
6.40799718048124e-05
6.40792874383237e-05
6.40786030864527e-05
6.4077918749199e-05
6.40772344265622e-05
6.40765501185416e-05
6.4075865825137e-05
6.40751815463477e-05
6.40744972821734e-05
6.40738130326136e-05
6.40731287976677e-05
6.40724445773354e-05
6.40717603716162e-05
6.40710761805096e-05
6.40703920040151e-05
6.40697078421322e-05
6.40690236948606e-05
6.40683395621997e-05
6.4067655444149e-05
6.40669713407081e-05
6.40662872518766e-05
6.40656031776539e-05
6.40649191180396e-05
6.40642350730332e-05
6.40635510426343e-05
6.40628670268423e-05
6.40621830256569e-05
6.40614990390775e-05
6.40608150671037e-05
6.4060131109735e-05
6.4059447166971e-05
6.40587632388111e-05
6.40580793252549e-05
6.4057395426302e-05
6.40567115419518e-05
6.40560276722039e-05
6.40553438170579e-05
6.40546599765133e-05
6.40539761505695e-05
6.40532923392262e-05
6.40526085424829e-05
6.40519247603391e-05
6.40512409927942e-05
6.4050557239848e-05
6.40498735014998e-05
6.40491897777493e-05
6.40485060685959e-05
6.40478223740393e-05
6.40471386940788e-05
6.40464550287142e-05
6.40457713779448e-05
6.40450877417702e-05
6.404440412019e-05
6.40437205132037e-05
6.40430369208108e-05
6.40423533430109e-05
6.40416697798034e-05
6.4040986231188e-05
6.40403026971641e-05
6.40396191777313e-05
6.40389356728891e-05
6.40382521826371e-05
6.40375687069748e-05
6.40368852459016e-05
6.40362017994173e-05
6.40355183675212e-05
6.40348349502129e-05
6.4034151547492e-05
6.4033468159358e-05
6.40327847858103e-05
6.40321014268487e-05
6.40314180824725e-05
6.40307347526813e-05
6.40300514374746e-05
6.40293681368521e-05
6.40286848508132e-05
6.40280015793574e-05
6.40273183224843e-05
6.40266350801934e-05
6.40259518524842e-05
6.40252686393563e-05
6.40245854408093e-05
6.40239022568426e-05
6.40232190874557e-05
6.40225359326483e-05
6.40218527924198e-05
6.40211696667698e-05
6.40204865556978e-05
6.40198034592034e-05
6.4019120377286e-05
6.40184373099453e-05
6.40177542571807e-05
6.40170712189917e-05
6.4016388195378e-05
6.40157051863391e-05
6.40150221918744e-05
6.40143392119835e-05
6.4013656246666e-05
6.40129732959213e-05
6.40122903597491e-05
6.40116074381488e-05
6.401092453112e-05
6.40102416386622e-05
6.40095587607749e-05
6.40088758974578e-05
6.40081930487102e-05
6.40075102145318e-05
6.40068273949221e-05
6.40061445898806e-05
6.40054617994069e-05
6.40047790235004e-05
6.40040962621608e-05
6.40034135153875e-05
6.40027307831801e-05
6.40020480655381e-05
6.40013653624611e-05
6.40006826739485e-05
6.4e-05
6.3999317340615e-05
6.39986346957932e-05
6.39979520655339e-05
6.39972694498368e-05
6.39965868487014e-05
6.39959042621272e-05
6.39952216901138e-05
6.39945391326607e-05
6.39938565897674e-05
6.39931740614334e-05
6.39924915476584e-05
6.39918090484418e-05
6.39911265637832e-05
6.3990444093682e-05
6.39897616381379e-05
6.39890791971504e-05
6.39883967707189e-05
6.39877143588431e-05
6.39870319615225e-05
6.39863495787565e-05
6.39856672105448e-05
6.39849848568869e-05
6.39843025177823e-05
6.39836201932305e-05
6.39829378832311e-05
6.39822555877837e-05
6.39815733068876e-05
6.39808910405426e-05
6.3980208788748e-05
6.39795265515035e-05
6.39788443288086e-05
6.39781621206628e-05
6.39774799270657e-05
6.39767977480167e-05
6.39761155835155e-05
6.39754334335615e-05
6.39747512981543e-05
6.39740691772935e-05
6.39733870709785e-05
6.39727049792089e-05
6.39720229019842e-05
6.3971340839304e-05
6.39706587911678e-05
6.39699767575751e-05
6.39692947385255e-05
6.39686127340185e-05
6.39679307440537e-05
6.39672487686305e-05
6.39665668077485e-05
6.39658848614073e-05
6.39652029296063e-05
6.39645210123452e-05
6.39638391096234e-05
6.39631572214405e-05
6.3962475347796e-05
6.39617934886894e-05
6.39611116441204e-05
6.39604298140884e-05
6.39597479985929e-05
6.39590661976335e-05
6.39583844112098e-05
6.39577026393212e-05
6.39570208819673e-05
6.39563391391477e-05
6.39556574108618e-05
6.39549756971092e-05
6.39542939978895e-05
6.39536123132022e-05
6.39529306430467e-05
6.39522489874227e-05
6.39515673463297e-05
6.39508857197672e-05
6.39502041077348e-05
6.39495225102319e-05
6.39488409272582e-05
6.39481593588131e-05
6.39474778048963e-05
6.39467962655071e-05
6.39461147406452e-05
6.39454332303101e-05
6.39447517345014e-05
6.39440702532185e-05
6.39433887864611e-05
6.39427073342285e-05
6.39420258965205e-05
6.39413444733365e-05
6.3940663064676e-05
6.39399816705386e-05
6.39393002909238e-05
6.39386189258312e-05
6.39379375752603e-05
6.39372562392106e-05
6.39365749176817e-05
6.3935893610673e-05
6.39352123181842e-05
6.39345310402148e-05
6.39338497767643e-05
6.39331685278322e-05
6.39324872934182e-05
6.39318060735216e-05
6.39311248681421e-05
6.39304436772791e-05
6.39297625009323e-05
6.39290813391012e-05
6.39284001917852e-05
6.3927719058984e-05
6.3927037940697e-05
6.39263568369239e-05
6.39256757476641e-05
6.39249946729171e-05
6.39243136126826e-05
6.392363256696e-05
6.39229515357489e-05
6.39222705190488e-05
6.39215895168593e-05
6.39209085291799e-05
6.39202275560101e-05
6.39195465973495e-05
6.39188656531975e-05
6.39181847235539e-05
6.39175038084179e-05
6.39168229077893e-05
6.39161420216676e-05
6.39154611500522e-05
6.39147802929427e-05
6.39140994503388e-05
6.39134186222397e-05
6.39127378086453e-05
6.39120570095549e-05
6.3911376224968e-05
6.39106954548844e-05
6.39100146993034e-05
6.39093339582246e-05
6.39086532316476e-05
6.39079725195718e-05
6.39072918219969e-05
6.39066111389223e-05
6.39059304703477e-05
6.39052498162724e-05
6.39045691766961e-05
6.39038885516184e-05
6.39032079410386e-05
6.39025273449565e-05
6.39018467633715e-05
6.39011661962831e-05
6.39004856436909e-05
6.38998051055944e-05
6.38991245819932e-05
6.38984440728868e-05
6.38977635782748e-05
6.38970830981566e-05
6.38964026325318e-05
6.38957221814e-05
6.38950417447606e-05
6.38943613226133e-05
6.38936809149575e-05
6.38930005217928e-05
6.38923201431188e-05
6.38916397789349e-05
6.38909594292408e-05
6.38902790940358e-05
6.38895987733197e-05
6.38889184670919e-05
6.38882381753519e-05
6.38875578980993e-05
6.38868776353337e-05
6.38861973870545e-05
6.38855171532614e-05
6.38848369339537e-05
6.38841567291312e-05
6.38834765387932e-05
6.38827963629395e-05
6.38821162015694e-05
6.38814360546825e-05
6.38807559222784e-05
6.38800758043566e-05
6.38793957009167e-05
6.38787156119581e-05
6.38780355374804e-05
6.38773554774832e-05
6.3876675431966e-05
6.38759954009283e-05
6.38753153843697e-05
6.38746353822897e-05
6.38739553946878e-05
6.38732754215636e-05
6.38725954629166e-05
6.38719155187464e-05
6.38712355890525e-05
6.38705556738344e-05
6.38698757730916e-05
6.38691958868238e-05
6.38685160150304e-05
6.3867836157711e-05
6.38671563148651e-05
6.38664764864922e-05
6.3865796672592e-05
6.38651168731639e-05
6.38644370882074e-05
6.38637573177222e-05
6.38630775617077e-05
6.38623978201635e-05
6.38617180930891e-05
6.38610383804841e-05
6.38603586823479e-05
6.38596789986802e-05
6.38589993294805e-05
6.38583196747483e-05
6.38576400344831e-05
6.38569604086846e-05
6.38562807973521e-05
6.38556012004853e-05
6.38549216180837e-05
6.38542420501469e-05
6.38535624966743e-05
6.38528829576655e-05
6.38522034331201e-05
6.38515239230376e-05
6.38508444274176e-05
6.38501649462594e-05
6.38494854795628e-05
6.38488060273273e-05
6.38481265895523e-05
6.38474471662375e-05
6.38467677573823e-05
6.38460883629863e-05
6.3845408983049e-05
6.38447296175701e-05
6.38440502665489e-05
6.38433709299851e-05
6.38426916078782e-05
6.38420123002277e-05
6.38413330070332e-05
6.38406537282942e-05
6.38399744640102e-05
6.38392952141808e-05
6.38386159788056e-05
6.3837936757884e-05
6.38372575514156e-05
6.38365783593999e-05
6.38358991818366e-05
6.3835220018725e-05
6.38345408700648e-05
6.38338617358555e-05
6.38331826160966e-05
6.38325035107877e-05
6.38318244199283e-05
6.38311453435179e-05
6.38304662815562e-05
6.38297872340425e-05
6.38291082009766e-05
6.38284291823578e-05
6.38277501781858e-05
6.38270711884601e-05
6.38263922131802e-05
6.38257132523456e-05
6.38250343059559e-05
6.38243553740107e-05
6.38236764565095e-05
6.38229975534518e-05
6.38223186648371e-05
6.3821639790665e-05
6.38209609309351e-05
6.38202820856468e-05
6.38196032547998e-05
6.38189244383935e-05
6.38182456364274e-05
6.38175668489013e-05
6.38168880758145e-05
6.38162093171666e-05
6.38155305729571e-05
6.38148518431856e-05
6.38141731278517e-05
6.38134944269548e-05
6.38128157404946e-05
6.38121370684704e-05
6.3811458410882e-05
6.38107797677288e-05
6.38101011390103e-05
6.38094225247262e-05
6.38087439248758e-05
6.38080653394589e-05
6.38073867684749e-05
6.38067082119233e-05
6.38060296698038e-05
6.38053511421158e-05
6.38046726288588e-05
6.38039941300325e-05
6.38033156456364e-05
6.38026371756699e-05
6.38019587201327e-05
6.38012802790243e-05
6.38006018523441e-05
6.37999234400919e-05
6.3799245042267e-05
6.37985666588691e-05
6.37978882898976e-05
6.37972099353522e-05
6.37965315952323e-05
6.37958532695375e-05
6.37951749582673e-05
6.37944966614213e-05
6.37938183789991e-05
6.37931401110001e-05
6.37924618574238e-05
6.379178361827e-05
6.3791105393538e-05
6.37904271832274e-05
6.37897489873377e-05
6.37890708058686e-05
6.37883926388195e-05
6.378771448619e-05
6.37870363479795e-05
6.37863582241878e-05
6.37856801148142e-05
6.37850020198584e-05
6.37843239393199e-05
6.37836458731981e-05
6.37829678214927e-05
6.37822897842033e-05
6.37816117613292e-05
6.37809337528701e-05
6.37802557588256e-05
6.37795777791951e-05
6.37788998139782e-05
6.37782218631745e-05
6.37775439267834e-05
6.37768660048045e-05
6.37761880972374e-05
6.37755102040816e-05
6.37748323253367e-05
6.37741544610021e-05
6.37734766110775e-05
6.37727987755623e-05
6.37721209544561e-05
6.37714431477584e-05
6.37707653554689e-05
6.37700875775869e-05
6.37694098141122e-05
6.37687320650441e-05
6.37680543303823e-05
6.37673766101263e-05
6.37666989042756e-05
6.37660212128297e-05
6.37653435357883e-05
6.37646658731508e-05
6.37639882249168e-05
6.37633105910859e-05
6.37626329716575e-05
6.37619553666312e-05
6.37612777760066e-05
6.37606001997832e-05
6.37599226379605e-05
6.37592450905381e-05
6.37585675575155e-05
6.37578900388923e-05
6.3757212534668e-05
6.37565350448421e-05
6.37558575694142e-05
6.37551801083838e-05
6.37545026617505e-05
6.37538252295138e-05
6.37531478116732e-05
6.37524704082283e-05
6.37517930191787e-05
6.37511156445238e-05
6.37504382842632e-05
6.37497609383965e-05
6.37490836069231e-05
6.37484062898428e-05
6.37477289871548e-05
6.37470516988589e-05
6.37463744249546e-05
6.37456971654413e-05
6.37450199203187e-05
6.37443426895863e-05
6.37436654732436e-05
6.37429882712902e-05
6.37423110837255e-05
6.37416339105492e-05
6.37409567517608e-05
6.37402796073599e-05
6.37396024773459e-05
6.37389253617184e-05
6.3738248260477e-05
6.37375711736211e-05
6.37368941011504e-05
6.37362170430644e-05
6.37355399993626e-05
6.37348629700446e-05
6.37341859551099e-05
6.3733508954558e-05
6.37328319683885e-05
6.3732154996601e-05
6.37314780391949e-05
6.37308010961698e-05
6.37301241675252e-05
6.37294472532608e-05
6.3728770353376e-05
6.37280934678704e-05
6.37274165967435e-05
6.37267397399949e-05
6.37260628976241e-05
6.37253860696306e-05
6.3724709256014e-05
6.37240324567739e-05
6.37233556719097e-05
6.3722678901421e-05
6.37220021453074e-05
6.37213254035684e-05
6.37206486762035e-05
6.37199719632123e-05
6.37192952645944e-05
6.37186185803492e-05
6.37179419104763e-05
6.37172652549753e-05
6.37165886138456e-05
6.37159119870869e-05
6.37152353746987e-05
6.37145587766805e-05
6.37138821930318e-05
6.37132056237523e-05
6.37125290688414e-05
6.37118525282987e-05
6.37111760021237e-05
6.3710499490316e-05
6.37098229928751e-05
6.37091465098006e-05
6.3708470041092e-05
6.37077935867488e-05
6.37071171467706e-05
6.37064407211569e-05
6.37057643099073e-05
6.37050879130213e-05
6.37044115304985e-05
6.37037351623384e-05
6.37030588085405e-05
6.37023824691043e-05
6.37017061440296e-05
6.37010298333156e-05
6.37003535369621e-05
6.36996772549686e-05
6.36990009873345e-05
6.36983247340595e-05
6.36976484951431e-05
6.36969722705847e-05
6.36962960603841e-05
6.36956198645406e-05
6.3694943683054e-05
6.36942675159236e-05
6.3693591363149e-05
6.36929152247298e-05
6.36922391006656e-05
6.36915629909558e-05
6.36908868956e-05
6.36902108145978e-05
6.36895347479487e-05
6.36888586956522e-05
6.36881826577079e-05
6.36875066341153e-05
6.36868306248739e-05
6.36861546299834e-05
6.36854786494433e-05
6.3684802683253e-05
6.36841267314122e-05
6.36834507939203e-05
6.3682774870777e-05
6.36820989619818e-05
6.36814230675341e-05
6.36807471874337e-05
6.36800713216799e-05
6.36793954702723e-05
6.36787196332106e-05
6.36780438104941e-05
6.36773680021226e-05
6.36766922080954e-05
6.36760164284122e-05
6.36753406630725e-05
6.36746649120759e-05
6.36739891754218e-05
6.36733134531099e-05
6.36726377451397e-05
6.36719620515106e-05
6.36712863722223e-05
6.36706107072744e-05
6.36699350566662e-05
6.36692594203975e-05
6.36685837984677e-05
6.36679081908764e-05
6.36672325976231e-05
6.36665570187074e-05
6.36658814541287e-05
6.36652059038868e-05
6.3664530367981e-05
6.36638548464109e-05
6.36631793391762e-05
6.36625038462763e-05
6.36618283677107e-05
6.36611529034791e-05
6.36604774535809e-05
6.36598020180157e-05
6.36591265967831e-05
6.36584511898826e-05
6.36577757973136e-05
6.36571004190759e-05
6.36564250551689e-05
6.36557497055922e-05
6.36550743703452e-05
6.36543990494276e-05
6.3653723742839e-05
6.36530484505787e-05
6.36523731726464e-05
6.36516979090417e-05
6.36510226597641e-05
6.3650347424813e-05
6.36496722041881e-05
6.3648996997889e-05
6.36483218059151e-05
6.36476466282659e-05
6.36469714649411e-05
6.36462963159402e-05
6.36456211812627e-05
6.36449460609082e-05
6.36442709548762e-05
6.36435958631663e-05
6.36429207857779e-05
6.36422457227107e-05
6.36415706739642e-05
6.3640895639538e-05
6.36402206194315e-05
6.36395456136443e-05
6.3638870622176e-05
6.36381956450261e-05
6.36375206821942e-05
6.36368457336798e-05
6.36361707994824e-05
6.36354958796016e-05
6.3634820974037e-05
6.3634146082788e-05
6.36334712058543e-05
6.36327963432353e-05
6.36321214949306e-05
6.36314466609398e-05
6.36307718412624e-05
6.3630097035898e-05
6.3629422244846e-05
6.36287474681061e-05
6.36280727056777e-05
6.36273979575605e-05
6.3626723223754e-05
6.36260485042576e-05
6.36253737990711e-05
6.36246991081938e-05
6.36240244316254e-05
6.36233497693654e-05
6.36226751214133e-05
6.36220004877687e-05
6.36213258684311e-05
6.36206512634001e-05
6.36199766726752e-05
6.3619302096256e-05
6.3618627534142e-05
6.36179529863327e-05
6.36172784528278e-05
6.36166039336267e-05
6.3615929428729e-05
6.36152549381342e-05
6.36145804618419e-05
6.36139059998516e-05
6.36132315521628e-05
6.36125571187752e-05
6.36118826996883e-05
6.36112082949016e-05
6.36105339044146e-05
6.36098595282269e-05
6.3609185166338e-05
6.36085108187475e-05
6.3607836485455e-05
6.36071621664599e-05
6.36064878617619e-05
6.36058135713604e-05
6.36051392952551e-05
6.36044650334453e-05
6.36037907859308e-05
6.36031165527111e-05
6.36024423337856e-05
6.3601768129154e-05
6.36010939388158e-05
6.36004197627704e-05
6.35997456010176e-05
6.35990714535568e-05
6.35983973203875e-05
6.35977232015094e-05
6.35970490969219e-05
6.35963750066246e-05
6.35957009306171e-05
6.35950268688988e-05
6.35943528214695e-05
6.35936787883284e-05
6.35930047694754e-05
6.35923307649097e-05
6.35916567746312e-05
6.35909827986391e-05
6.35903088369332e-05
6.3589634889513e-05
6.3588960956378e-05
6.35882870375277e-05
6.35876131329617e-05
6.35869392426796e-05
6.35862653666808e-05
6.3585591504965e-05
6.35849176575316e-05
6.35842438243803e-05
6.35835700055106e-05
6.35828962009219e-05
6.3582222410614e-05
6.35815486345862e-05
6.35808748728382e-05
6.35802011253696e-05
6.35795273921797e-05
6.35788536732683e-05
6.35781799686348e-05
6.35775062782787e-05
6.35768326021998e-05
6.35761589403973e-05
6.35754852928711e-05
6.35748116596205e-05
6.35741380406451e-05
6.35734644359444e-05
6.35727908455181e-05
6.35721172693657e-05
6.35714437074866e-05
6.35707701598805e-05
6.35700966265469e-05
6.35694231074853e-05
6.35687496026953e-05
6.35680761121765e-05
6.35674026359283e-05
6.35667291739504e-05
6.35660557262422e-05
6.35653822928033e-05
6.35647088736334e-05
6.35640354687318e-05
6.35633620780982e-05
6.35626887017321e-05
6.3562015339633e-05
6.35613419918006e-05
6.35606686582343e-05
6.35599953389337e-05
6.35593220338983e-05
6.35586487431277e-05
6.35579754666215e-05
6.35573022043791e-05
6.35566289564002e-05
6.35559557226842e-05
6.35552825032307e-05
6.35546092980393e-05
6.35539361071096e-05
6.35532629304409e-05
6.35525897680331e-05
6.35519166198854e-05
6.35512434859975e-05
6.3550570366369e-05
6.35498972609994e-05
6.35492241698883e-05
6.35485510930351e-05
6.35478780304394e-05
6.35472049821009e-05
6.35465319480189e-05
6.35458589281932e-05
6.35451859226232e-05
6.35445129313084e-05
6.35438399542484e-05
6.35431669914428e-05
6.35424940428912e-05
6.3541821108593e-05
6.35411481885478e-05
6.35404752827551e-05
6.35398023912146e-05
6.35391295139257e-05
6.35384566508879e-05
6.3537783802101e-05
6.35371109675643e-05
6.35364381472775e-05
6.353576534124e-05
6.35350925494515e-05
6.35344197719114e-05
6.35337470086194e-05
6.3533074259575e-05
6.35324015247776e-05
6.3531728804227e-05
6.35310560979225e-05
6.35303834058639e-05
6.35297107280505e-05
6.3529038064482e-05
6.35283654151579e-05
6.35276927800777e-05
6.35270201592411e-05
6.35263475526475e-05
6.35256749602964e-05
6.35250023821876e-05
6.35243298183204e-05
6.35236572686945e-05
6.35229847333093e-05
6.35223122121645e-05
6.35216397052596e-05
6.35209672125941e-05
6.35202947341676e-05
6.35196222699796e-05
6.35189498200296e-05
6.35182773843173e-05
6.35176049628422e-05
6.35169325556038e-05
6.35162601626016e-05
6.35155877838353e-05
6.35149154193043e-05
6.35142430690082e-05
6.35135707329466e-05
6.3512898411119e-05
6.35122261035249e-05
6.3511553810164e-05
6.35108815310356e-05
6.35102092661395e-05
6.35095370154752e-05
6.35088647790421e-05
6.35081925568398e-05
6.3507520348868e-05
6.35068481551261e-05
6.35061759756136e-05
6.35055038103302e-05
6.35048316592754e-05
6.35041595224487e-05
6.35034873998497e-05
6.35028152914779e-05
6.35021431973329e-05
6.35014711174142e-05
6.35007990517214e-05
6.3500127000254e-05
6.34994549630116e-05
6.34987829399936e-05
6.34981109311998e-05
6.34974389366296e-05
6.34967669562825e-05
6.34960949901581e-05
6.3495423038256e-05
6.34947511005757e-05
6.34940791771167e-05
6.34934072678787e-05
6.34927353728611e-05
6.34920634920635e-05
6.34913916254855e-05
6.34907197731265e-05
6.34900479349862e-05
6.34893761110641e-05
6.34887043013597e-05
6.34880325058726e-05
6.34873607246024e-05
6.34866889575486e-05
6.34860172047107e-05
6.34853454660883e-05
6.34846737416809e-05
6.34840020314881e-05
6.34833303355094e-05
6.34826586537444e-05
6.34819869861927e-05
6.34813153328537e-05
6.34806436937271e-05
6.34799720688123e-05
6.34793004581089e-05
6.34786288616166e-05
6.34779572793348e-05
6.3477285711263e-05
6.34766141574008e-05
6.34759426177479e-05
6.34752710923036e-05
6.34745995810676e-05
6.34739280840395e-05
6.34732566012187e-05
6.34725851326048e-05
6.34719136781974e-05
6.3471242237996e-05
6.34705708120002e-05
6.34698994002094e-05
6.34692280026234e-05
6.34685566192416e-05
6.34678852500635e-05
6.34672138950887e-05
6.34665425543168e-05
6.34658712277473e-05
6.34651999153797e-05
6.34645286172137e-05
6.34638573332487e-05
6.34631860634843e-05
6.34625148079201e-05
6.34618435665556e-05
6.34611723393904e-05
6.34605011264239e-05
6.34598299276558e-05
6.34591587430856e-05
6.34584875727129e-05
6.34578164165371e-05
6.34571452745579e-05
6.34564741467748e-05
6.34558030331874e-05
6.34551319337951e-05
6.34544608485977e-05
6.34537897775945e-05
6.34531187207851e-05
6.34524476781692e-05
6.34517766497462e-05
6.34511056355157e-05
6.34504346354773e-05
6.34497636496304e-05
6.34490926779747e-05
6.34484217205097e-05
6.34477507772349e-05
6.344707984815e-05
6.34464089332544e-05
6.34457380325477e-05
6.34450671460294e-05
6.34443962736991e-05
6.34437254155564e-05
6.34430545716008e-05
6.34423837418318e-05
6.3441712926249e-05
6.3441042124852e-05
6.34403713376402e-05
6.34397005646133e-05
6.34390298057708e-05
6.34383590611123e-05
6.34376883306372e-05
6.34370176143452e-05
6.34363469122358e-05
6.34356762243086e-05
6.3435005550563e-05
6.34343348909987e-05
6.34336642456152e-05
6.3432993614412e-05
6.34323229973887e-05
6.34316523945449e-05
6.34309818058801e-05
6.34303112313938e-05
6.34296406710856e-05
6.34289701249551e-05
6.34282995930018e-05
6.34276290752252e-05
6.34269585716249e-05
6.34262880822005e-05
6.34256176069514e-05
6.34249471458774e-05
6.34242766989778e-05
6.34236062662523e-05
6.34229358477004e-05
6.34222654433216e-05
6.34215950531156e-05
6.34209246770818e-05
6.34202543152198e-05
6.34195839675292e-05
6.34189136340095e-05
6.34182433146602e-05
6.34175730094809e-05
6.34169027184712e-05
6.34162324416306e-05
6.34155621789587e-05
6.3414891930455e-05
6.3414221696119e-05
6.34135514759504e-05
6.34128812699486e-05
6.34122110781133e-05
6.34115409004439e-05
6.341087073694e-05
6.34102005876012e-05
6.3409530452427e-05
6.3408860331417e-05
6.34081902245707e-05
6.34075201318876e-05
6.34068500533674e-05
6.34061799890096e-05
6.34055099388137e-05
6.34048399027792e-05
6.34041698809058e-05
6.3403499873193e-05
6.34028298796403e-05
6.34021599002473e-05
6.34014899350135e-05
6.34008199839385e-05
6.34001500470218e-05
6.3399480124263e-05
6.33988102156616e-05
6.33981403212172e-05
6.33974704409294e-05
6.33968005747977e-05
6.33961307228216e-05
6.33954608850006e-05
6.33947910613345e-05
6.33941212518226e-05
6.33934514564645e-05
6.33927816752599e-05
6.33921119082082e-05
6.3391442155309e-05
6.33907724165619e-05
6.33901026919664e-05
6.3389432981522e-05
6.33887632852283e-05
6.33880936030849e-05
6.33874239350913e-05
6.3386754281247e-05
6.33860846415517e-05
6.33854150160048e-05
6.3384745404606e-05
6.33840758073547e-05
6.33834062242505e-05
6.3382736655293e-05
6.33820671004817e-05
6.33813975598162e-05
6.3380728033296e-05
6.33800585209207e-05
6.33793890226898e-05
6.33787195386029e-05
6.33780500686595e-05
6.33773806128593e-05
6.33767111712016e-05
6.33760417436862e-05
6.33753723303124e-05
6.337470293108e-05
6.33740335459884e-05
6.33733641750372e-05
6.3372694818226e-05
6.33720254755542e-05
6.33713561470215e-05
6.33706868326275e-05
6.33700175323715e-05
6.33693482462533e-05
6.33686789742723e-05
6.33680097164282e-05
6.33673404727204e-05
6.33666712431485e-05
6.33660020277121e-05
6.33653328264107e-05
6.33646636392438e-05
6.33639944662111e-05
6.33633253073121e-05
6.33626561625463e-05
6.33619870319133e-05
6.33613179154126e-05
6.33606488130438e-05
6.33599797248065e-05
6.33593106507001e-05
6.33586415907243e-05
6.33579725448786e-05
6.33573035131625e-05
6.33566344955756e-05
6.33559654921175e-05
6.33552965027876e-05
6.33546275275857e-05
6.33539585665111e-05
6.33532896195635e-05
6.33526206867424e-05
6.33519517680474e-05
6.3351282863478e-05
6.33506139730338e-05
6.33499450967142e-05
6.3349276234519e-05
6.33486073864476e-05
6.33479385524996e-05
6.33472697326745e-05
6.33466009269719e-05
6.33459321353914e-05
6.33452633579324e-05
6.33445945945946e-05
6.33439258453775e-05
6.33432571102806e-05
6.33425883893036e-05
6.33419196824458e-05
6.3341250989707e-05
6.33405823110867e-05
6.33399136465844e-05
6.33392449961996e-05
6.3338576359932e-05
6.33379077377811e-05
6.33372391297463e-05
6.33365705358274e-05
6.33359019560238e-05
6.3335233390335e-05
6.33345648387608e-05
6.33338963013005e-05
6.33332277779537e-05
6.333255926872e-05
6.3331890773599e-05
6.33312222925903e-05
6.33305538256932e-05
6.33298853729075e-05
6.33292169342326e-05
6.33285485096682e-05
6.33278800992137e-05
6.33272117028687e-05
6.33265433206328e-05
6.33258749525056e-05
6.33252065984865e-05
6.33245382585752e-05
6.33238699327712e-05
6.3323201621074e-05
6.33225333234832e-05
6.33218650399983e-05
6.3321196770619e-05
6.33205285153447e-05
6.3319860274175e-05
6.33191920471095e-05
6.33185238341477e-05
6.33178556352891e-05
6.33171874505335e-05
6.33165192798801e-05
6.33158511233287e-05
6.33151829808788e-05
6.33145148525299e-05
6.33138467382817e-05
6.33131786381335e-05
6.33125105520851e-05
6.33118424801359e-05
6.33111744222855e-05
6.33105063785335e-05
6.33098383488794e-05
6.33091703333228e-05
6.33085023318632e-05
6.33078343445001e-05
6.33071663712332e-05
6.3306498412062e-05
6.3305830466986e-05
6.33051625360048e-05
6.3304494619118e-05
6.3303826716325e-05
6.33031588276255e-05
6.3302490953019e-05
6.33018230925051e-05
6.33011552460832e-05
6.33004874137531e-05
6.32998195955142e-05
6.3299151791366e-05
6.32984840013082e-05
6.32978162253402e-05
6.32971484634617e-05
6.32964807156722e-05
6.32958129819712e-05
6.32951452623584e-05
6.32944775568332e-05
6.32938098653952e-05
6.32931421880439e-05
6.3292474524779e-05
6.32918068756e-05
6.32911392405063e-05
6.32904716194977e-05
6.32898040125736e-05
6.32891364197336e-05
6.32884688409772e-05
6.3287801276304e-05
6.32871337257136e-05
6.32864661892054e-05
6.32857986667792e-05
6.32851311584343e-05
6.32844636641705e-05
6.32837961839871e-05
6.32831287178838e-05
6.32824612658602e-05
6.32817938279157e-05
6.328112640405e-05
6.32804589942626e-05
6.3279791598553e-05
6.32791242169208e-05
6.32784568493656e-05
6.32777894958869e-05
6.32771221564843e-05
6.32764548311573e-05
6.32757875199055e-05
6.32751202227284e-05
6.32744529396256e-05
6.32737856705967e-05
6.32731184156411e-05
6.32724511747585e-05
6.32717839479484e-05
6.32711167352104e-05
6.3270449536544e-05
6.32697823519487e-05
6.32691151814242e-05
6.326844802497e-05
6.32677808825855e-05
6.32671137542705e-05
6.32664466400245e-05
6.32657795398469e-05
6.32651124537374e-05
6.32644453816955e-05
6.32637783237207e-05
6.32631112798127e-05
6.3262444249971e-05
6.32617772341951e-05
6.32611102324846e-05
6.3260443244839e-05
6.32597762712579e-05
6.32591093117409e-05
6.32584423662875e-05
6.32577754348972e-05
6.32571085175697e-05
6.32564416143044e-05
6.32557747251009e-05
6.32551078499589e-05
6.32544409888778e-05
6.32537741418571e-05
6.32531073088965e-05
6.32524404899956e-05
6.32517736851538e-05
6.32511068943707e-05
6.32504401176458e-05
6.32497733549788e-05
6.32491066063692e-05
6.32484398718165e-05
6.32477731513203e-05
6.32471064448801e-05
6.32464397524956e-05
6.32457730741662e-05
6.32451064098915e-05
6.32444397596711e-05
6.32437731235046e-05
6.32431065013913e-05
6.32424398933311e-05
6.32417732993233e-05
6.32411067193676e-05
6.32404401534635e-05
6.32397736016105e-05
6.32391070638083e-05
6.32384405400563e-05
6.32377740303541e-05
6.32371075347014e-05
6.32364410530975e-05
6.32357745855422e-05
6.32351081320349e-05
6.32344416925752e-05
6.32337752671627e-05
6.32331088557969e-05
6.32324424584774e-05
6.32317760752037e-05
6.32311097059753e-05
6.3230443350792e-05
6.32297770096531e-05
6.32291106825583e-05
6.3228444369507e-05
6.3227778070499e-05
6.32271117855336e-05
6.32264455146106e-05
6.32257792577294e-05
6.32251130148895e-05
6.32244467860906e-05
6.32237805713322e-05
6.32231143706139e-05
6.32224481839352e-05
6.32217820112956e-05
6.32211158526948e-05
6.32204497081323e-05
6.32197835776075e-05
6.32191174611202e-05
6.32184513586699e-05
6.3217785270256e-05
6.32171191958782e-05
6.32164531355361e-05
6.32157870892291e-05
6.32151210569568e-05
6.32144550387189e-05
6.32137890345147e-05
6.3213123044344e-05
6.32124570682062e-05
6.3211791106101e-05
6.32111251580278e-05
6.32104592239863e-05
6.32097933039759e-05
6.32091273979963e-05
6.32084615060469e-05
6.32077956281275e-05
6.32071297642374e-05
6.32064639143763e-05
6.32057980785437e-05
6.32051322567393e-05
6.32044664489624e-05
6.32038006552127e-05
6.32031348754898e-05
6.32024691097932e-05
6.32018033581225e-05
6.32011376204772e-05
6.32004718968568e-05
6.3199806187261e-05
6.31991404916893e-05
6.31984748101413e-05
6.31978091426164e-05
6.31971434891143e-05
6.31964778496345e-05
6.31958122241766e-05
6.31951466127401e-05
6.31944810153247e-05
6.31938154319297e-05
6.31931498625549e-05
6.31924843071997e-05
6.31918187658638e-05
6.31911532385466e-05
6.31904877252478e-05
6.31898222259668e-05
6.31891567407033e-05
6.31884912694568e-05
6.31878258122268e-05
6.3187160369013e-05
6.31864949398149e-05
6.31858295246319e-05
6.31851641234638e-05
6.318449873631e-05
6.31838333631701e-05
6.31831680040437e-05
6.31825026589303e-05
6.31818373278295e-05
6.31811720107408e-05
6.31805067076638e-05
6.3179841418598e-05
6.31791761435431e-05
6.31785108824985e-05
6.31778456354638e-05
6.31771804024386e-05
6.31765151834225e-05
6.31758499784149e-05
6.31751847874155e-05
6.31745196104238e-05
6.31738544474394e-05
6.31731892984617e-05
6.31725241634905e-05
6.31718590425252e-05
6.31711939355654e-05
6.31705288426106e-05
6.31698637636605e-05
6.31691986987145e-05
6.31685336477723e-05
6.31678686108333e-05
6.31672035878972e-05
6.31665385789634e-05
6.31658735840317e-05
6.31652086031014e-05
6.31645436361722e-05
6.31638786832437e-05
6.31632137443153e-05
6.31625488193867e-05
6.31618839084574e-05
6.31612190115269e-05
6.31605541285949e-05
6.31598892596608e-05
6.31592244047243e-05
6.31585595637849e-05
6.31578947368421e-05
6.31572299238955e-05
6.31565651249447e-05
6.31559003399893e-05
6.31552355690287e-05
6.31545708120625e-05
6.31539060690904e-05
6.31532413401118e-05
6.31525766251263e-05
6.31519119241335e-05
6.31512472371329e-05
6.31505825641242e-05
6.31499179051067e-05
6.31492532600802e-05
6.31485886290441e-05
6.31479240119981e-05
6.31472594089417e-05
6.31465948198743e-05
6.31459302447957e-05
6.31452656837054e-05
6.31446011366028e-05
6.31439366034877e-05
6.31432720843594e-05
6.31426075792177e-05
6.3141943088062e-05
6.31412786108919e-05
6.31406141477069e-05
6.31399496985067e-05
6.31392852632908e-05
6.31386208420587e-05
6.31379564348101e-05
6.31372920415443e-05
6.31366276622611e-05
6.313596329696e-05
6.31352989456405e-05
6.31346346083022e-05
6.31339702849447e-05
6.31333059755674e-05
6.313264168017e-05
6.31319773987521e-05
6.31313131313131e-05
6.31306488778527e-05
6.31299846383704e-05
6.31293204128658e-05
6.31286562013383e-05
6.31279920037877e-05
6.31273278202134e-05
6.3126663650615e-05
6.3125999494992e-05
6.31253353533441e-05
6.31246712256707e-05
6.31240071119715e-05
6.31233430122459e-05
6.31226789264936e-05
6.31220148547142e-05
6.31213507969071e-05
6.31206867530719e-05
6.31200227232082e-05
6.31193587073155e-05
6.31186947053935e-05
6.31180307174416e-05
6.31173667434595e-05
6.31167027834466e-05
6.31160388374026e-05
6.31153749053269e-05
6.31147109872193e-05
6.31140470830791e-05
6.31133831929061e-05
6.31127193166996e-05
6.31120554544594e-05
6.31113916061849e-05
6.31107277718758e-05
6.31100639515315e-05
6.31094001451516e-05
6.31087363527358e-05
6.31080725742835e-05
6.31074088097943e-05
6.31067450592678e-05
6.31060813227035e-05
6.3105417600101e-05
6.31047538914598e-05
6.31040901967796e-05
6.31034265160598e-05
6.31027628493001e-05
6.31020991964999e-05
6.31014355576589e-05
6.31007719327766e-05
6.31001083218526e-05
6.30994447248864e-05
6.30987811418776e-05
6.30981175728257e-05
6.30974540177304e-05
6.30967904765911e-05
6.30961269494074e-05
6.30954634361789e-05
6.30947999369052e-05
6.30941364515858e-05
6.30934729802202e-05
6.30928095228081e-05
6.30921460793489e-05
6.30914826498423e-05
6.30908192342878e-05
6.30901558326849e-05
6.30894924450333e-05
6.30888290713324e-05
6.30881657115819e-05
6.30875023657813e-05
6.30868390339302e-05
6.30861757160281e-05
6.30855124120746e-05
6.30848491220692e-05
6.30841858460115e-05
6.30835225839011e-05
6.30828593357375e-05
6.30821961015203e-05
6.3081532881249e-05
6.30808696749232e-05
6.30802064825426e-05
6.30795433041065e-05
6.30788801396146e-05
6.30782169890664e-05
6.30775538524616e-05
6.30768907297996e-05
6.30762276210801e-05
6.30755645263025e-05
6.30749014454665e-05
6.30742383785716e-05
6.30735753256173e-05
6.30729122866033e-05
6.30722492615291e-05
6.30715862503942e-05
6.30709232531982e-05
6.30702602699407e-05
6.30695973006212e-05
6.30689343452393e-05
6.30682714037946e-05
6.30676084762866e-05
6.30669455627148e-05
6.30662826630789e-05
6.30656197773784e-05
6.30649569056128e-05
6.30642940477817e-05
6.30636312038847e-05
6.30629683739214e-05
6.30623055578912e-05
6.30616427557938e-05
6.30609799676287e-05
6.30603171933955e-05
6.30596544330937e-05
6.30589916867229e-05
6.30583289542827e-05
6.30576662357726e-05
6.30570035311922e-05
6.3056340840541e-05
6.30556781638187e-05
6.30550155010246e-05
6.30543528521586e-05
6.305369021722e-05
6.30530275962084e-05
6.30523649891235e-05
6.30517023959647e-05
6.30510398167316e-05
6.30503772514239e-05
6.3049714700041e-05
6.30490521625825e-05
6.3048389639048e-05
6.3047727129437e-05
6.30470646337491e-05
6.30464021519839e-05
6.30457396841408e-05
6.30450772302196e-05
6.30444147902197e-05
6.30437523641407e-05
6.30430899519822e-05
6.30424275537437e-05
6.30417651694247e-05
6.3041102799025e-05
6.30404404425439e-05
6.30397780999811e-05
6.30391157713361e-05
6.30384534566085e-05
6.30377911557979e-05
6.30371288689038e-05
6.30364665959257e-05
6.30358043368633e-05
6.30351420917161e-05
6.30344798604837e-05
6.30338176431656e-05
6.30331554397613e-05
6.30324932502705e-05
6.30318310746927e-05
6.30311689130275e-05
6.30305067652744e-05
6.3029844631433e-05
6.30291825115028e-05
6.30285204054835e-05
6.30278583133745e-05
6.30271962351755e-05
6.30265341708859e-05
6.30258721205055e-05
6.30252100840336e-05
6.30245480614699e-05
6.3023886052814e-05
6.30232240580654e-05
6.30225620772236e-05
6.30219001102883e-05
6.3021238157259e-05
6.30205762181352e-05
6.30199142929166e-05
6.30192523816026e-05
6.30185904841928e-05
6.30179286006869e-05
6.30172667310843e-05
6.30166048753847e-05
6.30159430335875e-05
6.30152812056924e-05
6.30146193916989e-05
6.30139575916065e-05
6.30132958054149e-05
6.30126340331236e-05
6.30119722747322e-05
6.30113105302402e-05
6.30106487996471e-05
6.30099870829527e-05
6.30093253801563e-05
6.30086636912575e-05
6.30080020162561e-05
6.30073403551514e-05
6.3006678707943e-05
6.30060170746306e-05
6.30053554552137e-05
6.30046938496918e-05
6.30040322580645e-05
6.30033706803314e-05
6.3002709116492e-05
6.30020475665459e-05
6.30013860304927e-05
6.30007245083318e-05
6.3000063000063e-05
6.29994015056857e-05
6.29987400251995e-05
6.2998078558604e-05
6.29974171058987e-05
6.29967556670831e-05
6.2996094242157e-05
6.29954328311197e-05
6.2994771433971e-05
6.29941100507103e-05
6.29934486813371e-05
6.29927873258512e-05
6.2992125984252e-05
6.2991464656539e-05
6.2990803342712e-05
6.29901420427703e-05
6.29894807567136e-05
6.29888194845415e-05
6.29881582262535e-05
6.29874969818491e-05
6.2986835751328e-05
6.29861745346896e-05
6.29855133319336e-05
6.29848521430596e-05
6.2984190968067e-05
6.29835298069555e-05
6.29828686597246e-05
6.29822075263738e-05
6.29815464069028e-05
6.29808853013111e-05
6.29802242095982e-05
6.29795631317637e-05
6.29789020678073e-05
6.29782410177284e-05
6.29775799815266e-05
6.29769189592014e-05
6.29762579507526e-05
6.29755969561795e-05
6.29749359754818e-05
6.2974275008659e-05
6.29736140557107e-05
6.29729531166364e-05
6.29722921914358e-05
6.29716312801083e-05
6.29709703826536e-05
6.29703094990712e-05
6.29696486293606e-05
6.29689877735215e-05
6.29683269315534e-05
6.29676661034559e-05
6.29670052892284e-05
6.29663444888707e-05
6.29656837023822e-05
6.29650229297625e-05
6.29643621710112e-05
6.29637014261278e-05
6.2963040695112e-05
6.29623799779632e-05
6.2961719274681e-05
6.2961058585265e-05
6.29603979097148e-05
6.29597372480299e-05
6.29590766002099e-05
6.29584159662543e-05
6.29577553461627e-05
6.29570947399347e-05
6.29564341475699e-05
6.29557735690677e-05
6.29551130044278e-05
6.29544524536498e-05
6.29537919167331e-05
6.29531313936774e-05
6.29524708844822e-05
6.29518103891471e-05
6.29511499076716e-05
6.29504894400554e-05
6.29498289862979e-05
6.29491685463988e-05
6.29485081203576e-05
6.29478477081738e-05
6.2947187309847e-05
6.29465269253769e-05
6.29458665547629e-05
6.29452061980046e-05
6.29445458551017e-05
6.29438855260535e-05
6.29432252108598e-05
6.29425649095201e-05
6.29419046220339e-05
6.29412443484008e-05
6.29405840886203e-05
6.29399238426922e-05
6.29392636106158e-05
6.29386033923907e-05
6.29379431880166e-05
6.2937282997493e-05
6.29366228208194e-05
6.29359626579955e-05
6.29353025090207e-05
6.29346423738947e-05
6.2933982252617e-05
6.29333221451872e-05
6.29326620516048e-05
6.29320019718694e-05
6.29313419059806e-05
6.29306818539379e-05
6.29300218157409e-05
6.29293617913892e-05
6.29287017808823e-05
6.29280417842197e-05
6.29273818014012e-05
6.29267218324261e-05
6.29260618772942e-05
6.29254019360049e-05
6.29247420085578e-05
6.29240820949524e-05
6.29234221951885e-05
6.29227623092654e-05
6.29221024371828e-05
6.29214425789402e-05
6.29207827345372e-05
6.29201229039734e-05
6.29194630872483e-05
6.29188032843615e-05
6.29181434953126e-05
6.29174837201011e-05
6.29168239587266e-05
6.29161642111886e-05
6.29155044774867e-05
6.29148447576206e-05
6.29141850515896e-05
6.29135253593935e-05
6.29128656810318e-05
6.2912206016504e-05
6.29115463658097e-05
6.29108867289484e-05
6.29102271059199e-05
6.29095674967235e-05
6.29089079013588e-05
6.29082483198255e-05
6.29075887521231e-05
6.29069291982512e-05
6.29062696582093e-05
6.29056101319969e-05
6.29049506196138e-05
6.29042911210593e-05
6.29036316363331e-05
6.29029721654348e-05
6.29023127083639e-05
6.290165326512e-05
6.29009938357026e-05
6.29003344201113e-05
6.28996750183457e-05
6.28990156304054e-05
6.28983562562898e-05
6.28976968959987e-05
6.28970375495314e-05
6.28963782168877e-05
6.2895718898067e-05
6.2895059593069e-05
6.28944003018931e-05
6.2893741024539e-05
6.28930817610063e-05
6.28924225112944e-05
6.2891763275403e-05
6.28911040533317e-05
6.28904448450799e-05
6.28897856506472e-05
6.28891264700333e-05
6.28884673032377e-05
6.28878081502599e-05
6.28871490110996e-05
6.28864898857562e-05
6.28858307742294e-05
6.28851716765187e-05
6.28845125926237e-05
6.28838535225439e-05
6.28831944662789e-05
6.28825354238283e-05
6.28818763951916e-05
6.28812173803685e-05
6.28805583793584e-05
6.2879899392161e-05
6.28792404187757e-05
6.28785814592023e-05
6.28779225134402e-05
6.28772635814889e-05
6.28766046633482e-05
6.28759457590175e-05
6.28752868684963e-05
6.28746279917844e-05
6.28739691288812e-05
6.28733102797862e-05
6.28726514444992e-05
6.28719926230195e-05
6.28713338153469e-05
6.28706750214808e-05
6.28700162414209e-05
6.28693574751666e-05
6.28686987227176e-05
6.28680399840734e-05
6.28673812592336e-05
6.28667225481978e-05
6.28660638509655e-05
6.28654051675363e-05
6.28647464979098e-05
6.28640878420854e-05
6.28634292000629e-05
6.28627705718417e-05
6.28621119574214e-05
6.28614533568016e-05
6.28607947699819e-05
6.28601361969618e-05
6.28594776377408e-05
6.28588190923187e-05
6.28581605606948e-05
6.28575020428688e-05
6.28568435388403e-05
6.28561850486088e-05
6.28555265721739e-05
6.28548681095351e-05
6.2854209660692e-05
6.28535512256442e-05
6.28528928043913e-05
6.28522343969328e-05
6.28515760032683e-05
6.28509176233973e-05
6.28502592573194e-05
6.28496009050342e-05
6.28489425665413e-05
6.28482842418402e-05
6.28476259309305e-05
6.28469676338117e-05
6.28463093504834e-05
6.28456510809452e-05
6.28449928251967e-05
6.28443345832373e-05
6.28436763550668e-05
6.28430181406846e-05
6.28423599400903e-05
6.28417017532835e-05
6.28410435802637e-05
6.28403854210306e-05
6.28397272755836e-05
6.28390691439224e-05
6.28384110260465e-05
6.28377529219555e-05
6.28370948316489e-05
6.28364367551264e-05
6.28357786923874e-05
6.28351206434316e-05
6.28344626082585e-05
6.28338045868677e-05
6.28331465792588e-05
6.28324885854312e-05
6.28318306053847e-05
6.28311726391187e-05
6.28305146866328e-05
6.28298567479266e-05
6.28291988229997e-05
6.28285409118516e-05
6.28278830144818e-05
6.28272251308901e-05
6.28265672610758e-05
6.28259094050386e-05
6.28252515627781e-05
6.28245937342938e-05
6.28239359195854e-05
6.28232781186522e-05
6.2822620331494e-05
6.28219625581103e-05
6.28213047985007e-05
6.28206470526646e-05
6.28199893206018e-05
6.28193316023118e-05
6.2818673897794e-05
6.28180162070482e-05
6.28173585300738e-05
6.28167008668705e-05
6.28160432174377e-05
6.28153855817752e-05
6.28147279598823e-05
6.28140703517588e-05
6.28134127574041e-05
6.28127551768179e-05
6.28120976099997e-05
6.2811440056949e-05
6.28107825176655e-05
6.28101249921487e-05
6.28094674803982e-05
6.28088099824135e-05
6.28081524981943e-05
6.280749502774e-05
6.28068375710502e-05
6.28061801281246e-05
6.28055226989627e-05
6.2804865283564e-05
6.28042078819281e-05
6.28035504940546e-05
6.28028931199431e-05
6.2802235759593e-05
6.28015784130041e-05
6.28009210801758e-05
6.28002637611078e-05
6.27996064557995e-05
6.27989491642506e-05
6.27982918864607e-05
6.27976346224292e-05
6.27969773721558e-05
6.27963201356401e-05
6.27956629128815e-05
6.27950057038797e-05
6.27943485086342e-05
6.27936913271447e-05
6.27930341594106e-05
6.27923770054315e-05
6.27917198652071e-05
6.27910627387369e-05
6.27904056260203e-05
6.27897485270571e-05
6.27890914418468e-05
6.2788434370389e-05
6.27877773126831e-05
6.27871202687289e-05
6.27864632385258e-05
6.27858062220734e-05
6.27851492193713e-05
6.27844922304191e-05
6.27838352552163e-05
6.27831782937625e-05
6.27825213460573e-05
6.27818644121002e-05
6.27812074918908e-05
6.27805505854286e-05
6.27798936927133e-05
6.27792368137445e-05
6.27785799485216e-05
6.27779230970442e-05
6.2777266259312e-05
6.27766094353244e-05
6.27759526250811e-05
6.27752958285816e-05
6.27746390458255e-05
6.27739822768123e-05
6.27733255215417e-05
6.27726687800132e-05
6.27720120522263e-05
6.27713553381807e-05
6.27706986378758e-05
6.27700419513114e-05
6.27693852784868e-05
6.27687286194018e-05
6.27680719740559e-05
6.27674153424486e-05
6.27667587245795e-05
6.27661021204482e-05
6.27654455300542e-05
6.27647889533971e-05
6.27641323904766e-05
6.27634758412921e-05
6.27628193058432e-05
6.27621627841295e-05
6.27615062761506e-05
6.2760849781906e-05
6.27601933013954e-05
6.27595368346182e-05
6.2758880381574e-05
6.27582239422624e-05
6.27575675166831e-05
6.27569111048354e-05
6.27562547067191e-05
6.27555983223337e-05
6.27549419516787e-05
6.27542855947537e-05
6.27536292515584e-05
6.27529729220922e-05
6.27523166063547e-05
6.27516603043456e-05
6.27510040160643e-05
6.27503477415104e-05
6.27496914806835e-05
6.27490352335833e-05
6.27483790002092e-05
6.27477227805608e-05
6.27470665746376e-05
6.27464103824394e-05
6.27457542039655e-05
6.27450980392157e-05
6.27444418881894e-05
6.27437857508863e-05
6.27431296273058e-05
6.27424735174476e-05
6.27418174213113e-05
6.27411613388964e-05
6.27405052702024e-05
6.27398492152291e-05
6.27391931739758e-05
6.27385371464422e-05
6.27378811326279e-05
6.27372251325324e-05
6.27365691461553e-05
6.27359131734962e-05
6.27352572145546e-05
6.27346012693301e-05
6.27339453378223e-05
6.27332894200307e-05
6.2732633515955e-05
6.27319776255946e-05
6.27313217489493e-05
6.27306658860184e-05
6.27300100368016e-05
6.27293542012985e-05
6.27286983795086e-05
6.27280425714316e-05
6.27273867770669e-05
6.27267309964141e-05
6.27260752294729e-05
6.27254194762427e-05
6.27247637367233e-05
6.2724108010914e-05
6.27234522988145e-05
6.27227966004244e-05
6.27221409157433e-05
6.27214852447706e-05
6.2720829587506e-05
6.27201739439491e-05
6.27195183140993e-05
6.27188626979564e-05
6.27182070955198e-05
6.27175515067892e-05
6.2716895931764e-05
6.27162403704439e-05
6.27155848228285e-05
6.27149292889172e-05
6.27142737687098e-05
6.27136182622056e-05
6.27129627694044e-05
6.27123072903057e-05
6.27116518249091e-05
6.2710996373214e-05
6.27103409352202e-05
6.27096855109272e-05
6.27090301003344e-05
6.27083747034416e-05
6.27077193202483e-05
6.27070639507541e-05
6.27064085949584e-05
6.2705753252861e-05
6.27050979244613e-05
6.27044426097589e-05
6.27037873087534e-05
6.27031320214445e-05
6.27024767478315e-05
6.27018214879142e-05
6.27011662416921e-05
6.27005110091647e-05
6.26998557903317e-05
6.26992005851925e-05
6.26985453937469e-05
6.26978902159942e-05
6.26972350519342e-05
6.26965799015664e-05
6.26959247648903e-05
6.26952696419055e-05
6.26946145326117e-05
6.26939594370082e-05
6.26933043550949e-05
6.26926492868711e-05
6.26919942323365e-05
6.26913391914907e-05
6.26906841643332e-05
6.26900291508636e-05
6.26893741510814e-05
6.26887191649863e-05
6.26880641925777e-05
6.26874092338554e-05
6.26867542888188e-05
6.26860993574675e-05
6.26854444398011e-05
6.26847895358191e-05
6.26841346455212e-05
6.26834797689069e-05
6.26828249059758e-05
6.26821700567274e-05
6.26815152211613e-05
6.26808603992771e-05
6.26802055910743e-05
6.26795507965526e-05
6.26788960157115e-05
6.26782412485506e-05
6.26775864950694e-05
6.26769317552675e-05
6.26762770291445e-05
6.26756223166999e-05
6.26749676179334e-05
6.26743129328445e-05
6.26736582614327e-05
6.26730036036977e-05
6.2672348959639e-05
6.26716943292562e-05
6.26710397125488e-05
6.26703851095165e-05
6.26697305201588e-05
6.26690759444752e-05
6.26684213824654e-05
6.26677668341289e-05
6.26671122994652e-05
6.26664577784741e-05
6.26658032711549e-05
6.26651487775074e-05
6.2664494297531e-05
6.26638398312254e-05
6.26631853785901e-05
6.26625309396247e-05
6.26618765143287e-05
6.26612221027017e-05
6.26605677047434e-05
6.26599133204532e-05
6.26592589498308e-05
6.26586045928757e-05
6.26579502495875e-05
6.26572959199657e-05
6.265664160401e-05
6.26559873017199e-05
6.2655333013095e-05
6.26546787381348e-05
6.26540244768389e-05
6.26533702292069e-05
6.26527159952384e-05
6.26520617749329e-05
6.265140756829e-05
6.26507533753093e-05
6.26500991959904e-05
6.26494450303328e-05
6.2648790878336e-05
6.26481367399998e-05
6.26474826153236e-05
6.2646828504307e-05
6.26461744069495e-05
6.26455203232509e-05
6.26448662532106e-05
6.26442121968281e-05
6.26435581541032e-05
6.26429041250352e-05
6.26422501096239e-05
6.26415961078688e-05
6.26409421197695e-05
6.26402881453255e-05
6.26396341845364e-05
6.26389802374017e-05
6.26383263039212e-05
6.26376723840942e-05
6.26370184779205e-05
6.26363645853995e-05
6.26357107065308e-05
6.26350568413141e-05
6.26344029897488e-05
6.26337491518347e-05
6.26330953275711e-05
6.26324415169577e-05
6.26317877199941e-05
6.26311339366799e-05
6.26304801670146e-05
6.26298264109978e-05
6.2629172668629e-05
6.26285189399079e-05
6.2627865224834e-05
6.26272115234069e-05
6.26265578356262e-05
6.26259041614913e-05
6.2625250501002e-05
6.26245968541577e-05
6.26239432209582e-05
6.26232896014028e-05
6.26226359954912e-05
6.26219824032229e-05
6.26213288245977e-05
6.26206752596149e-05
6.26200217082742e-05
6.26193681705752e-05
6.26187146465174e-05
6.26180611361004e-05
6.26174076393237e-05
6.26167541561871e-05
6.26161006866899e-05
6.26154472308318e-05
6.26147937886125e-05
6.26141403600313e-05
6.2613486945088e-05
6.2612833543782e-05
6.2612180156113e-05
6.26115267820806e-05
6.26108734216842e-05
6.26102200749236e-05
6.26095667417981e-05
6.26089134223076e-05
6.26082601164514e-05
6.26076068242291e-05
6.26069535456405e-05
6.26063002806849e-05
6.2605647029362e-05
6.26049937916714e-05
6.26043405676127e-05
6.26036873571853e-05
6.2603034160389e-05
6.26023809772232e-05
6.26017278076875e-05
6.26010746517815e-05
6.26004215095048e-05
6.2599768380857e-05
6.25991152658376e-05
6.25984621644462e-05
6.25978090766823e-05
6.25971560025456e-05
6.25965029420356e-05
6.2595849895152e-05
6.25951968618941e-05
6.25945438422618e-05
6.25938908362544e-05
6.25932378438716e-05
6.2592584865113e-05
6.25919318999781e-05
6.25912789484665e-05
6.25906260105778e-05
6.25899730863116e-05
6.25893201756674e-05
6.25886672786448e-05
6.25880143952433e-05
6.25873615254626e-05
6.25867086693023e-05
6.25860558267618e-05
6.25854029978408e-05
6.25847501825389e-05
6.25840973808555e-05
6.25834445927904e-05
6.2582791818343e-05
6.2582139057513e-05
6.25814863102999e-05
6.25808335767032e-05
6.25801808567227e-05
6.25795281503577e-05
6.2578875457608e-05
6.25782227784731e-05
6.25775701129525e-05
6.25769174610459e-05
6.25762648227527e-05
6.25756121980727e-05
6.25749595870053e-05
6.25743069895501e-05
6.25736544057067e-05
6.25730018354747e-05
6.25723492788537e-05
6.25716967358432e-05
6.25710442064427e-05
6.2570391690652e-05
6.25697391884705e-05
6.25690866998978e-05
6.25684342249335e-05
6.25677817635772e-05
6.25671293158284e-05
6.25664768816868e-05
6.25658244611518e-05
6.25651720542231e-05
6.25645196609003e-05
6.25638672811829e-05
6.25632149150704e-05
6.25625625625626e-05
6.25619102236588e-05
6.25612578983588e-05
6.25606055866621e-05
6.25599532885682e-05
6.25593010040768e-05
6.25586487331874e-05
6.25579964758995e-05
6.25573442322129e-05
6.25566920021269e-05
6.25560397856413e-05
6.25553875827556e-05
6.25547353934693e-05
6.2554083217782e-05
6.25534310556934e-05
6.2552778907203e-05
6.25521267723103e-05
6.25514746510149e-05
6.25508225433164e-05
6.25501704492145e-05
6.25495183687086e-05
6.25488663017983e-05
6.25482142484832e-05
6.25475622087629e-05
6.2546910182637e-05
6.2546258170105e-05
6.25456061711665e-05
6.25449541858211e-05
6.25443022140683e-05
6.25436502559078e-05
6.2542998311339e-05
6.25423463803617e-05
6.25416944629753e-05
6.25410425591795e-05
6.25403906689737e-05
6.25397387923576e-05
6.25390869293308e-05
6.25384350798929e-05
6.25377832440433e-05
6.25371314217817e-05
6.25364796131077e-05
6.25358278180207e-05
6.25351760365205e-05
6.25345242686066e-05
6.25338725142786e-05
6.25332207735359e-05
6.25325690463783e-05
6.25319173328053e-05
6.25312656328164e-05
6.25306139464113e-05
6.25299622735894e-05
6.25293106143505e-05
6.2528658968694e-05
6.25280073366195e-05
6.25273557181267e-05
6.2526704113215e-05
6.25260525218841e-05
6.25254009441336e-05
6.25247493799629e-05
6.25240978293717e-05
6.25234462923596e-05
6.25227947689262e-05
6.25221432590709e-05
6.25214917627935e-05
6.25208402800934e-05
6.25201888109702e-05
6.25195373554236e-05
6.2518885913453e-05
6.25182344850581e-05
6.25175830702385e-05
6.25169316689937e-05
6.25162802813233e-05
6.25156289072268e-05
6.25149775467039e-05
6.25143261997541e-05
6.2513674866377e-05
6.25130235465722e-05
6.25123722403392e-05
6.25117209476777e-05
6.25110696685871e-05
6.25104184030672e-05
6.25097671511174e-05
6.25091159127373e-05
6.25084646879265e-05
6.25078134766846e-05
6.25071622790111e-05
6.25065110949057e-05
6.25058599243679e-05
6.25052087673973e-05
6.25045576239934e-05
6.25039064941559e-05
6.25032553778843e-05
6.25026042751781e-05
6.25019531860371e-05
6.25013021104606e-05
6.25006510484484e-05
6.25e-05
6.24993489651149e-05
6.24986979437928e-05
6.24980469360332e-05
6.24973959418358e-05
6.24967449611999e-05
6.24960939941254e-05
6.24954430406116e-05
6.24947921006583e-05
6.24941411742649e-05
6.24934902614311e-05
6.24928393621564e-05
6.24921884764404e-05
6.24915376042828e-05
6.24908867456829e-05
6.24902359006405e-05
6.24895850691551e-05
6.24889342512264e-05
6.24882834468537e-05
6.24876326560368e-05
6.24869818787753e-05
6.24863311150686e-05
6.24856803649164e-05
6.24850296283182e-05
6.24843789052737e-05
6.24837281957824e-05
6.24830774998438e-05
6.24824268174576e-05
6.24817761486233e-05
6.24811254933406e-05
6.24804748516089e-05
6.24798242234279e-05
6.24791736087971e-05
6.24785230077161e-05
6.24778724201845e-05
6.24772218462019e-05
6.24765712857678e-05
6.24759207388819e-05
6.24752702055436e-05
6.24746196857527e-05
6.24739691795085e-05
6.24733186868108e-05
6.24726682076591e-05
6.2472017742053e-05
6.24713672899921e-05
6.24707168514759e-05
6.2470066426504e-05
6.2469416015076e-05
6.24687656171914e-05
6.24681152328499e-05
6.2467464862051e-05
6.24668145047943e-05
6.24661641610794e-05
6.24655138309058e-05
6.24648635142732e-05
6.24642132111811e-05
6.2463562921629e-05
6.24629126456167e-05
6.24622623831435e-05
6.24616121342092e-05
6.24609618988132e-05
6.24603116769553e-05
6.24596614686348e-05
6.24590112738515e-05
6.24583610926049e-05
6.24577109248946e-05
6.24570607707201e-05
6.24564106300811e-05
6.24557605029771e-05
6.24551103894076e-05
6.24544602893723e-05
6.24538102028708e-05
6.24531601299026e-05
6.24525100704672e-05
6.24518600245644e-05
6.24512099921936e-05
6.24505599733544e-05
6.24499099680465e-05
6.24492599762693e-05
6.24486099980225e-05
6.24479600333056e-05
6.24473100821182e-05
6.24466601444599e-05
6.24460102203303e-05
6.2445360309729e-05
6.24447104126555e-05
6.24440605291093e-05
6.24434106590902e-05
6.24427608025976e-05
6.24421109596312e-05
6.24414611301904e-05
6.2440811314275e-05
6.24401615118844e-05
6.24395117230183e-05
6.24388619476762e-05
6.24382121858577e-05
6.24375624375624e-05
6.24369127027899e-05
6.24362629815397e-05
6.24356132738114e-05
6.24349635796046e-05
6.24343138989188e-05
6.24336642317538e-05
6.24330145781089e-05
6.24323649379838e-05
6.24317153113782e-05
6.24310656982915e-05
6.24304160987233e-05
6.24297665126732e-05
6.24291169401409e-05
6.24284673811258e-05
6.24278178356276e-05
6.24271683036457e-05
6.242651878518e-05
6.24258692802297e-05
6.24252197887947e-05
6.24245703108744e-05
6.24239208464684e-05
6.24232713955763e-05
6.24226219581977e-05
6.24219725343321e-05
6.24213231239792e-05
6.24206737271384e-05
6.24200243438095e-05
6.24193749739919e-05
6.24187256176853e-05
6.24180762748892e-05
6.24174269456032e-05
6.24167776298269e-05
6.24161283275598e-05
6.24154790388016e-05
6.24148297635518e-05
6.241418050181e-05
6.24135312535758e-05
6.24128820188487e-05
6.24122327976283e-05
6.24115835899143e-05
6.24109343957061e-05
6.24102852150034e-05
6.24096360478058e-05
6.24089868941128e-05
6.24083377539239e-05
6.24076886272389e-05
6.24070395140572e-05
6.24063904143784e-05
6.24057413282022e-05
6.24050922555281e-05
6.24044431963556e-05
6.24037941506844e-05
6.2403145118514e-05
6.2402496099844e-05
6.2401847094674e-05
6.24011981030036e-05
6.24005491248323e-05
6.23999001601597e-05
6.23992512089855e-05
6.23986022713091e-05
6.23979533471302e-05
6.23973044364483e-05
6.23966555392631e-05
6.2396006655574e-05
6.23953577853808e-05
6.23947089286828e-05
6.23940600854799e-05
6.23934112557714e-05
6.2392762439557e-05
6.23921136368363e-05
6.23914648476088e-05
6.23908160718742e-05
6.2390167309632e-05
6.23895185608818e-05
6.23888698256231e-05
6.23882211038556e-05
6.23875723955788e-05
6.23869237007923e-05
6.23862750194957e-05
6.23856263516886e-05
6.23849776973705e-05
6.2384329056541e-05
6.23836804291997e-05
6.23830318153462e-05
6.23823832149801e-05
6.23817346281009e-05
6.23810860547082e-05
6.23804374948016e-05
6.23797889483807e-05
6.23791404154451e-05
6.23784918959943e-05
6.23778433900279e-05
6.23771948975455e-05
6.23765464185466e-05
6.2375897953031e-05
6.2375249500998e-05
6.23746010624474e-05
6.23739526373786e-05
6.23733042257914e-05
6.23726558276851e-05
6.23720074430596e-05
6.23713590719142e-05
6.23707107142486e-05
6.23700623700624e-05
6.23694140393551e-05
6.23687657221264e-05
6.23681174183757e-05
6.23674691281028e-05
6.23668208513071e-05
6.23661725879883e-05
6.23655243381459e-05
6.23648761017795e-05
6.23642278788887e-05
6.2363579669473e-05
6.23629314735321e-05
6.23622832910656e-05
6.23616351220729e-05
6.23609869665537e-05
6.23603388245076e-05
6.23596906959342e-05
6.23590425808329e-05
6.23583944792035e-05
6.23577463910454e-05
6.23570983163583e-05
6.23564502551418e-05
6.23558022073954e-05
6.23551541731187e-05
6.23545061523113e-05
6.23538581449727e-05
6.23532101511026e-05
6.23525621707005e-05
6.23519142037661e-05
6.23512662502988e-05
6.23506183102982e-05
6.23499703837641e-05
6.23493224706958e-05
6.23486745710931e-05
6.23480266849554e-05
6.23473788122824e-05
6.23467309530737e-05
6.23460831073288e-05
6.23454352750473e-05
6.23447874562288e-05
6.23441396508728e-05
6.2343491858979e-05
6.2342844080547e-05
6.23421963155762e-05
6.23415485640663e-05
6.23409008260169e-05
6.23402531014276e-05
6.23396053902979e-05
6.23389576926274e-05
6.23383100084157e-05
6.23376623376623e-05
6.2337014680367e-05
6.23363670365291e-05
6.23357194061484e-05
6.23350717892243e-05
6.23344241857566e-05
6.23337765957447e-05
6.23331290191882e-05
6.23324814560868e-05
6.23318339064399e-05
6.23311863702472e-05
6.23305388475083e-05
6.23298913382228e-05
6.23292438423901e-05
6.232859636001e-05
6.23279488910819e-05
6.23273014356055e-05
6.23266539935804e-05
6.2326006565006e-05
6.23253591498821e-05
6.23247117482082e-05
6.23240643599838e-05
6.23234169852086e-05
6.23227696238821e-05
6.23221222760039e-05
6.23214749415736e-05
6.23208276205908e-05
6.2320180313055e-05
6.23195330189659e-05
6.2318885738323e-05
6.23182384711259e-05
6.23175912173741e-05
6.23169439770674e-05
6.23162967502051e-05
6.2315649536787e-05
6.23150023368126e-05
6.23143551502815e-05
6.23137079771932e-05
6.23130608175474e-05
6.23124136713436e-05
6.23117665385814e-05
6.23111194192604e-05
6.23104723133801e-05
6.23098252209402e-05
6.23091781419403e-05
6.23085310763799e-05
6.23078840242585e-05
6.23072369855759e-05
6.23065899603315e-05
6.23059429485249e-05
6.23052959501558e-05
6.23046489652236e-05
6.23040019937281e-05
6.23033550356687e-05
6.2302708091045e-05
6.23020611598567e-05
6.23014142421033e-05
6.23007673377844e-05
6.23001204468995e-05
6.22994735694483e-05
6.22988267054304e-05
6.22981798548452e-05
6.22975330176925e-05
6.22968861939717e-05
6.22962393836825e-05
6.22955925868245e-05
6.22949458033971e-05
6.22942990334001e-05
6.2293652276833e-05
6.22930055336953e-05
6.22923588039867e-05
6.22917120877067e-05
6.2291065384855e-05
6.2290418695431e-05
6.22897720194344e-05
6.22891253568648e-05
6.22884787077217e-05
6.22878320720047e-05
6.22871854497135e-05
6.22865388408475e-05
6.22858922454064e-05
6.22852456633898e-05
6.22845990947972e-05
6.22839525396282e-05
6.22833059978824e-05
6.22826594695593e-05
6.22820129546587e-05
6.228136645318e-05
6.22807199651228e-05
6.22800734904867e-05
6.22794270292713e-05
6.22787805814762e-05
6.2278134147101e-05
6.22774877261451e-05
6.22768413186083e-05
6.22761949244901e-05
6.22755485437901e-05
6.22749021765078e-05
6.22742558226429e-05
6.22736094821949e-05
6.22729631551635e-05
6.22723168415481e-05
6.22716705413484e-05
6.22710242545639e-05
6.22703779811943e-05
6.22697317212392e-05
6.2269085474698e-05
6.22684392415704e-05
6.2267793021856e-05
6.22671468155543e-05
6.2266500622665e-05
6.22658544431876e-05
6.22652082771217e-05
6.22645621244669e-05
6.22639159852227e-05
6.22632698593888e-05
6.22626237469647e-05
6.226197764795e-05
6.22613315623443e-05
6.22606854901472e-05
6.22600394313583e-05
6.22593933859771e-05
6.22587473540032e-05
6.22581013354363e-05
6.22574553302758e-05
6.22568093385214e-05
6.22561633601727e-05
6.22555173952292e-05
6.22548714436905e-05
6.22542255055562e-05
6.22535795808259e-05
6.22529336694992e-05
6.22522877715756e-05
6.22516418870548e-05
6.22509960159363e-05
6.22503501582196e-05
6.22497043139045e-05
6.22490584829904e-05
6.2248412665477e-05
6.22477668613639e-05
6.22471210706505e-05
6.22464752933365e-05
6.22458295294215e-05
6.22451837789051e-05
6.22445380417868e-05
6.22438923180663e-05
6.22432466077431e-05
6.22426009108167e-05
6.22419552272869e-05
6.22413095571531e-05
6.22406639004149e-05
6.2240018257072e-05
6.22393726271239e-05
6.22387270105702e-05
6.22380814074105e-05
6.22374358176443e-05
6.22367902412713e-05
6.2236144678291e-05
6.2235499128703e-05
6.22348535925069e-05
6.22342080697023e-05
6.22335625602888e-05
6.22329170642659e-05
6.22322715816332e-05
6.22316261123903e-05
6.22309806565368e-05
6.22303352140724e-05
6.22296897849964e-05
6.22290443693086e-05
6.22283989670086e-05
6.22277535780958e-05
6.222710820257e-05
6.22264628404306e-05
6.22258174916773e-05
6.22251721563096e-05
6.22245268343272e-05
6.22238815257296e-05
6.22232362305164e-05
6.22225909486871e-05
6.22219456802414e-05
6.22213004251789e-05
6.22206551834991e-05
6.22200099552016e-05
6.2219364740286e-05
6.22187195387519e-05
6.22180743505988e-05
6.22174291758265e-05
6.22167840144343e-05
6.22161388664219e-05
6.2215493731789e-05
6.2214848610535e-05
6.22142035026597e-05
6.22135584081624e-05
6.22129133270429e-05
6.22122682593007e-05
6.22116232049355e-05
6.22109781639467e-05
6.2210333136334e-05
6.22096881220969e-05
6.22090431212351e-05
6.22083981337481e-05
6.22077531596355e-05
6.22071081988969e-05
6.22064632515318e-05
6.220581831754e-05
6.22051733969209e-05
6.22045284896741e-05
6.22038835957992e-05
6.22032387152958e-05
6.22025938481635e-05
6.22019489944018e-05
6.22013041540104e-05
6.22006593269889e-05
6.22000145133367e-05
6.21993697130536e-05
6.2198724926139e-05
6.21980801525926e-05
6.2197435392414e-05
6.21967906456027e-05
6.21961459121583e-05
6.21955011920804e-05
6.21948564853687e-05
6.21942117920226e-05
6.21935671120417e-05
6.21929224454257e-05
6.21922777921741e-05
6.21916331522866e-05
6.21909885257626e-05
6.21903439126018e-05
6.21896993128038e-05
6.21890547263682e-05
6.21884101532944e-05
6.21877655935822e-05
6.21871210472311e-05
6.21864765142407e-05
6.21858319946106e-05
6.21851874883403e-05
6.21845429954294e-05
6.21838985158776e-05
6.21832540496844e-05
6.21826095968494e-05
6.21819651573722e-05
6.21813207312523e-05
6.21806763184894e-05
6.2180031919083e-05
6.21793875330328e-05
6.21787431603383e-05
6.2178098800999e-05
6.21774544550146e-05
6.21768101223847e-05
6.21761658031088e-05
6.21755214971866e-05
6.21748772046175e-05
6.21742329254013e-05
6.21735886595374e-05
6.21729444070255e-05
6.21723001678652e-05
6.2171655942056e-05
6.21710117295975e-05
6.21703675304894e-05
6.21697233447311e-05
6.21690791723223e-05
6.21684350132626e-05
6.21677908675515e-05
6.21671467351887e-05
6.21665026161737e-05
6.2165858510506e-05
6.21652144181854e-05
6.21645703392113e-05
6.21639262735834e-05
6.21632822213013e-05
6.21626381823645e-05
6.21619941567725e-05
6.21613501445251e-05
6.21607061456218e-05
6.21600621600622e-05
6.21594181878458e-05
6.21587742289722e-05
6.21581302834411e-05
6.2157486351252e-05
6.21568424324044e-05
6.21561985268981e-05
6.21555546347325e-05
6.21549107559073e-05
6.2154266890422e-05
6.21536230382763e-05
6.21529791994696e-05
6.21523353740017e-05
6.2151691561872e-05
6.21510477630802e-05
6.21504039776259e-05
6.21497602055085e-05
6.21491164467278e-05
6.21484727012834e-05
6.21478289691747e-05
6.21471852504014e-05
6.2146541544963e-05
7.25035474950024e-05
7.25027965364378e-05
7.25020455934292e-05
7.25012946659762e-05
7.25005437540782e-05
7.24997928577347e-05
7.24990419769453e-05
7.24982911117095e-05
7.24975402620268e-05
7.24967894278968e-05
7.24960386093188e-05
7.24952878062926e-05
7.24945370188175e-05
7.24937862468931e-05
7.24930354905189e-05
7.24922847496945e-05
7.24915340244193e-05
7.24907833146928e-05
7.24900326205147e-05
7.24892819418843e-05
7.24885312788012e-05
7.2487780631265e-05
7.24870299992751e-05
7.24862793828311e-05
7.24855287819325e-05
7.24847781965787e-05
7.24840276267694e-05
7.2483277072504e-05
7.2482526533782e-05
7.24817760106031e-05
7.24810255029665e-05
7.2480275010872e-05
7.24795245343191e-05
7.24787740733071e-05
7.24780236278357e-05
7.24772731979044e-05
7.24765227835126e-05
7.247577238466e-05
7.2475022001346e-05
7.24742716335701e-05
7.24735212813319e-05
7.24727709446308e-05
7.24720206234664e-05
7.24712703178383e-05
7.24705200277459e-05
7.24697697531887e-05
7.24690194941663e-05
7.24682692506781e-05
7.24675190227237e-05
7.24667688103027e-05
7.24660186134145e-05
7.24652684320586e-05
7.24645182662346e-05
7.2463768115942e-05
7.24630179811803e-05
7.2462267861949e-05
7.24615177582477e-05
7.24607676700758e-05
7.24600175974329e-05
7.24592675403184e-05
7.2458517498732e-05
7.24577674726731e-05
7.24570174621412e-05
7.24562674671359e-05
7.24555174876567e-05
7.24547675237031e-05
7.24540175752745e-05
7.24532676423707e-05
7.24525177249909e-05
7.24517678231349e-05
7.2451017936802e-05
7.24502680659918e-05
7.24495182107039e-05
7.24487683709377e-05
7.24480185466928e-05
7.24472687379686e-05
7.24465189447647e-05
7.24457691670806e-05
7.24450194049159e-05
7.244426965827e-05
7.24435199271425e-05
7.24427702115329e-05
7.24420205114407e-05
7.24412708268654e-05
7.24405211578065e-05
7.24397715042636e-05
7.24390218662362e-05
7.24382722437237e-05
7.24375226367258e-05
7.24367730452419e-05
7.24360234692716e-05
7.24352739088143e-05
7.24345243638697e-05
7.24337748344371e-05
7.24330253205161e-05
7.24322758221063e-05
7.24315263392072e-05
7.24307768718182e-05
7.2430027419939e-05
7.24292779835689e-05
7.24285285627076e-05
7.24277791573545e-05
7.24270297675092e-05
7.24262803931712e-05
7.242553103434e-05
7.24247816910152e-05
7.24240323631962e-05
7.24232830508825e-05
7.24225337540738e-05
7.24217844727694e-05
7.2421035206969e-05
7.2420285956672e-05
7.24195367218779e-05
7.24187875025864e-05
7.24180382987968e-05
7.24172891105088e-05
7.24165399377218e-05
7.24157907804353e-05
7.24150416386489e-05
7.24142925123622e-05
7.24135434015745e-05
7.24127943062854e-05
7.24120452264945e-05
7.24112961622013e-05
7.24105471134053e-05
7.24097980801059e-05
7.24090490623028e-05
7.24083000599954e-05
7.24075510731833e-05
7.2406802101866e-05
7.2406053146043e-05
7.24053042057138e-05
7.2404555280878e-05
7.2403806371535e-05
7.24030574776843e-05
7.24023085993256e-05
7.24015597364583e-05
7.2400810889082e-05
7.2400062057196e-05
7.23993132408001e-05
7.23985644398937e-05
7.23978156544763e-05
7.23970668845474e-05
7.23963181301065e-05
7.23955693911533e-05
7.23948206676871e-05
7.23940719597075e-05
7.23933232672141e-05
7.23925745902063e-05
7.23918259286837e-05
7.23910772826458e-05
7.23903286520921e-05
7.23895800370221e-05
7.23888314374354e-05
7.23880828533314e-05
7.23873342847097e-05
7.23865857315699e-05
7.23858371939113e-05
7.23850886717336e-05
7.23843401650363e-05
7.23835916738189e-05
7.23828431980808e-05
7.23820947378217e-05
7.2381346293041e-05
7.23805978637384e-05
7.23798494499131e-05
7.23791010515649e-05
7.23783526686933e-05
7.23776043012976e-05
7.23768559493776e-05
7.23761076129326e-05
7.23753592919622e-05
7.2374610986466e-05
7.23738626964433e-05
7.23731144218939e-05
7.23723661628171e-05
7.23716179192126e-05
7.23708696910798e-05
7.23701214784182e-05
7.23693732812274e-05
7.23686250995069e-05
7.23678769332561e-05
7.23671287824747e-05
7.23663806471622e-05
7.2365632527318e-05
7.23648844229417e-05
7.23641363340328e-05
7.23633882605909e-05
7.23626402026154e-05
7.23618921601058e-05
7.23611441330618e-05
7.23603961214828e-05
7.23596481253683e-05
7.23589001447178e-05
7.23581521795309e-05
7.23574042298071e-05
7.23566562955459e-05
7.23559083767469e-05
7.23551604734095e-05
7.23544125855332e-05
7.23536647131177e-05
7.23529168561624e-05
7.23521690146668e-05
7.23514211886305e-05
7.23506733780529e-05
7.23499255829337e-05
7.23491778032722e-05
7.23484300390682e-05
7.23476822903209e-05
7.23469345570301e-05
7.23461868391951e-05
7.23454391368156e-05
7.2344691449891e-05
7.23439437784208e-05
7.23431961224047e-05
7.2342448481842e-05
7.23417008567324e-05
7.23409532470754e-05
7.23402056528704e-05
7.23394580741169e-05
7.23387105108146e-05
7.2337962962963e-05
7.23372154305614e-05
7.23364679136096e-05
7.23357204121069e-05
7.2334972926053e-05
7.23342254554473e-05
7.23334780002893e-05
7.23327305605787e-05
7.23319831363148e-05
7.23312357274972e-05
7.23304883341255e-05
7.23297409561992e-05
7.23289935937177e-05
7.23282462466807e-05
7.23274989150875e-05
7.23267515989378e-05
7.23260042982311e-05
7.23252570129669e-05
7.23245097431447e-05
7.2323762488764e-05
7.23230152498244e-05
7.23222680263253e-05
7.23215208182663e-05
7.2320773625647e-05
7.23200264484668e-05
7.23192792867253e-05
7.23185321404219e-05
7.23177850095563e-05
7.23170378941279e-05
7.23162907941362e-05
7.23155437095808e-05
7.23147966404612e-05
7.23140495867769e-05
7.23133025485274e-05
7.23125555257123e-05
7.2311808518331e-05
7.23110615263832e-05
7.23103145498683e-05
7.23095675887858e-05
7.23088206431353e-05
7.23080737129163e-05
7.23073267981283e-05
7.23065798987708e-05
7.23058330148433e-05
7.23050861463455e-05
7.23043392932767e-05
7.23035924556366e-05
7.23028456334246e-05
7.23020988266402e-05
7.23013520352831e-05
7.23006052593526e-05
7.22998584988484e-05
7.22991117537699e-05
7.22983650241167e-05
7.22976183098883e-05
7.22968716110841e-05
7.22961249277039e-05
7.2295378259747e-05
7.22946316072129e-05
7.22938849701013e-05
7.22931383484116e-05
7.22923917421434e-05
7.22916451512961e-05
7.22908985758693e-05
7.22901520158625e-05
7.22894054712753e-05
7.22886589421071e-05
7.22879124283575e-05
7.2287165930026e-05
7.22864194471122e-05
7.22856729796154e-05
7.22849265275354e-05
7.22841800908715e-05
7.22834336696234e-05
7.22826872637905e-05
7.22819408733724e-05
7.22811944983685e-05
7.22804481387785e-05
7.22797017946017e-05
7.22789554658379e-05
7.22782091524864e-05
7.22774628545468e-05
7.22767165720186e-05
7.22759703049013e-05
7.22752240531946e-05
7.22744778168978e-05
7.22737315960105e-05
7.22729853905322e-05
7.22722392004625e-05
7.22714930258009e-05
7.22707468665469e-05
7.22700007227e-05
7.22692545942598e-05
7.22685084812257e-05
7.22677623835973e-05
7.22670163013741e-05
7.22662702345557e-05
7.22655241831415e-05
7.22647781471311e-05
7.2264032126524e-05
7.22632861213197e-05
7.22625401315178e-05
7.22617941571178e-05
7.22610481981192e-05
7.22603022545214e-05
7.22595563263242e-05
7.22588104135269e-05
7.2258064516129e-05
7.22573186341302e-05
7.225657276753e-05
7.22558269163277e-05
7.22550810805231e-05
7.22543352601156e-05
7.22535894551047e-05
7.225284366549e-05
7.22520978912709e-05
7.2251352132447e-05
7.22506063890179e-05
7.2249860660983e-05
7.22491149483419e-05
7.2248369251094e-05
7.2247623569239e-05
7.22468779027763e-05
7.22461322517055e-05
7.22453866160261e-05
7.22446409957376e-05
7.22438953908395e-05
7.22431498013313e-05
7.22424042272127e-05
7.2241658668483e-05
7.22409131251419e-05
7.22401675971888e-05
7.22394220846233e-05
7.22386765874449e-05
7.22379311056531e-05
7.22371856392475e-05
7.22364401882275e-05
7.22356947525928e-05
7.22349493323427e-05
7.22342039274769e-05
7.22334585379948e-05
7.2232713163896e-05
7.22319678051801e-05
7.22312224618464e-05
7.22304771338947e-05
7.22297318213243e-05
7.22289865241348e-05
7.22282412423257e-05
7.22274959758966e-05
7.2226750724847e-05
7.22260054891764e-05
7.22252602688843e-05
7.22245150639703e-05
7.22237698744338e-05
7.22230247002744e-05
7.22222795414917e-05
7.22215343980851e-05
7.22207892700542e-05
7.22200441573984e-05
7.22192990601174e-05
7.22185539782106e-05
7.22178089116776e-05
7.22170638605179e-05
7.2216318824731e-05
7.22155738043164e-05
7.22148287992737e-05
7.22140838096024e-05
7.2213338835302e-05
7.2212593876372e-05
7.2211848932812e-05
7.22111040046215e-05
7.22103590918e-05
7.2209614194347e-05
7.22088693122621e-05
7.22081244455448e-05
7.22073795941945e-05
7.22066347582109e-05
7.22058899375935e-05
7.22051451323417e-05
7.22044003424552e-05
7.22036555679333e-05
7.22029108087757e-05
7.2202166064982e-05
7.22014213365515e-05
7.22006766234838e-05
7.21999319257785e-05
7.2199187243435e-05
7.2198442576453e-05
7.21976979248319e-05
7.21969532885712e-05
7.21962086676705e-05
7.21954640621294e-05
7.21947194719472e-05
7.21939748971236e-05
7.21932303376581e-05
7.21924857935501e-05
7.21917412647993e-05
7.21909967514051e-05
7.21902522533672e-05
7.21895077706849e-05
7.21887633033578e-05
7.21880188513855e-05
7.21872744147675e-05
7.21865299935032e-05
7.21857855875923e-05
7.21850411970342e-05
7.21842968218285e-05
7.21835524619747e-05
7.21828081174724e-05
7.21820637883209e-05
7.218131947452e-05
7.2180575176069e-05
7.21798308929676e-05
7.21790866252152e-05
7.21783423728114e-05
7.21775981357558e-05
7.21768539140477e-05
7.21761097076868e-05
7.21753655166725e-05
7.21746213410045e-05
7.21738771806822e-05
7.21731330357051e-05
7.21723889060728e-05
7.21716447917848e-05
7.21709006928406e-05
7.21701566092398e-05
7.21694125409819e-05
7.21686684880664e-05
7.21679244504928e-05
7.21671804282607e-05
7.21664364213695e-05
7.21656924298189e-05
7.21649484536082e-05
7.21642044927372e-05
7.21634605472052e-05
7.21627166170118e-05
7.21619727021566e-05
7.2161228802639e-05
7.21604849184586e-05
7.2159741049615e-05
7.21589971961075e-05
7.21582533579359e-05
7.21575095350995e-05
7.21567657275979e-05
7.21560219354307e-05
7.21552781585973e-05
7.21545343970973e-05
7.21537906509303e-05
7.21530469200957e-05
7.2152303204593e-05
7.21515595044219e-05
7.21508158195817e-05
7.21500721500722e-05
7.21493284958926e-05
7.21485848570427e-05
7.2147841233522e-05
7.21470976253298e-05
7.21463540324659e-05
7.21456104549296e-05
7.21448668927206e-05
7.21441233458383e-05
7.21433798142823e-05
7.21426362980521e-05
7.21418927971473e-05
7.21411493115673e-05
7.21404058413117e-05
7.213966238638e-05
7.21389189467718e-05
7.21381755224865e-05
7.21374321135237e-05
7.21366887198829e-05
7.21359453415637e-05
7.21352019785655e-05
7.2134458630888e-05
7.21337152985305e-05
7.21329719814927e-05
7.21322286797741e-05
7.21314853933742e-05
7.21307421222925e-05
7.21299988665286e-05
7.21292556260819e-05
7.21285124009521e-05
7.21277691911386e-05
7.21270259966409e-05
7.21262828174587e-05
7.21255396535913e-05
7.21247965050384e-05
7.21240533717995e-05
7.21233102538741e-05
7.21225671512616e-05
7.21218240639618e-05
7.2121080991974e-05
7.21203379352978e-05
7.21195948939327e-05
7.21188518678783e-05
7.2118108857134e-05
7.21173658616995e-05
7.21166228815742e-05
7.21158799167577e-05
7.21151369672494e-05
7.2114394033049e-05
7.21136511141559e-05
7.21129082105697e-05
7.21121653222899e-05
7.2111422449316e-05
7.21106795916475e-05
7.21099367492841e-05
7.21091939222251e-05
7.21084511104701e-05
7.21077083140188e-05
7.21069655328705e-05
7.21062227670248e-05
7.21054800164812e-05
7.21047372812394e-05
7.21039945612987e-05
7.21032518566587e-05
7.2102509167319e-05
7.21017664932791e-05
7.21010238345384e-05
7.21002811910966e-05
7.20995385629532e-05
7.20987959501076e-05
7.20980533525595e-05
7.20973107703083e-05
7.20965682033535e-05
7.20958256516948e-05
7.20950831153315e-05
7.20943405942634e-05
7.20935980884897e-05
7.20928555980102e-05
7.20921131228244e-05
7.20913706629316e-05
7.20906282183316e-05
7.20898857890238e-05
7.20891433750077e-05
7.20884009762829e-05
7.20876585928489e-05
7.20869162247052e-05
7.20861738718514e-05
7.20854315342869e-05
7.20846892120114e-05
7.20839469050242e-05
7.20832046133251e-05
7.20824623369134e-05
7.20817200757888e-05
7.20809778299507e-05
7.20802355993986e-05
7.20794933841322e-05
7.20787511841509e-05
7.20780089994543e-05
7.20772668300418e-05
7.20765246759131e-05
7.20757825370676e-05
7.20750404135048e-05
7.20742983052244e-05
7.20735562122257e-05
7.20728141345085e-05
7.20720720720721e-05
7.20713300249161e-05
7.207058799304e-05
7.20698459764435e-05
7.20691039751259e-05
7.20683619890868e-05
7.20676200183258e-05
7.20668780628423e-05
7.2066136122636e-05
7.20653941977063e-05
7.20646522880527e-05
7.20639103936749e-05
7.20631685145722e-05
7.20624266507443e-05
7.20616848021907e-05
7.20609429689109e-05
7.20602011509044e-05
7.20594593481707e-05
7.20587175607095e-05
7.20579757885201e-05
7.20572340316022e-05
7.20564922899553e-05
7.20557505635789e-05
7.20550088524725e-05
7.20542671566357e-05
7.20535254760679e-05
7.20527838107688e-05
7.20520421607378e-05
7.20513005259745e-05
7.20505589064784e-05
7.2049817302249e-05
7.20490757132858e-05
7.20483341395885e-05
7.20475925811565e-05
7.20468510379893e-05
7.20461095100865e-05
7.20453679974475e-05
7.2044626500072e-05
7.20438850179595e-05
7.20431435511095e-05
7.20424020995214e-05
7.20416606631949e-05
7.20409192421295e-05
7.20401778363247e-05
7.203943644578e-05
7.2038695070495e-05
7.20379537104692e-05
7.20372123657021e-05
7.20364710361932e-05
7.20357297219421e-05
7.20349884229483e-05
7.20342471392113e-05
7.20335058707307e-05
7.2032764617506e-05
7.20320233795367e-05
7.20312821568224e-05
7.20305409493625e-05
7.20297997571567e-05
7.20290585802044e-05
7.20283174185051e-05
7.20275762720584e-05
7.20268351408639e-05
7.2026094024921e-05
7.20253529242293e-05
7.20246118387883e-05
7.20238707685976e-05
7.20231297136566e-05
7.20223886739649e-05
7.20216476495221e-05
7.20209066403276e-05
7.2020165646381e-05
7.20194246676818e-05
7.20186837042296e-05
7.20179427560238e-05
7.2017201823064e-05
7.20164609053498e-05
7.20157200028806e-05
7.20149791156561e-05
7.20142382436756e-05
7.20134973869388e-05
7.20127565454452e-05
7.20120157191943e-05
7.20112749081856e-05
7.20105341124187e-05
7.20097933318931e-05
7.20090525666084e-05
7.2008311816564e-05
7.20075710817595e-05
7.20068303621944e-05
7.20060896578682e-05
7.20053489687805e-05
7.20046082949309e-05
7.20038676363188e-05
7.20031269929437e-05
7.20023863648052e-05
7.20016457519029e-05
7.20009051542362e-05
7.20001645718047e-05
7.1999424004608e-05
7.19986834526454e-05
7.19979429159167e-05
7.19972023944212e-05
7.19964618881586e-05
7.19957213971284e-05
7.19949809213301e-05
7.19942404607631e-05
7.19935000154272e-05
7.19927595853217e-05
7.19920191704462e-05
7.19912787708003e-05
7.19905383863835e-05
7.19897980171953e-05
7.19890576632352e-05
7.19883173245028e-05
7.19875770009975e-05
7.1986836692719e-05
7.19860963996668e-05
7.19853561218404e-05
7.19846158592392e-05
7.19838756118629e-05
7.1983135379711e-05
7.1982395162783e-05
7.19816549610785e-05
7.19809147745969e-05
7.19801746033378e-05
7.19794344473008e-05
7.19786943064853e-05
7.19779541808909e-05
7.19772140705171e-05
7.19764739753635e-05
7.19757338954295e-05
7.19749938307148e-05
7.19742537812188e-05
7.19735137469411e-05
7.19727737278812e-05
7.19720337240387e-05
7.1971293735413e-05
7.19705537620037e-05
7.19698138038103e-05
7.19690738608324e-05
7.19683339330695e-05
7.1967594020521e-05
7.19668541231867e-05
7.19661142410659e-05
7.19653743741583e-05
7.19646345224632e-05
7.19638946859804e-05
7.19631548647093e-05
7.19624150586494e-05
7.19616752678002e-05
7.19609354921614e-05
7.19601957317324e-05
7.19594559865127e-05
7.1958716256502e-05
7.19579765416997e-05
7.19572368421053e-05
7.19564971577184e-05
7.19557574885385e-05
7.19550178345651e-05
7.19542781957979e-05
7.19535385722362e-05
7.19527989638797e-05
7.19520593707278e-05
7.19513197927802e-05
7.19505802300363e-05
7.19498406824956e-05
7.19491011501578e-05
7.19483616330222e-05
7.19476221310886e-05
7.19468826443563e-05
7.19461431728249e-05
7.1945403716494e-05
7.19446642753631e-05
7.19439248494316e-05
7.19431854386993e-05
7.19424460431655e-05
7.19417066628298e-05
7.19409672976917e-05
7.19402279477508e-05
7.19394886130067e-05
7.19387492934587e-05
7.19380099891065e-05
7.19372706999496e-05
7.19365314259876e-05
7.19357921672199e-05
7.19350529236461e-05
7.19343136952657e-05
7.19335744820783e-05
7.19328352840833e-05
7.19320961012804e-05
7.1931356933669e-05
7.19306177812487e-05
7.1929878644019e-05
7.19291395219795e-05
7.19284004151296e-05
7.1927661323469e-05
7.1926922246997e-05
7.19261831857134e-05
7.19254441396176e-05
7.1924705108709e-05
7.19239660929874e-05
7.19232270924522e-05
7.19224881071029e-05
7.1921749136939e-05
7.19210101819602e-05
7.19202712421658e-05
7.19195323175556e-05
7.19187934081289e-05
7.19180545138853e-05
7.19173156348244e-05
7.19165767709457e-05
7.19158379222487e-05
7.1915099088733e-05
7.1914360270398e-05
7.19136214672433e-05
7.19128826792685e-05
7.19121439064731e-05
7.19114051488566e-05
7.19106664064185e-05
7.19099276791584e-05
7.19091889670759e-05
7.19084502701703e-05
7.19077115884413e-05
7.19069729218885e-05
7.19062342705113e-05
7.19054956343092e-05
7.19047570132818e-05
7.19040184074287e-05
7.19032798167494e-05
7.19025412412433e-05
7.19018026809101e-05
7.19010641357492e-05
7.19003256057602e-05
7.18995870909427e-05
7.18988485912961e-05
7.189811010682e-05
7.1897371637514e-05
7.18966331833775e-05
7.18958947444101e-05
7.18951563206113e-05
7.18944179119807e-05
7.18936795185178e-05
7.18929411402221e-05
7.18922027770931e-05
7.18914644291304e-05
7.18907260963336e-05
7.18899877787021e-05
7.18892494762355e-05
7.18885111889333e-05
7.1887772916795e-05
7.18870346598203e-05
7.18862964180085e-05
7.18855581913594e-05
7.18848199798723e-05
7.18840817835468e-05
7.18833436023824e-05
7.18826054363788e-05
7.18818672855353e-05
7.18811291498516e-05
7.18803910293272e-05
7.18796529239616e-05
7.18789148337543e-05
7.1878176758705e-05
7.1877438698813e-05
7.1876700654078e-05
7.18759626244994e-05
7.18752246100769e-05
7.18744866108099e-05
7.1873748626698e-05
7.18730106577407e-05
7.18722727039376e-05
7.18715347652881e-05
7.18707968417918e-05
7.18700589334483e-05
7.18693210402571e-05
7.18685831622177e-05
7.18678452993296e-05
7.18671074515924e-05
7.18663696190056e-05
7.18656318015687e-05
7.18648939992814e-05
7.1864156212143e-05
7.18634184401532e-05
7.18626806833114e-05
7.18619429416173e-05
7.18612052150703e-05
7.186046750367e-05
7.18597298074159e-05
7.18589921263076e-05
7.18582544603445e-05
7.18575168095263e-05
7.18567791738523e-05
7.18560415533223e-05
7.18553039479357e-05
7.1854566357692e-05
7.18538287825908e-05
7.18530912226317e-05
7.1852353677814e-05
7.18516161481375e-05
7.18508786336016e-05
7.18501411342058e-05
7.18494036499497e-05
7.18486661808328e-05
7.18479287268547e-05
7.18471912880149e-05
7.18464538643128e-05
7.18457164557482e-05
7.18449790623204e-05
7.1844241684029e-05
7.18435043208736e-05
7.18427669728537e-05
7.18420296399688e-05
7.18412923222185e-05
7.18405550196022e-05
7.18398177321196e-05
7.18390804597701e-05
7.18383432025533e-05
7.18376059604688e-05
7.1836868733516e-05
7.18361315216945e-05
7.18353943250038e-05
7.18346571434435e-05
7.18339199770132e-05
7.18331828257122e-05
7.18324456895402e-05
7.18317085684967e-05
7.18309714625812e-05
7.18302343717933e-05
7.18294972961325e-05
7.18287602355983e-05
7.18280231901903e-05
7.18272861599081e-05
7.1826549144751e-05
7.18258121447188e-05
7.18250751598108e-05
7.18243381900267e-05
7.18236012353659e-05
7.18228642958281e-05
7.18221273714127e-05
7.18213904621193e-05
7.18206535679475e-05
7.18199166888966e-05
7.18191798249664e-05
7.18184429761563e-05
7.18177061424658e-05
7.18169693238945e-05
7.1816232520442e-05
7.18154957321077e-05
7.18147589588912e-05
7.1814022200792e-05
7.18132854578097e-05
7.18125487299438e-05
7.18118120171938e-05
7.18110753195593e-05
7.18103386370398e-05
7.18096019696348e-05
7.18088653173439e-05
7.18081286801666e-05
7.18073920581024e-05
7.1806655451151e-05
7.18059188593117e-05
7.18051822825842e-05
7.18044457209679e-05
7.18037091744625e-05
7.18029726430674e-05
7.18022361267822e-05
7.18014996256065e-05
7.18007631395396e-05
7.18000266685813e-05
7.1799290212731e-05
7.17985537719883e-05
7.17978173463527e-05
7.17970809358237e-05
7.17963445404008e-05
7.17956081600837e-05
7.17948717948718e-05
7.17941354447647e-05
7.17933991097618e-05
7.17926627898629e-05
7.17919264850673e-05
7.17911901953746e-05
7.17904539207844e-05
7.17897176612961e-05
7.17889814169094e-05
7.17882451876237e-05
7.17875089734386e-05
7.17867727743537e-05
7.17860365903684e-05
7.17853004214823e-05
7.17845642676949e-05
7.17838281290058e-05
7.17830920054145e-05
7.17823558969205e-05
7.17816198035235e-05
7.17808837252228e-05
7.17801476620181e-05
7.17794116139088e-05
7.17786755808946e-05
7.17779395629749e-05
7.17772035601493e-05
7.17764675724173e-05
7.17757315997785e-05
7.17749956422324e-05
7.17742596997785e-05
7.17735237724164e-05
7.17727878601456e-05
7.17720519629656e-05
7.1771316080876e-05
7.17705802138763e-05
7.17698443619661e-05
7.17691085251448e-05
7.17683727034121e-05
7.17676368967674e-05
7.17669011052103e-05
7.17661653287403e-05
7.1765429567357e-05
7.17646938210599e-05
7.17639580898485e-05
7.17632223737224e-05
7.1762486672681e-05
7.17617509867241e-05
7.1761015315851e-05
7.17602796600613e-05
7.17595440193546e-05
7.17588083937303e-05
7.17580727831881e-05
7.17573371877274e-05
7.17566016073479e-05
7.17558660420489e-05
7.17551304918302e-05
7.17543949566911e-05
7.17536594366313e-05
7.17529239316502e-05
7.17521884417475e-05
7.17514529669226e-05
7.17507175071751e-05
7.17499820625045e-05
7.17492466329104e-05
7.17485112183922e-05
7.17477758189496e-05
7.17470404345821e-05
7.17463050652891e-05
7.17455697110703e-05
7.17448343719252e-05
7.17440990478533e-05
7.17433637388542e-05
7.17426284449273e-05
7.17418931660722e-05
7.17411579022885e-05
7.17404226535758e-05
7.17396874199334e-05
7.1738952201361e-05
7.17382169978581e-05
7.17374818094243e-05
7.1736746636059e-05
7.17360114777618e-05
7.17352763345323e-05
7.173454120637e-05
7.17338060932744e-05
7.17330709952451e-05
7.17323359122816e-05
7.17316008443834e-05
7.17308657915501e-05
7.17301307537812e-05
7.17293957310762e-05
7.17286607234348e-05
7.17279257308563e-05
7.17271907533404e-05
7.17264557908866e-05
7.17257208434945e-05
7.17249859111635e-05
7.17242509938932e-05
7.17235160916831e-05
7.17227812045329e-05
7.17220463324419e-05
7.17213114754098e-05
7.17205766334361e-05
7.17198418065204e-05
7.17191069946621e-05
7.17183721978607e-05
7.1717637416116e-05
7.17169026494273e-05
7.17161678977942e-05
7.17154331612163e-05
7.17146984396931e-05
7.17139637332241e-05
7.17132290418088e-05
7.17124943654469e-05
7.17117597041378e-05
7.1711025057881e-05
7.17102904266762e-05
7.17095558105229e-05
7.17088212094205e-05
7.17080866233686e-05
7.17073520523669e-05
7.17066174964147e-05
7.17058829555116e-05
7.17051484296573e-05
7.17044139188511e-05
7.17036794230927e-05
7.17029449423816e-05
7.17022104767173e-05
7.17014760260993e-05
7.17007415905273e-05
7.17000071700007e-05
7.16992727645191e-05
7.1698538374082e-05
7.1697803998689e-05
7.16970696383395e-05
7.16963352930332e-05
7.16956009627695e-05
7.1694866647548e-05
7.16941323473683e-05
7.16933980622299e-05
7.16926637921322e-05
7.1691929537075e-05
7.16911952970576e-05
7.16904610720796e-05
7.16897268621407e-05
7.16889926672402e-05
7.16882584873778e-05
7.16875243225529e-05
7.16867901727652e-05
7.16860560380141e-05
7.16853219182992e-05
7.16845878136201e-05
7.16838537239762e-05
7.16831196493671e-05
7.16823855897924e-05
7.16816515452516e-05
7.16809175157442e-05
7.16801835012698e-05
7.16794495018278e-05
7.16787155174179e-05
7.16779815480396e-05
7.16772475936924e-05
7.16765136543759e-05
7.16757797300895e-05
7.16750458208329e-05
7.16743119266055e-05
7.1673578047407e-05
7.16728441832367e-05
7.16721103340944e-05
7.16713764999795e-05
7.16706426808916e-05
7.16699088768301e-05
7.16691750877947e-05
7.16684413137849e-05
7.16677075548002e-05
7.16669738108401e-05
7.16662400819043e-05
7.16655063679921e-05
7.16647726691033e-05
7.16640389852372e-05
7.16633053163935e-05
7.16625716625717e-05
7.16618380237713e-05
7.16611043999918e-05
7.16603707912329e-05
7.1659637197494e-05
7.16589036187746e-05
7.16581700550744e-05
7.16574365063929e-05
7.16567029727295e-05
7.16559694540839e-05
7.16552359504555e-05
7.1654502461844e-05
7.16537689882488e-05
7.16530355296695e-05
7.16523020861056e-05
7.16515686575567e-05
7.16508352440223e-05
7.16501018455019e-05
7.16493684619951e-05
7.16486350935015e-05
7.16479017400205e-05
7.16471684015517e-05
7.16464350780946e-05
7.16457017696488e-05
7.16449684762139e-05
7.16442351977893e-05
7.16435019343745e-05
7.16427686859693e-05
7.1642035452573e-05
7.16413022341852e-05
7.16405690308054e-05
7.16398358424333e-05
7.16391026690683e-05
7.16383695107099e-05
7.16376363673578e-05
7.16369032390114e-05
7.16361701256703e-05
7.1635437027334e-05
7.16347039440021e-05
7.16339708756741e-05
7.16332378223496e-05
7.1632504784028e-05
7.16317717607089e-05
7.1631038752392e-05
7.16303057590766e-05
7.16295727807623e-05
7.16288398174488e-05
7.16281068691354e-05
7.16273739358219e-05
7.16266410175076e-05
7.16259081141922e-05
7.16251752258751e-05
7.1624442352556e-05
7.16237094942343e-05
7.16229766509096e-05
7.16222438225815e-05
7.16215110092494e-05
7.1620778210913e-05
7.16200454275717e-05
7.16193126592251e-05
7.16185799058727e-05
7.16178471675141e-05
7.16171144441489e-05
7.16163817357765e-05
7.16156490423965e-05
7.16149163640084e-05
7.16141837006118e-05
7.16134510522062e-05
7.16127184187912e-05
7.16119858003662e-05
7.16112531969309e-05
7.16105206084848e-05
7.16097880350274e-05
7.16090554765583e-05
7.16083229330769e-05
7.16075904045829e-05
7.16068578910757e-05
7.1606125392555e-05
7.16053929090202e-05
7.16046604404709e-05
7.16039279869067e-05
7.1603195548327e-05
7.16024631247315e-05
7.16017307161196e-05
7.16009983224909e-05
7.16002659438449e-05
7.15995335801812e-05
7.15988012314994e-05
7.15980688977989e-05
7.15973365790793e-05
7.15966042753401e-05
7.15958719865809e-05
7.15951397128012e-05
7.15944074540006e-05
7.15936752101786e-05
7.15929429813347e-05
7.15922107674685e-05
7.15914785685795e-05
7.15907463846673e-05
7.15900142157314e-05
7.15892820617713e-05
7.15885499227866e-05
7.15878177987769e-05
7.15870856897416e-05
7.15863535956803e-05
7.15856215165925e-05
7.15848894524779e-05
7.15841574033358e-05
7.1583425369166e-05
7.15826933499678e-05
7.15819613457409e-05
7.15812293564848e-05
7.15804973821989e-05
7.1579765422883e-05
7.15790334785365e-05
7.1578301549159e-05
7.15775696347499e-05
7.15768377353089e-05
7.15761058508354e-05
7.15753739813291e-05
7.15746421267894e-05
7.15739102872159e-05
7.15731784626081e-05
7.15724466529657e-05
7.1571714858288e-05
7.15709830785747e-05
7.15702513138253e-05
7.15695195640394e-05
7.15687878292164e-05
7.1568056109356e-05
7.15673244044576e-05
7.15665927145209e-05
7.15658610395453e-05
7.15651293795303e-05
7.15643977344756e-05
7.15636661043807e-05
7.15629344892451e-05
7.15622028890684e-05
7.156147130385e-05
7.15607397335896e-05
7.15600081782866e-05
7.15592766379407e-05
7.15585451125514e-05
7.15578136021181e-05
7.15570821066405e-05
7.15563506261181e-05
7.15556191605504e-05
7.15548877099369e-05
7.15541562742773e-05
7.1553424853571e-05
7.15526934478176e-05
7.15519620570167e-05
7.15512306811677e-05
7.15504993202703e-05
7.15497679743239e-05
7.1549036643328e-05
7.15483053272824e-05
7.15475740261864e-05
7.15468427400397e-05
7.15461114688417e-05
7.1545380212592e-05
7.15446489712902e-05
7.15439177449357e-05
7.15431865335282e-05
7.15424553370672e-05
7.15417241555521e-05
7.15409929889827e-05
7.15402618373583e-05
7.15395307006786e-05
7.15387995789431e-05
7.15380684721513e-05
7.15373373803027e-05
7.1536606303397e-05
7.15358752414336e-05
7.15351441944121e-05
7.1534413162332e-05
7.15336821451929e-05
7.15329511429944e-05
7.15322201557359e-05
7.1531489183417e-05
7.15307582260372e-05
7.15300272835961e-05
7.15292963560933e-05
7.15285654435282e-05
7.15278345459004e-05
7.15271036632095e-05
7.1526372795455e-05
7.15256419426364e-05
7.15249111047533e-05
7.15241802818053e-05
7.15234494737918e-05
7.15227186807124e-05
7.15219879025666e-05
7.15212571393541e-05
7.15205263910742e-05
7.15197956577267e-05
7.1519064939311e-05
7.15183342358266e-05
7.15176035472731e-05
7.15168728736501e-05
7.15161422149571e-05
7.15154115711936e-05
7.15146809423592e-05
7.15139503284534e-05
7.15132197294757e-05
7.15124891454258e-05
7.15117585763031e-05
7.15110280221071e-05
7.15102974828375e-05
7.15095669584938e-05
7.15088364490755e-05
7.15081059545821e-05
7.15073754750133e-05
7.15066450103685e-05
7.15059145606472e-05
7.15051841258491e-05
7.15044537059737e-05
7.15037233010205e-05
7.1502992910989e-05
7.15022625358788e-05
7.15015321756895e-05
7.15008018304205e-05
7.15000715000715e-05
7.14993411846419e-05
7.14986108841314e-05
7.14978805985394e-05
7.14971503278655e-05
7.14964200721093e-05
7.14956898312702e-05
7.14949596053478e-05
7.14942293943417e-05
7.14934991982515e-05
7.14927690170766e-05
7.14920388508165e-05
7.1491308699471e-05
7.14905785630394e-05
7.14898484415213e-05
7.14891183349163e-05
7.14883882432239e-05
7.14876581664437e-05
7.14869281045752e-05
7.14861980576179e-05
7.14854680255714e-05
7.14847380084352e-05
7.14840080062089e-05
7.1483278018892e-05
7.14825480464841e-05
7.14818180889846e-05
7.14810881463933e-05
7.14803582187095e-05
7.14796283059328e-05
7.14788984080628e-05
7.1478168525099e-05
7.1477438657041e-05
7.14767088038883e-05
7.14759789656405e-05
7.1475249142297e-05
7.14745193338575e-05
7.14737895403214e-05
7.14730597616884e-05
7.14723299979579e-05
7.14716002491296e-05
7.14708705152029e-05
7.14701407961774e-05
7.14694110920526e-05
7.14686814028281e-05
7.14679517285035e-05
7.14672220690782e-05
7.14664924245518e-05
7.14657627949239e-05
7.1465033180194e-05
7.14643035803616e-05
7.14635739954263e-05
7.14628444253877e-05
7.14621148702452e-05
7.14613853299985e-05
7.1460655804647e-05
7.14599262941903e-05
7.1459196798628e-05
7.14584673179595e-05
7.14577378521846e-05
7.14570084013026e-05
7.14562789653131e-05
7.14555495442157e-05
7.14548201380099e-05
7.14540907466952e-05
7.14533613702713e-05
7.14526320087376e-05
7.14519026620937e-05
7.14511733303392e-05
7.14504440134735e-05
7.14497147114963e-05
7.1448985424407e-05
7.14482561522052e-05
7.14475268948905e-05
7.14467976524624e-05
7.14460684249204e-05
7.14453392122641e-05
7.1444610014493e-05
7.14438808316068e-05
7.14431516636048e-05
7.14424225104867e-05
7.14416933722521e-05
7.14409642489003e-05
7.14402351404311e-05
7.14395060468439e-05
7.14387769681383e-05
7.14380479043138e-05
7.143731885537e-05
7.14365898213065e-05
7.14358608021227e-05
7.14351317978182e-05
7.14344028083925e-05
7.14336738338453e-05
7.1432944874176e-05
7.14322159293842e-05
7.14314869994694e-05
7.14307580844312e-05
7.14300291842691e-05
7.14293002989826e-05
7.14285714285714e-05
7.1427842573035e-05
7.14271137323728e-05
7.14263849065845e-05
7.14256560956696e-05
7.14249272996276e-05
7.14241985184581e-05
7.14234697521606e-05
7.14227410007346e-05
7.14220122641798e-05
7.14212835424957e-05
7.14205548356817e-05
7.14198261437375e-05
7.14190974666626e-05
7.14183688044565e-05
7.14176401571188e-05
7.1416911524649e-05
7.14161829070467e-05
7.14154543043114e-05
7.14147257164427e-05
7.14139971434401e-05
7.14132685853031e-05
7.14125400420314e-05
7.14118115136243e-05
7.14110830000816e-05
7.14103545014027e-05
7.14096260175872e-05
7.14088975486346e-05
7.14081690945444e-05
7.14074406553163e-05
7.14067122309497e-05
7.14059838214442e-05
7.14052554267994e-05
7.14045270470148e-05
7.14037986820899e-05
7.14030703320243e-05
7.14023419968175e-05
7.14016136764691e-05
7.14008853709786e-05
7.14001570803456e-05
7.13994288045696e-05
7.13987005436501e-05
7.13979722975867e-05
7.1397244066379e-05
7.13965158500265e-05
7.13957876485287e-05
7.13950594618852e-05
7.13943312900956e-05
7.13936031331593e-05
7.13928749910759e-05
7.1392146863845e-05
7.13914187514661e-05
7.13906906539387e-05
7.13899625712625e-05
7.13892345034369e-05
7.13885064504615e-05
7.13877784123358e-05
7.13870503890594e-05
7.13863223806319e-05
7.13855943870527e-05
7.13848664083214e-05
7.13841384444376e-05
7.13834104954009e-05
7.13826825612107e-05
7.13819546418665e-05
7.13812267373681e-05
7.13804988477148e-05
7.13797709729063e-05
7.1379043112942e-05
7.13783152678216e-05
7.13775874375446e-05
7.13768596221105e-05
7.13761318215189e-05
7.13754040357693e-05
7.13746762648612e-05
7.13739485087943e-05
7.1373220767568e-05
7.13724930411819e-05
7.13717653296356e-05
7.13710376329286e-05
7.13703099510604e-05
7.13695822840305e-05
7.13688546318387e-05
7.13681269944843e-05
7.13673993719669e-05
7.13666717642861e-05
7.13659441714414e-05
7.13652165934324e-05
7.13644890302585e-05
7.13637614819195e-05
7.13630339484147e-05
7.13623064297438e-05
7.13615789259063e-05
7.13608514369017e-05
7.13601239627296e-05
7.13593965033896e-05
7.13586690588811e-05
7.13579416292037e-05
7.13572142143571e-05
7.13564868143406e-05
7.13557594291539e-05
7.13550320587965e-05
7.1354304703268e-05
7.13535773625679e-05
7.13528500366958e-05
7.13521227256511e-05
7.13513954294335e-05
7.13506681480424e-05
7.13499408814776e-05
7.13492136297384e-05
7.13484863928244e-05
7.13477591707352e-05
7.13470319634703e-05
7.13463047710293e-05
7.13455775934117e-05
7.13448504306171e-05
7.1344123282645e-05
7.1343396149495e-05
7.13426690311665e-05
7.13419419276593e-05
7.13412148389727e-05
7.13404877651063e-05
7.13397607060598e-05
7.13390336618326e-05
7.13383066324243e-05
7.13375796178344e-05
7.13368526180625e-05
7.13361256331081e-05
7.13353986629708e-05
7.13346717076501e-05
7.13339447671456e-05
7.13332178414568e-05
7.13324909305833e-05
7.13317640345246e-05
7.13310371532802e-05
7.13303102868497e-05
7.13295834352327e-05
7.13288565984287e-05
7.13281297764373e-05
7.13274029692579e-05
7.13266761768902e-05
7.13259493993336e-05
7.13252226365878e-05
7.13244958886523e-05
7.13237691555266e-05
7.13230424372102e-05
7.13223157337028e-05
7.13215890450039e-05
7.1320862371113e-05
7.13201357120297e-05
7.13194090677534e-05
7.13186824382839e-05
7.13179558236205e-05
7.13172292237629e-05
7.13165026387106e-05
7.13157760684631e-05
7.13150495130201e-05
7.1314322972381e-05
7.13135964465454e-05
7.13128699355128e-05
7.13121434392828e-05
7.1311416957855e-05
7.13106904912288e-05
7.13099640394039e-05
7.13092376023797e-05
7.13085111801559e-05
7.13077847727319e-05
7.13070583801074e-05
7.13063320022818e-05
7.13056056392548e-05
7.13048792910258e-05
7.13041529575944e-05
7.13034266389602e-05
7.13027003351227e-05
7.13019740460815e-05
7.1301247771836e-05
7.13005215123859e-05
7.12997952677307e-05
7.129906903787e-05
7.12983428228032e-05
7.129761662253e-05
7.12968904370499e-05
7.12961642663625e-05
7.12954381104672e-05
7.12947119693636e-05
7.12939858430514e-05
7.129325973153e-05
7.12925336347989e-05
7.12918075528578e-05
7.12910814857061e-05
7.12903554333435e-05
7.12896293957695e-05
7.12889033729835e-05
7.12881773649853e-05
7.12874513717742e-05
7.128672539335e-05
7.1285999429712e-05
7.12852734808599e-05
7.12845475467932e-05
7.12838216275115e-05
7.12830957230143e-05
7.12823698333011e-05
7.12816439583715e-05
7.12809180982251e-05
7.12801922528614e-05
7.12794664222799e-05
7.12787406064803e-05
7.12780148054619e-05
7.12772890192245e-05
7.12765632477675e-05
7.12758374910905e-05
7.12751117491931e-05
7.12743860220747e-05
7.1273660309735e-05
7.12729346121734e-05
7.12722089293896e-05
7.12714832613831e-05
7.12707576081534e-05
7.12700319697001e-05
7.12693063460227e-05
7.12685807371208e-05
7.12678551429939e-05
7.12671295636415e-05
7.12664039990634e-05
7.12656784492588e-05
7.12649529142275e-05
7.1264227393969e-05
7.12635018884828e-05
7.12627763977685e-05
7.12620509218255e-05
7.12613254606536e-05
7.12606000142521e-05
7.12598745826207e-05
7.1259149165759e-05
7.12584237636663e-05
7.12576983763424e-05
7.12569730037868e-05
7.1256247645999e-05
7.12555223029785e-05
7.12547969747249e-05
7.12540716612378e-05
7.12533463625167e-05
7.12526210785611e-05
7.12518958093706e-05
7.12511705549448e-05
7.12504453152832e-05
7.12497200903854e-05
7.12489948802508e-05
7.12482696848791e-05
7.12475445042698e-05
7.12468193384224e-05
7.12460941873365e-05
7.12453690510117e-05
7.12446439294474e-05
7.12439188226434e-05
7.1243193730599e-05
7.12424686533138e-05
7.12417435907874e-05
7.12410185430194e-05
7.12402935100093e-05
7.12395684917566e-05
7.12388434882609e-05
7.12381184995217e-05
7.12373935255386e-05
7.12366685663112e-05
7.12359436218389e-05
7.12352186921214e-05
7.12344937771581e-05
7.12337688769487e-05
7.12330439914927e-05
7.12323191207897e-05
7.12315942648391e-05
7.12308694236405e-05
7.12301445971935e-05
7.12294197854977e-05
7.12286949885525e-05
7.12279702063576e-05
7.12272454389125e-05
7.12265206862166e-05
7.12257959482697e-05
7.12250712250712e-05
7.12243465166207e-05
7.12236218229177e-05
7.12228971439618e-05
7.12221724797526e-05
7.12214478302895e-05
7.12207231955721e-05
7.12199985756e-05
7.12192739703728e-05
7.12185493798899e-05
7.1217824804151e-05
7.12171002431555e-05
7.12163756969031e-05
7.12156511653933e-05
7.12149266486255e-05
7.12142021465995e-05
7.12134776593147e-05
7.12127531867707e-05
7.1212028728967e-05
7.12113042859032e-05
7.12105798575788e-05
7.12098554439934e-05
7.12091310451466e-05
7.12084066610378e-05
7.12076822916667e-05
7.12069579370327e-05
7.12062335971355e-05
7.12055092719745e-05
7.12047849615494e-05
7.12040606658597e-05
7.12033363849049e-05
7.12026121186846e-05
7.12018878671983e-05
7.12011636304456e-05
7.12004394084261e-05
7.11997152011392e-05
7.11989910085846e-05
7.11982668307617e-05
7.11975426676702e-05
7.11968185193096e-05
7.11960943856794e-05
7.11953702667792e-05
7.11946461626086e-05
7.1193922073167e-05
7.11931979984541e-05
7.11924739384694e-05
7.11917498932124e-05
7.11910258626827e-05
7.11903018468798e-05
7.11895778458034e-05
7.11888538594529e-05
7.11881298878279e-05
7.11874059309279e-05
7.11866819887525e-05
7.11859580613013e-05
7.11852341485738e-05
7.11845102505695e-05
7.1183786367288e-05
7.11830624987289e-05
7.11823386448917e-05
7.11816148057759e-05
7.11808909813811e-05
7.11801671717069e-05
7.11794433767528e-05
7.11787195965183e-05
7.11779958310031e-05
7.11772720802066e-05
7.11765483441284e-05
7.11758246227681e-05
7.11751009161252e-05
7.11743772241993e-05
7.11736535469899e-05
7.11729298844965e-05
7.11722062367188e-05
7.11714826036562e-05
7.11707589853083e-05
7.11700353816747e-05
7.1169311792755e-05
7.11685882185486e-05
7.11678646590551e-05
7.11671411142741e-05
7.11664175842051e-05
7.11656940688477e-05
7.11649705682015e-05
7.11642470822659e-05
7.11635236110405e-05
7.11628001545249e-05
7.11620767127187e-05
7.11613532856213e-05
7.11606298732324e-05
7.11599064755515e-05
7.11591830925781e-05
7.11584597243118e-05
7.11577363707521e-05
7.11570130318987e-05
7.11562897077509e-05
7.11555663983085e-05
7.1154843103571e-05
7.11541198235378e-05
7.11533965582086e-05
7.11526733075828e-05
7.11519500716602e-05
7.11512268504401e-05
7.11505036439222e-05
7.1149780452106e-05
7.11490572749911e-05
7.1148334112577e-05
7.11476109648632e-05
7.11468878318494e-05
7.1146164713535e-05
7.11454416099197e-05
7.11447185210029e-05
7.11439954467843e-05
7.11432723872633e-05
7.11425493424396e-05
7.11418263123126e-05
7.1141103296882e-05
7.11403802961472e-05
7.11396573101079e-05
7.11389343387636e-05
7.11382113821138e-05
7.11374884401581e-05
7.11367655128961e-05
7.11360426003272e-05
7.11353197024511e-05
7.11345968192673e-05
7.11338739507754e-05
7.11331510969748e-05
7.11324282578652e-05
7.11317054334461e-05
7.11309826237171e-05
7.11302598286777e-05
7.11295370483274e-05
7.11288142826659e-05
7.11280915316926e-05
7.11273687954072e-05
7.11266460738091e-05
7.1125923366898e-05
7.11252006746733e-05
7.11244779971347e-05
7.11237553342817e-05
7.11230326861137e-05
7.11223100526305e-05
7.11215874338315e-05
7.11208648297163e-05
7.11201422402845e-05
7.11194196655355e-05
7.1118697105469e-05
7.11179745600845e-05
7.11172520293816e-05
7.11165295133597e-05
7.11158070120186e-05
7.11150845253576e-05
7.11143620533764e-05
7.11136395960745e-05
7.11129171534515e-05
7.11121947255069e-05
7.11114723122403e-05
7.11107499136512e-05
7.11100275297392e-05
7.11093051605039e-05
7.11085828059447e-05
7.11078604660612e-05
7.11071381408531e-05
7.11064158303198e-05
7.11056935344609e-05
7.11049712532759e-05
7.11042489867644e-05
7.1103526734926e-05
7.11028044977603e-05
7.11020822752666e-05
7.11013600674447e-05
7.11006378742941e-05
7.10999156958143e-05
7.10991935320048e-05
7.10984713828653e-05
7.10977492483952e-05
7.10970271285942e-05
7.10963050234618e-05
7.10955829329975e-05
7.10948608572009e-05
7.10941387960715e-05
7.1093416749609e-05
7.10926947178128e-05
7.10919727006825e-05
7.10912506982176e-05
7.10905287104178e-05
7.10898067372825e-05
7.10890847788114e-05
7.10883628350039e-05
7.10876409058597e-05
7.10869189913782e-05
7.1086197091559e-05
7.10854752064018e-05
7.10847533359059e-05
7.10840314800711e-05
7.10833096388968e-05
7.10825878123826e-05
7.1081866000528e-05
7.10811442033327e-05
7.10804224207961e-05
7.10797006529178e-05
7.10789788996974e-05
7.10782571611344e-05
7.10775354372284e-05
7.10768137279789e-05
7.10760920333855e-05
7.10753703534477e-05
7.10746486881651e-05
7.10739270375372e-05
7.10732054015636e-05
7.10724837802439e-05
7.10717621735775e-05
7.10710405815642e-05
7.10703190042033e-05
7.10695974414945e-05
7.10688758934373e-05
7.10681543600313e-05
7.1067432841276e-05
7.10667113371709e-05
7.10659898477157e-05
7.10652683729099e-05
7.1064546912753e-05
7.10638254672447e-05
7.10631040363843e-05
7.10623826201716e-05
7.1061661218606e-05
7.10609398316871e-05
7.10602184594145e-05
7.10594971017877e-05
7.10587757588062e-05
7.10580544304697e-05
7.10573331167776e-05
7.10566118177296e-05
7.10558905333252e-05
7.10551692635639e-05
7.10544480084453e-05
7.1053726767969e-05
7.10530055421344e-05
7.10522843309412e-05
7.1051563134389e-05
7.10508419524771e-05
7.10501207852053e-05
7.10493996325731e-05
7.104867849458e-05
7.10479573712256e-05
7.10472362625094e-05
7.1046515168431e-05
7.10457940889899e-05
7.10450730241858e-05
7.10443519740181e-05
7.10436309384864e-05
7.10429099175902e-05
7.10421889113292e-05
7.10414679197028e-05
7.10407469427107e-05
7.10400259803524e-05
7.10393050326273e-05
7.10385840995352e-05
7.10378631810755e-05
7.10371422772478e-05
7.10364213880517e-05
7.10357005134866e-05
7.10349796535523e-05
7.10342588082481e-05
7.10335379775737e-05
7.10328171615286e-05
7.10320963601124e-05
7.10313755733247e-05
7.10306548011649e-05
7.10299340436327e-05
7.10292133007275e-05
7.10284925724491e-05
7.10277718587968e-05
7.10270511597703e-05
7.10263304753691e-05
7.10256098055928e-05
7.10248891504409e-05
7.10241685099129e-05
7.10234478840086e-05
7.10227272727273e-05
7.10220066760686e-05
7.10212860940322e-05
7.10205655266175e-05
7.10198449738241e-05
7.10191244356516e-05
7.10184039120995e-05
7.10176834031674e-05
7.10169629088548e-05
7.10162424291613e-05
7.10155219640864e-05
7.10148015136298e-05
7.10140810777909e-05
7.10133606565692e-05
7.10126402499645e-05
7.10119198579762e-05
7.10111994806038e-05
7.1010479117847e-05
7.10097587697052e-05
7.10090384361781e-05
7.10083181172652e-05
7.1007597812966e-05
7.10068775232801e-05
7.10061572482071e-05
7.10054369877465e-05
7.10047167418979e-05
7.10039965106607e-05
7.10032762940347e-05
7.10025560920193e-05
7.10018359046141e-05
7.10011157318186e-05
7.10003955736325e-05
7.09996754300552e-05
7.09989553010863e-05
7.09982351867254e-05
7.0997515086972e-05
7.09967950018256e-05
7.09960749312859e-05
7.09953548753524e-05
7.09946348340247e-05
7.09939148073022e-05
7.09931947951846e-05
7.09924747976714e-05
7.09917548147622e-05
7.09910348464565e-05
7.09903148927539e-05
7.09895949536539e-05
7.09888750291561e-05
7.09881551192601e-05
7.09874352239654e-05
7.09867153432715e-05
7.0985995477178e-05
7.09852756256845e-05
7.09845557887905e-05
7.09838359664956e-05
7.09831161587994e-05
7.09823963657013e-05
7.0981676587201e-05
7.0980956823298e-05
7.09802370739918e-05
7.09795173392821e-05
7.09787976191683e-05
7.09780779136501e-05
7.09773582227269e-05
7.09766385463984e-05
7.09759188846641e-05
7.09751992375236e-05
7.09744796049763e-05
7.09737599870219e-05
7.097304038366e-05
7.097232079489e-05
7.09716012207115e-05
7.09708816611242e-05
7.09701621161275e-05
7.0969442585721e-05
7.09687230699042e-05
7.09680035686768e-05
7.09672840820382e-05
7.0966564609988e-05
7.09658451525259e-05
7.09651257096513e-05
7.09644062813637e-05
7.09636868676629e-05
7.09629674685482e-05
7.09622480840193e-05
7.09615287140757e-05
7.0960809358717e-05
7.09600900179428e-05
7.09593706917525e-05
7.09586513801458e-05
7.09579320831221e-05
7.09572128006812e-05
7.09564935328224e-05
7.09557742795455e-05
7.09550550408498e-05
7.09543358167351e-05
7.09536166072008e-05
7.09528974122465e-05
7.09521782318717e-05
7.09514590660761e-05
7.09507399148591e-05
7.09500207782204e-05
7.09493016561594e-05
7.09485825486758e-05
7.09478634557691e-05
7.09471443774388e-05
7.09464253136845e-05
7.09457062645059e-05
7.09449872299023e-05
7.09442682098734e-05
7.09435492044188e-05
7.09428302135379e-05
7.09421112372304e-05
7.09413922754958e-05
7.09406733283337e-05
7.09399543957436e-05
7.09392354777251e-05
7.09385165742777e-05
7.0937797685401e-05
7.09370788110946e-05
7.09363599513579e-05
7.09356411061906e-05
7.09349222755923e-05
7.09342034595624e-05
7.09334846581006e-05
7.09327658712064e-05
7.09320470988793e-05
7.09313283411189e-05
7.09306095979248e-05
7.09298908692965e-05
7.09291721552336e-05
7.09284534557356e-05
7.09277347708021e-05
7.09270161004327e-05
7.09262974446268e-05
7.09255788033842e-05
7.09248601767042e-05
7.09241415645866e-05
7.09234229670307e-05
7.09227043840363e-05
7.09219858156028e-05
7.09212672617299e-05
7.0920548722417e-05
7.09198301976637e-05
7.09191116874696e-05
7.09183931918342e-05
7.09176747107572e-05
7.0916956244238e-05
7.09162377922762e-05
7.09155193548714e-05
7.09148009320231e-05
7.09140825237309e-05
7.09133641299943e-05
7.0912645750813e-05
7.09119273861864e-05
7.09112090361141e-05
7.09104907005956e-05
7.09097723796307e-05
7.09090540732187e-05
7.09083357813592e-05
7.09076175040519e-05
7.09068992412962e-05
7.09061809930917e-05
7.0905462759438e-05
7.09047445403347e-05
7.09040263357812e-05
7.09033081457772e-05
7.09025899703222e-05
7.09018718094158e-05
7.09011536630575e-05
7.09004355312468e-05
7.08997174139834e-05
7.08989993112669e-05
7.08982812230966e-05
7.08975631494723e-05
7.08968450903935e-05
7.08961270458597e-05
7.08954090158704e-05
7.08946910004254e-05
7.0893972999524e-05
7.08932550131659e-05
7.08925370413506e-05
7.08918190840777e-05
7.08911011413467e-05
7.08903832131573e-05
7.08896652995088e-05
7.0888947400401e-05
7.08882295158334e-05
7.08875116458055e-05
7.08867937903169e-05
7.08860759493671e-05
7.08853581229557e-05
7.08846403110823e-05
7.08839225137464e-05
7.08832047309476e-05
7.08824869626854e-05
7.08817692089595e-05
7.08810514697692e-05
7.08803337451143e-05
7.08796160349943e-05
7.08788983394087e-05
7.0878180658357e-05
7.0877462991839e-05
7.0876745339854e-05
7.08760277024017e-05
7.08753100794816e-05
7.08745924710933e-05
7.08738748772363e-05
7.08731572979102e-05
7.08724397331146e-05
7.0871722182849e-05
7.0871004647113e-05
7.08702871259061e-05
7.08695696192279e-05
7.0868852127078e-05
7.08681346494558e-05
7.08674171863611e-05
7.08666997377932e-05
7.08659823037518e-05
7.08652648842365e-05
7.08645474792468e-05
7.08638300887823e-05
7.08631127128424e-05
7.08623953514269e-05
7.08616780045351e-05
7.08609606721668e-05
7.08602433543215e-05
7.08595260509986e-05
7.08588087621978e-05
7.08580914879187e-05
7.08573742281608e-05
7.08566569829235e-05
7.08559397522067e-05
7.08552225360096e-05
7.0854505334332e-05
7.08537881471734e-05
7.08530709745334e-05
7.08523538164114e-05
7.08516366728071e-05
7.08509195437201e-05
7.08502024291498e-05
7.08494853290959e-05
7.08487682435578e-05
7.08480511725352e-05
7.08473341160277e-05
7.08466170740347e-05
7.08459000465559e-05
7.08451830335907e-05
7.08444660351389e-05
7.08437490511998e-05
7.08430320817731e-05
7.08423151268583e-05
7.08415981864551e-05
7.08408812605629e-05
7.08401643491813e-05
7.08394474523099e-05
7.08387305699482e-05
7.08380137020958e-05
7.08372968487523e-05
7.08365800099171e-05
7.083586318559e-05
7.08351463757703e-05
7.08344295804578e-05
7.08337127996519e-05
7.08329960333522e-05
7.08322792815583e-05
7.08315625442697e-05
7.0830845821486e-05
7.08301291132068e-05
7.08294124194315e-05
7.08286957401599e-05
7.08279790753913e-05
7.08272624251255e-05
7.08265457893619e-05
7.08258291681001e-05
7.08251125613396e-05
7.08243959690801e-05
7.08236793913211e-05
7.08229628280621e-05
7.08222462793027e-05
7.08215297450425e-05
7.0820813225281e-05
7.08200967200178e-05
7.08193802292524e-05
7.08186637529845e-05
7.08179472912135e-05
7.08172308439391e-05
7.08165144111607e-05
7.0815797992878e-05
7.08150815890904e-05
7.08143651997977e-05
7.08136488249992e-05
7.08129324646947e-05
7.08122161188836e-05
7.08114997875655e-05
7.081078347074e-05
7.08100671684066e-05
7.08093508805649e-05
7.08086346072144e-05
7.08079183483547e-05
7.08072021039854e-05
7.08064858741061e-05
7.08057696587162e-05
7.08050534578154e-05
7.08043372714031e-05
7.08036210994791e-05
7.08029049420428e-05
7.08021887990937e-05
7.08014726706315e-05
7.08007565566558e-05
7.0800040457166e-05
7.07993243721617e-05
7.07986083016425e-05
7.0797892245608e-05
7.07971762040577e-05
7.07964601769911e-05
7.07957441644079e-05
7.07950281663076e-05
7.07943121826898e-05
7.07935962135539e-05
7.07928802588997e-05
7.07921643187265e-05
7.07914483930341e-05
7.07907324818219e-05
7.07900165850896e-05
7.07893007028366e-05
7.07885848350626e-05
7.07878689817671e-05
7.07871531429496e-05
7.07864373186098e-05
7.07857215087471e-05
7.07850057133612e-05
7.07842899324516e-05
7.07835741660178e-05
7.07828584140595e-05
7.07821426765762e-05
7.07814269535674e-05
7.07807112450327e-05
7.07799955509717e-05
7.07792798713839e-05
7.0778564206269e-05
7.07778485556263e-05
7.07771329194556e-05
7.07764172977564e-05
7.07757016905282e-05
7.07749860977706e-05
7.07742705194831e-05
7.07735549556654e-05
7.0772839406317e-05
7.07721238714374e-05
7.07714083510262e-05
7.0770692845083e-05
7.07699773536073e-05
7.07692618765986e-05
7.07685464140567e-05
7.07678309659809e-05
7.07671155323709e-05
7.07664001132262e-05
7.07656847085465e-05
7.07649693183312e-05
7.07642539425799e-05
7.07635385812921e-05
7.07628232344676e-05
7.07621079021057e-05
7.07613925842061e-05
7.07606772807683e-05
7.07599619917918e-05
7.07592467172764e-05
7.07585314572214e-05
7.07578162116265e-05
7.07571009804913e-05
7.07563857638152e-05
7.07556705615979e-05
7.07549553738389e-05
7.07542402005377e-05
7.0753525041694e-05
7.07528098973073e-05
7.07520947673772e-05
7.07513796519032e-05
7.07506645508849e-05
7.07499494643218e-05
7.07492343922135e-05
7.07485193345596e-05
7.07478042913597e-05
7.07470892626132e-05
7.07463742483198e-05
7.0745659248479e-05
7.07449442630903e-05
7.07442292921535e-05
7.07435143356679e-05
7.07427993936332e-05
7.07420844660489e-05
7.07413695529145e-05
7.07406546542298e-05
7.07399397699941e-05
7.07392249002072e-05
7.07385100448684e-05
7.07377952039775e-05
7.07370803775339e-05
7.07363655655372e-05
7.07356507679871e-05
7.07349359848829e-05
7.07342212162244e-05
7.07335064620111e-05
7.07327917222424e-05
7.07320769969181e-05
7.07313622860376e-05
7.07306475896006e-05
7.07299329076065e-05
7.0729218240055e-05
7.07285035869455e-05
7.07277889482778e-05
7.07270743240512e-05
7.07263597142655e-05
7.07256451189201e-05
7.07249305380147e-05
7.07242159715487e-05
7.07235014195217e-05
7.07227868819334e-05
7.07220723587832e-05
7.07213578500707e-05
7.07206433557956e-05
7.07199288759572e-05
7.07192144105553e-05
7.07184999595894e-05
7.07177855230591e-05
7.07170711009638e-05
7.07163566933032e-05
7.07156423000768e-05
7.07149279212842e-05
7.07142135569249e-05
7.07134992069986e-05
7.07127848715048e-05
7.0712070550443e-05
7.07113562438128e-05
7.07106419516137e-05
7.07099276738454e-05
7.07092134105074e-05
7.07084991615992e-05
7.07077849271205e-05
7.07070707070707e-05
7.07063565014495e-05
7.07056423102564e-05
7.07049281334909e-05
7.07042139711527e-05
7.07034998232412e-05
7.07027856897562e-05
7.0702071570697e-05
7.07013574660634e-05
7.07006433758547e-05
7.06999293000707e-05
7.06992152387109e-05
7.06985011917747e-05
7.06977871592619e-05
7.0697073141172e-05
7.06963591375044e-05
7.06956451482589e-05
7.06949311734349e-05
7.0694217213032e-05
7.06935032670498e-05
7.06927893354878e-05
7.06920754183456e-05
7.06913615156228e-05
7.06906476273189e-05
7.06899337534335e-05
7.06892198939662e-05
7.06885060489164e-05
7.06877922182839e-05
7.06870784020681e-05
7.06863646002686e-05
7.0685650812885e-05
7.06849370399168e-05
7.06842232813636e-05
7.0683509537225e-05
7.06827958075004e-05
7.06820820921896e-05
7.06813683912921e-05
7.06806547048073e-05
7.06799410327349e-05
7.06792273750745e-05
7.06785137318255e-05
7.06778001029876e-05
7.06770864885604e-05
7.06763728885434e-05
7.06756593029361e-05
7.06749457317381e-05
7.0674232174949e-05
7.06735186325684e-05
7.06728051045957e-05
7.06720915910307e-05
7.06713780918728e-05
7.06706646071216e-05
7.06699511367766e-05
7.06692376808375e-05
7.06685242393038e-05
7.06678108121751e-05
7.06670973994508e-05
7.06663840011307e-05
7.06656706172142e-05
7.06649572477009e-05
7.06642438925904e-05
7.06635305518822e-05
7.06628172255759e-05
7.06621039136711e-05
7.06613906161673e-05
7.06606773330642e-05
7.06599640643611e-05
7.06592508100578e-05
7.06585375701538e-05
7.06578243446487e-05
7.06571111335419e-05
7.06563979368332e-05
7.0655684754522e-05
7.06549715866079e-05
7.06542584330904e-05
7.06535452939692e-05
7.06528321692438e-05
7.06521190589138e-05
7.06514059629787e-05
7.0650692881438e-05
7.06499798142915e-05
7.06492667615385e-05
7.06485537231788e-05
7.06478406992118e-05
7.06471276896371e-05
7.06464146944543e-05
7.06457017136629e-05
7.06449887472625e-05
7.06442757952527e-05
7.0643562857633e-05
7.06428499344031e-05
7.06421370255624e-05
7.06414241311105e-05
7.0640711251047e-05
7.06399983853715e-05
7.06392855340835e-05
7.06385726971825e-05
7.06378598746682e-05
7.06371470665402e-05
7.06364342727979e-05
7.0635721493441e-05
7.06350087284689e-05
7.06342959778814e-05
7.06335832416779e-05
7.06328705198579e-05
7.06321578124212e-05
7.06314451193671e-05
7.06307324406954e-05
7.06300197764055e-05
7.06293071264971e-05
7.06285944909696e-05
7.06278818698227e-05
7.06271692630559e-05
7.06264566706688e-05
7.0625744092661e-05
7.06250315290319e-05
7.06243189797813e-05
7.06236064449085e-05
7.06228939244133e-05
7.06221814182952e-05
7.06214689265537e-05
7.06207564491884e-05
7.06200439861988e-05
7.06193315375846e-05
7.06186191033453e-05
7.06179066834805e-05
7.06171942779896e-05
7.06164818868724e-05
7.06157695101283e-05
7.0615057147757e-05
7.06143447997579e-05
7.06136324661307e-05
7.06129201468749e-05
7.06122078419901e-05
7.06114955514758e-05
7.06107832753316e-05
7.06100710135571e-05
7.06093587661519e-05
7.06086465331155e-05
7.06079343144474e-05
7.06072221101473e-05
7.06065099202146e-05
7.06057977446491e-05
7.06050855834502e-05
7.06043734366174e-05
7.06036613041505e-05
7.06029491860489e-05
7.06022370823121e-05
7.06015249929399e-05
7.06008129179316e-05
7.06001008572869e-05
7.05993888110054e-05
7.05986767790867e-05
7.05979647615302e-05
7.05972527583355e-05
7.05965407695023e-05
7.05958287950301e-05
7.05951168349184e-05
7.05944048891668e-05
7.05936929577749e-05
7.05929810407422e-05
7.05922691380684e-05
7.05915572497529e-05
7.05908453757954e-05
7.05901335161954e-05
7.05894216709525e-05
7.05887098400662e-05
7.05879980235361e-05
7.05872862213617e-05
7.05865744335427e-05
7.05858626600787e-05
7.0585150900969e-05
7.05844391562134e-05
7.05837274258115e-05
7.05830157097626e-05
7.05823040080665e-05
7.05815923207228e-05
7.05808806477308e-05
7.05801689890903e-05
7.05794573448008e-05
7.05787457148619e-05
7.0578034099273e-05
7.05773224980339e-05
7.0576610911144e-05
7.0575899338603e-05
7.05751877804103e-05
7.05744762365657e-05
7.05737647070685e-05
7.05730531919184e-05
7.05723416911149e-05
7.05716302046577e-05
7.05709187325463e-05
7.05702072747802e-05
7.05694958313591e-05
7.05687844022824e-05
7.05680729875498e-05
7.05673615871608e-05
7.0566650201115e-05
7.05659388294119e-05
7.05652274720511e-05
7.05645161290323e-05
7.05638048003548e-05
7.05630934860184e-05
7.05623821860226e-05
7.05616709003669e-05
7.0560959629051e-05
7.05602483720743e-05
7.05595371294364e-05
7.0558825901137e-05
7.05581146871756e-05
7.05574034875517e-05
7.05566923022649e-05
7.05559811313148e-05
7.05552699747009e-05
7.05545588324228e-05
7.05538477044802e-05
7.05531365908724e-05
7.05524254915992e-05
7.05517144066601e-05
7.05510033360546e-05
7.05502922797823e-05
7.05495812378428e-05
7.05488702102356e-05
7.05481591969604e-05
7.05474481980166e-05
7.05467372134039e-05
7.05460262431218e-05
7.05453152871698e-05
7.05446043455476e-05
7.05438934182547e-05
7.05431825052907e-05
7.05424716066552e-05
7.05417607223476e-05
7.05410498523677e-05
7.05403389967148e-05
7.05396281553887e-05
7.05389173283889e-05
7.05382065157149e-05
7.05374957173663e-05
7.05367849333427e-05
7.05360741636437e-05
7.05353634082688e-05
7.05346526672175e-05
7.05339419404895e-05
7.05332312280843e-05
7.05325205300015e-05
7.05318098462407e-05
7.05310991768013e-05
7.05303885216831e-05
7.05296778808854e-05
7.05289672544081e-05
7.05282566422505e-05
7.05275460444122e-05
7.05268354608929e-05
7.0526124891692e-05
7.05254143368092e-05
7.05247037962441e-05
7.05239932699961e-05
7.05232827580648e-05
7.05225722604499e-05
7.05218617771509e-05
7.05211513081674e-05
7.05204408534988e-05
7.05197304131449e-05
7.05190199871051e-05
7.0518309575379e-05
7.05175991779663e-05
7.05168887948664e-05
7.05161784260789e-05
7.05154680716034e-05
7.05147577314395e-05
7.05140474055867e-05
7.05133370940446e-05
7.05126267968128e-05
7.05119165138909e-05
7.05112062452783e-05
7.05104959909747e-05
7.05097857509796e-05
7.05090755252926e-05
7.05083653139133e-05
7.05076551168413e-05
7.0506944934076e-05
7.05062347656171e-05
7.05055246114642e-05
7.05048144716168e-05
7.05041043460744e-05
7.05033942348367e-05
7.05026841379033e-05
7.05019740552736e-05
7.05012639869472e-05
7.05005539329238e-05
7.04998438932028e-05
7.04991338677839e-05
7.04984238566666e-05
7.04977138598505e-05
7.04970038773352e-05
7.04962939091202e-05
7.04955839552051e-05
7.04948740155894e-05
7.04941640902728e-05
7.04934541792548e-05
7.04927442825349e-05
7.04920344001128e-05
7.0491324531988e-05
7.049061467816e-05
7.04899048386285e-05
7.04891950133929e-05
7.0488485202453e-05
7.04877754058082e-05
7.04870656234581e-05
7.04863558554023e-05
7.04856461016403e-05
7.04849363621717e-05
7.04842266369962e-05
7.04835169261131e-05
7.04828072295222e-05
7.0482097547223e-05
7.0481387879215e-05
7.04806782254979e-05
7.04799685860711e-05
7.04792589609343e-05
7.04785493500871e-05
7.04778397535289e-05
7.04771301712594e-05
7.04764206032782e-05
7.04757110495847e-05
7.04750015101786e-05
7.04742919850595e-05
7.04735824742268e-05
7.04728729776802e-05
7.04721634954193e-05
7.04714540274436e-05
7.04707445737527e-05
7.04700351343461e-05
7.04693257092234e-05
7.04686162983843e-05
7.04679069018281e-05
7.04671975195546e-05
7.04664881515633e-05
7.04657787978538e-05
7.04650694584256e-05
7.04643601332783e-05
7.04636508224115e-05
7.04629415258247e-05
7.04622322435175e-05
7.04615229754895e-05
7.04608137217402e-05
7.04601044822692e-05
7.04593952570761e-05
7.04586860461605e-05
7.04579768495219e-05
7.04572676671599e-05
7.0456558499074e-05
7.04558493452639e-05
7.0455140205729e-05
7.0454431080469e-05
7.04537219694835e-05
7.04530128727719e-05
7.04523037903339e-05
7.04515947221691e-05
7.0450885668277e-05
7.04501766286571e-05
7.04494676033091e-05
7.04487585922325e-05
7.04480495954269e-05
7.04473406128919e-05
7.04466316446269e-05
7.04459226906317e-05
7.04452137509057e-05
7.04445048254486e-05
7.04437959142598e-05
7.04430870173391e-05
7.04423781346858e-05
7.04416692662997e-05
7.04409604121803e-05
7.0440251572327e-05
7.04395427467396e-05
7.04388339354176e-05
7.04381251383606e-05
7.04374163555681e-05
7.04367075870396e-05
7.04359988327749e-05
7.04352900927733e-05
7.04345813670346e-05
7.04338726555582e-05
7.04331639583438e-05
7.04324552753909e-05
7.04317466066991e-05
7.04310379522679e-05
7.04303293120969e-05
7.04296206861857e-05
7.04289120745339e-05
7.0428203477141e-05
7.04274948940066e-05
7.04267863251303e-05
7.04260777705116e-05
7.04253692301501e-05
7.04246607040454e-05
7.0423952192197e-05
7.04232436946046e-05
7.04225352112676e-05
7.04218267421857e-05
7.04211182873584e-05
7.04204098467853e-05
7.0419701420466e-05
7.04189930084e-05
7.04182846105869e-05
7.04175762270263e-05
7.04168678577177e-05
7.04161595026607e-05
7.04154511618549e-05
7.04147428352999e-05
7.04140345229952e-05
7.04133262249404e-05
7.0412617941135e-05
7.04119096715787e-05
7.0411201416271e-05
7.04104931752115e-05
7.04097849483997e-05
7.04090767358352e-05
7.04083685375176e-05
7.04076603534464e-05
7.04069521836213e-05
7.04062440280418e-05
7.04055358867074e-05
7.04048277596178e-05
7.04041196467725e-05
7.0403411548171e-05
7.0402703463813e-05
7.0401995393698e-05
7.04012873378256e-05
7.04005792961954e-05
7.03998712688068e-05
7.03991632556596e-05
7.03984552567532e-05
7.03977472720873e-05
7.03970393016614e-05
7.0396331345475e-05
7.03956234035278e-05
7.03949154758193e-05
7.03942075623492e-05
7.03934996631168e-05
7.03927917781219e-05
7.0392083907364e-05
7.03913760508427e-05
7.03906682085575e-05
7.0389960380508e-05
7.03892525666938e-05
7.03885447671145e-05
7.03878369817696e-05
7.03871292106586e-05
7.03864214537813e-05
7.0385713711137e-05
7.03850059827255e-05
7.03842982685463e-05
7.03835905685989e-05
7.03828828828829e-05
7.03821752113979e-05
7.03814675541435e-05
7.03807599111192e-05
7.03800522823245e-05
7.03793446677592e-05
7.03786370674227e-05
7.03779294813147e-05
7.03772219094346e-05
7.0376514351782e-05
7.03758068083566e-05
7.03750992791579e-05
7.03743917641855e-05
7.03736842634389e-05
7.03729767769177e-05
7.03722693046214e-05
7.03715618465498e-05
7.03708544027022e-05
7.03701469730784e-05
7.03694395576778e-05
7.03687321565001e-05
7.03680247695447e-05
7.03673173968114e-05
7.03666100382995e-05
7.03659026940089e-05
7.03651953639388e-05
7.03644880480891e-05
7.03637807464592e-05
7.03630734590487e-05
7.03623661858572e-05
7.03616589268842e-05
7.03609516821293e-05
7.03602444515922e-05
7.03595372352722e-05
7.03588300331692e-05
7.03581228452825e-05
7.03574156716118e-05
7.03567085121566e-05
7.03560013669166e-05
7.03552942358913e-05
7.03545871190802e-05
7.03538800164829e-05
7.03531729280991e-05
7.03524658539282e-05
7.03517587939699e-05
7.03510517482236e-05
7.03503447166891e-05
7.03496376993658e-05
7.03489306962534e-05
7.03482237073514e-05
7.03475167326593e-05
7.03468097721768e-05
7.03461028259034e-05
7.03453958938388e-05
7.03446889759823e-05
7.03439820723337e-05
7.03432751828925e-05
7.03425683076583e-05
7.03418614466306e-05
7.03411545998091e-05
7.03404477671932e-05
7.03397409487826e-05
7.03390341445769e-05
7.03383273545755e-05
7.03376205787781e-05
7.03369138171843e-05
7.03362070697936e-05
7.03355003366056e-05
7.03347936176199e-05
7.0334086912836e-05
7.03333802222535e-05
7.0332673545872e-05
7.0331966883691e-05
7.03312602357102e-05
7.03305536019291e-05
7.03298469823472e-05
7.03291403769642e-05
7.03284337857796e-05
7.0327727208793e-05
7.03270206460039e-05
7.0326314097412e-05
7.03256075630168e-05
7.03249010428178e-05
7.03241945368147e-05
7.0323488045007e-05
7.03227815673943e-05
7.03220751039762e-05
7.03213686547522e-05
7.03206622197219e-05
7.03199557988849e-05
7.03192493922408e-05
7.0318542999789e-05
7.03178366215293e-05
7.03171302574611e-05
7.03164239075841e-05
7.03157175718978e-05
7.03150112504018e-05
7.03143049430956e-05
7.03135986499789e-05
7.03128923710512e-05
7.0312186106312e-05
7.0311479855761e-05
7.03107736193977e-05
7.03100673972218e-05
7.03093611892326e-05
7.03086549954299e-05
7.03079488158133e-05
7.03072426503822e-05
7.03065364991362e-05
7.0305830362075e-05
7.03051242391981e-05
7.03044181305051e-05
7.03037120359955e-05
7.03030059556689e-05
7.0302299889525e-05
7.03015938375632e-05
7.03008877997831e-05
7.03001817761843e-05
7.02994757667664e-05
7.0298769771529e-05
7.02980637904716e-05
7.02973578235938e-05
7.02966518708952e-05
7.02959459323753e-05
7.02952400080337e-05
7.02945340978701e-05
7.02938282018839e-05
7.02931223200747e-05
7.02924164524422e-05
7.02917105989858e-05
7.02910047597052e-05
7.02902989345999e-05
7.02895931236695e-05
7.02888873269136e-05
7.02881815443318e-05
7.02874757759235e-05
7.02867700216885e-05
7.02860642816262e-05
7.02853585557363e-05
7.02846528440183e-05
7.02839471464717e-05
7.02832414630963e-05
7.02825357938914e-05
7.02818301388568e-05
7.0281124497992e-05
7.02804188712965e-05
7.02797132587699e-05
7.02790076604118e-05
7.02783020762218e-05
7.02775965061995e-05
7.02768909503444e-05
7.0276185408656e-05
7.0275479881134e-05
7.0274774367778e-05
7.02740688685875e-05
7.02733633835621e-05
7.02726579127013e-05
7.02719524560047e-05
7.0271247013472e-05
7.02705415851026e-05
7.02698361708962e-05
7.02691307708524e-05
7.02684253849706e-05
7.02677200132505e-05
7.02670146556916e-05
7.02663093122936e-05
7.0265603983056e-05
7.02648986679783e-05
7.02641933670601e-05
7.02634880803011e-05
7.02627828077008e-05
7.02620775492587e-05
7.02613723049745e-05
7.02606670748477e-05
7.02599618588778e-05
7.02592566570646e-05
7.02585514694074e-05
7.0257846295906e-05
7.02571411365598e-05
7.02564359913685e-05
7.02557308603316e-05
7.02550257434487e-05
7.02543206407194e-05
7.02536155521432e-05
7.02529104777198e-05
7.02522054174486e-05
7.02515003713294e-05
7.02507953393615e-05
7.02500903215447e-05
7.02493853178785e-05
7.02486803283624e-05
7.02479753529961e-05
7.02472703917791e-05
7.02465654447109e-05
7.02458605117913e-05
7.02451555930196e-05
7.02444506883956e-05
7.02437457979188e-05
7.02430409215887e-05
7.02423360594049e-05
7.02416312113671e-05
7.02409263774747e-05
7.02402215577274e-05
7.02395167521247e-05
7.02388119606663e-05
7.02381071833516e-05
7.02374024201802e-05
7.02366976711518e-05
7.02359929362659e-05
7.0235288215522e-05
7.02345835089198e-05
7.02338788164588e-05
7.02331741381386e-05
7.02324694739588e-05
7.02317648239189e-05
7.02310601880186e-05
7.02303555662573e-05
7.02296509586347e-05
7.02289463651504e-05
7.02282417858039e-05
7.02275372205947e-05
7.02268326695226e-05
7.02261281325869e-05
7.02254236097874e-05
7.02247191011236e-05
7.0224014606595e-05
7.02233101262013e-05
7.0222605659942e-05
7.02219012078167e-05
7.0221196769825e-05
7.02204923459663e-05
7.02197879362404e-05
7.02190835406468e-05
7.02183791591851e-05
7.02176747918548e-05
7.02169704386554e-05
7.02162660995867e-05
7.02155617746482e-05
7.02148574638394e-05
7.02141531671598e-05
7.02134488846092e-05
7.02127446161871e-05
7.02120403618929e-05
7.02113361217264e-05
7.02106318956871e-05
7.02099276837745e-05
7.02092234859882e-05
7.02085193023279e-05
7.02078151327931e-05
7.02071109773833e-05
7.02064068360981e-05
7.02057027089372e-05
7.02049985959e-05
7.02042944969862e-05
7.02035904121954e-05
7.0202886341527e-05
7.02021822849807e-05
7.02014782425561e-05
7.02007742142528e-05
7.02000702000702e-05
7.0199366200008e-05
7.01986622140658e-05
7.01979582422431e-05
7.01972542845396e-05
7.01965503409547e-05
7.0195846411488e-05
7.01951424961393e-05
7.01944385949079e-05
7.01937347077935e-05
7.01930308347957e-05
7.0192326975914e-05
7.0191623131148e-05
7.01909193004974e-05
7.01902154839615e-05
7.01895116815402e-05
7.01888078932328e-05
7.0188104119039e-05
7.01874003589584e-05
7.01866966129906e-05
7.0185992881135e-05
7.01852891633914e-05
7.01845854597592e-05
7.0183881770238e-05
7.01831780948275e-05
7.01824744335272e-05
7.01817707863366e-05
7.01810671532554e-05
7.01803635342831e-05
7.01796599294193e-05
7.01789563386636e-05
7.01782527620155e-05
7.01775491994747e-05
7.01768456510406e-05
7.01761421167129e-05
7.01754385964912e-05
7.0174735090375e-05
7.01740315983639e-05
7.01733281204575e-05
7.01726246566554e-05
7.0171921206957e-05
7.01712177713621e-05
7.01705143498702e-05
7.01698109424808e-05
7.01691075491936e-05
7.0168404170008e-05
7.01677008049238e-05
7.01669974539404e-05
7.01662941170574e-05
7.01655907942745e-05
7.01648874855911e-05
7.0164184191007e-05
7.01634809105215e-05
7.01627776441344e-05
7.01620743918452e-05
7.01613711536534e-05
7.01606679295587e-05
7.01599647195606e-05
7.01592615236587e-05
7.01585583418526e-05
7.01578551741418e-05
7.0157152020526e-05
7.01564488810046e-05
7.01557457555774e-05
7.01550426442438e-05
7.01543395470034e-05
7.01536364638558e-05
7.01529333948007e-05
7.01522303398374e-05
7.01515272989658e-05
7.01508242721852e-05
7.01501212594953e-05
7.01494182608957e-05
7.01487152763859e-05
7.01480123059656e-05
7.01473093496342e-05
7.01466064073915e-05
7.01459034792368e-05
7.01452005651699e-05
7.01444976651903e-05
7.01437947792976e-05
7.01430919074913e-05
7.0142389049771e-05
7.01416862061364e-05
7.01409833765869e-05
7.01402805611222e-05
7.01395777597419e-05
7.01388749724454e-05
7.01381721992325e-05
7.01374694401026e-05
7.01367666950554e-05
7.01360639640903e-05
7.01353612472071e-05
7.01346585444053e-05
7.01339558556844e-05
7.0133253181044e-05
7.01325505204837e-05
7.01318478740031e-05
7.01311452416018e-05
7.01304426232793e-05
7.01297400190352e-05
7.01290374288691e-05
7.01283348527806e-05
7.01276322907692e-05
7.01269297428345e-05
7.01262272089762e-05
7.01255246891937e-05
7.01248221834866e-05
7.01241196918546e-05
7.01234172142972e-05
7.01227147508139e-05
7.01220123014044e-05
7.01213098660683e-05
7.01206074448051e-05
7.01199050376143e-05
7.01192026444956e-05
7.01185002654486e-05
7.01177979004728e-05
7.01170955495678e-05
7.01163932127331e-05
7.01156908899684e-05
7.01149885812733e-05
7.01142862866472e-05
7.01135840060899e-05
7.01128817396008e-05
7.01121794871795e-05
7.01114772488256e-05
7.01107750245388e-05
7.01100728143185e-05
7.01093706181643e-05
7.01086684360759e-05
7.01079662680528e-05
7.01072641140946e-05
7.01065619742008e-05
7.0105859848371e-05
7.01051577366049e-05
7.0104455638902e-05
7.01037535552618e-05
7.0103051485684e-05
7.0102349430168e-05
7.01016473887136e-05
7.01009453613203e-05
7.01002433479876e-05
7.00995413487152e-05
7.00988393635025e-05
7.00981373923493e-05
7.0097435435255e-05
7.00967334922193e-05
7.00960315632416e-05
7.00953296483217e-05
7.00946277474591e-05
7.00939258606533e-05
7.00932239879039e-05
7.00925221292106e-05
7.00918202845728e-05
7.00911184539902e-05
7.00904166374623e-05
7.00897148349888e-05
7.00890130465691e-05
7.0088311272203e-05
7.00876095118899e-05
7.00869077656294e-05
7.00862060334211e-05
7.00855043152646e-05
7.00848026111595e-05
7.00841009211053e-05
7.00833992451017e-05
7.00826975831481e-05
7.00819959352442e-05
7.00812943013896e-05
7.00805926815838e-05
7.00798910758264e-05
7.00791894841171e-05
7.00784879064552e-05
7.00777863428405e-05
7.00770847932726e-05
7.00763832577509e-05
7.00756817362752e-05
7.00749802288449e-05
7.00742787354596e-05
7.00735772561189e-05
7.00728757908225e-05
7.00721743395698e-05
7.00714729023604e-05
7.0070771479194e-05
7.00700700700701e-05
7.00693686749882e-05
7.00686672939481e-05
7.00679659269491e-05
7.0067264573991e-05
7.00665632350733e-05
7.00658619101956e-05
7.00651605993574e-05
7.00644593025583e-05
7.0063758019798e-05
7.0063056751076e-05
7.00623554963918e-05
7.00616542557451e-05
7.00609530291353e-05
7.00602518165622e-05
7.00595506180253e-05
7.00588494335242e-05
7.00581482630583e-05
7.00574471066274e-05
7.0056745964231e-05
7.00560448358687e-05
7.005534372154e-05
7.00546426212446e-05
7.00539415349819e-05
7.00532404627517e-05
7.00525394045534e-05
7.00518383603867e-05
7.00511373302511e-05
7.00504363141462e-05
7.00497353120716e-05
7.00490343240268e-05
7.00483333500115e-05
7.00476323900252e-05
7.00469314440675e-05
7.0046230512138e-05
7.00455295942362e-05
7.00448286903618e-05
7.00441278005143e-05
7.00434269246933e-05
7.00427260628984e-05
7.00420252151291e-05
7.0041324381385e-05
7.00406235616658e-05
7.00399227559709e-05
7.00392219643e-05
7.00385211866527e-05
7.00378204230284e-05
7.00371196734269e-05
7.00364189378477e-05
7.00357182162903e-05
7.00350175087544e-05
7.00343168152395e-05
7.00336161357452e-05
7.0032915470271e-05
7.00322148188167e-05
7.00315141813816e-05
7.00308135579655e-05
7.00301129485679e-05
7.00294123531883e-05
7.00287117718264e-05
7.00280112044818e-05
7.0027310651154e-05
7.00266101118425e-05
7.0025909586547e-05
7.00252090752671e-05
7.00245085780023e-05
7.00238080947522e-05
7.00231076255164e-05
7.00224071702945e-05
7.0021706729086e-05
7.00210063018906e-05
7.00203058887077e-05
7.00196054895371e-05
7.00189051043782e-05
7.00182047332306e-05
7.0017504376094e-05
7.00168040329679e-05
7.00161037038519e-05
7.00154033887455e-05
7.00147030876484e-05
7.00140028005601e-05
7.00133025274802e-05
7.00126022684083e-05
7.0011902023344e-05
7.00112017922868e-05
7.00105015752363e-05
7.00098013721921e-05
7.00091011831538e-05
7.0008401008121e-05
7.00077008470932e-05
7.000700070007e-05
7.0006300567051e-05
7.00056004480358e-05
7.0004900343024e-05
7.00042002520151e-05
7.00035001750088e-05
7.00028001120045e-05
7.00021000630019e-05
7.00014000280006e-05
7.00007000070001e-05
7e-05
6.99993000069999e-05
6.99986000279994e-05
6.99979000629981e-05
6.99972001119955e-05
6.99965001749913e-05
6.99958002519849e-05
6.9995100342976e-05
6.99944004479642e-05
6.9993700566949e-05
6.999300069993e-05
6.99923008469068e-05
6.99916010078791e-05
6.99909011828462e-05
6.99902013718079e-05
6.99895015747638e-05
6.99888017917133e-05
6.99881020226561e-05
6.99874022675918e-05
6.998670252652e-05
6.99860027994401e-05
6.99853030863519e-05
6.99846033872548e-05
6.99839037021485e-05
6.99832040310326e-05
6.99825043739065e-05
6.998180473077e-05
6.99811051016226e-05
6.99804054864638e-05
6.99797058852933e-05
6.99790062981106e-05
6.99783067249153e-05
6.9977607165707e-05
6.99769076204852e-05
6.99762080892497e-05
6.99755085719998e-05
6.99748090687353e-05
6.99741095794556e-05
6.99734101041604e-05
6.99727106428493e-05
6.99720111955218e-05
6.99713117621775e-05
6.9970612342816e-05
6.99699129374369e-05
6.99692135460397e-05
6.99685141686241e-05
6.99678148051896e-05
6.99671154557358e-05
6.99664161202623e-05
6.99657167987686e-05
6.99650174912544e-05
6.99643181977192e-05
6.99636189181626e-05
6.99629196525841e-05
6.99622204009835e-05
6.99615211633602e-05
6.99608219397138e-05
6.99601227300439e-05
6.99594235343501e-05
6.99587243526319e-05
6.99580251848891e-05
6.9957326031121e-05
6.99566268913274e-05
6.99559277655077e-05
6.99552286536617e-05
6.99545295557887e-05
6.99538304718885e-05
6.99531314019607e-05
6.99524323460047e-05
6.99517333040202e-05
6.99510342760068e-05
6.9950335261964e-05
6.99496362618914e-05
6.99489372757887e-05
6.99482383036553e-05
6.99475393454909e-05
6.9946840401295e-05
6.99461414710673e-05
6.99454425548072e-05
6.99447436525145e-05
6.99440447641886e-05
6.99433458898292e-05
6.99426470294359e-05
6.99419481830081e-05
6.99412493505455e-05
6.99405505320478e-05
6.99398517275143e-05
6.99391529369449e-05
6.99384541603389e-05
6.9937755397696e-05
6.99370566490159e-05
6.9936357914298e-05
6.99356591935419e-05
6.99349604867473e-05
6.99342617939137e-05
6.99335631150407e-05
6.99328644501279e-05
6.99321657991748e-05
6.99314671621811e-05
6.99307685391462e-05
6.99300699300699e-05
6.99293713349517e-05
6.99286727537911e-05
6.99279741865878e-05
6.99272756333413e-05
6.99265770940513e-05
6.99258785687172e-05
6.99251800573386e-05
6.99244815599153e-05
6.99237830764467e-05
6.99230846069324e-05
6.9922386151372e-05
6.99216877097651e-05
6.99209892821112e-05
6.992029086841e-05
6.9919592468661e-05
6.99188940828639e-05
6.99181957110181e-05
6.99174973531233e-05
6.99167990091791e-05
6.9916100679185e-05
6.99154023631406e-05
6.99147040610455e-05
6.99140057728993e-05
6.99133074987016e-05
6.99126092384519e-05
6.99119109921499e-05
6.99112127597951e-05
6.9910514541387e-05
6.99098163369254e-05
6.99091181464097e-05
6.99084199698395e-05
6.99077218072145e-05
6.99070236585342e-05
6.99063255237981e-05
6.99056274030059e-05
6.99049292961572e-05
6.99042312032515e-05
6.99035331242885e-05
6.99028350592676e-05
6.99021370081885e-05
6.99014389710508e-05
6.9900740947854e-05
6.99000429385978e-05
6.98993449432817e-05
6.98986469619052e-05
6.98979489944681e-05
6.98972510409698e-05
6.98965531014099e-05
6.98958551757881e-05
6.98951572641038e-05
6.98944593663568e-05
6.98937614825465e-05
6.98930636126726e-05
6.98923657567346e-05
6.98916679147322e-05
6.98909700866648e-05
6.98902722725321e-05
6.98895744723337e-05
6.98888766860692e-05
6.9888178913738e-05
6.98874811553399e-05
6.98867834108744e-05
6.9886085680341e-05
6.98853879637395e-05
6.98846902610692e-05
6.98839925723299e-05
6.98832948975211e-05
6.98825972366424e-05
6.98818995896934e-05
6.98812019566737e-05
6.98805043375827e-05
6.98798067324202e-05
6.98791091411858e-05
6.98784115638789e-05
6.98777140004991e-05
6.98770164510462e-05
6.98763189155195e-05
6.98756213939188e-05
6.98749238862436e-05
6.98742263924935e-05
6.98735289126681e-05
6.98728314467669e-05
6.98721339947895e-05
6.98714365567356e-05
6.98707391326047e-05
6.98700417223963e-05
6.98693443261102e-05
6.98686469437458e-05
6.98679495753027e-05
6.98672522207805e-05
6.98665548801789e-05
6.98658575534973e-05
6.98651602407354e-05
6.98644629418927e-05
6.98637656569689e-05
6.98630683859635e-05
6.98623711288761e-05
6.98616738857063e-05
6.98609766564537e-05
6.98602794411178e-05
6.98595822396982e-05
6.98588850521946e-05
6.98581878786064e-05
6.98574907189334e-05
6.9856793573175e-05
6.98560964413309e-05
6.98553993234006e-05
6.98547022193837e-05
6.98540051292798e-05
6.98533080530885e-05
6.98526109908094e-05
6.9851913942442e-05
6.9851216907986e-05
6.98505198874409e-05
6.98498228808063e-05
6.98491258880817e-05
6.98484289092669e-05
6.98477319443613e-05
6.98470349933645e-05
6.98463380562762e-05
6.98456411330959e-05
6.98449442238231e-05
6.98442473284575e-05
6.98435504469987e-05
6.98428535794462e-05
6.98421567257997e-05
6.98414598860586e-05
6.98407630602227e-05
6.98400662482914e-05
6.98393694502644e-05
6.98386726661412e-05
6.98379758959215e-05
6.98372791396047e-05
6.98365823971906e-05
6.98358856686786e-05
6.98351889540684e-05
6.98344922533595e-05
6.98337955665516e-05
6.98330988936442e-05
6.98324022346369e-05
6.98317055895292e-05
6.98310089583209e-05
6.98303123410113e-05
6.98296157376003e-05
6.98289191480872e-05
6.98282225724717e-05
6.98275260107534e-05
6.98268294629319e-05
6.98261329290068e-05
6.98254364089776e-05
6.98247399028439e-05
6.98240434106053e-05
6.98233469322614e-05
6.98226504678118e-05
6.9821954017256e-05
6.98212575805937e-05
6.98205611578244e-05
6.98198647489477e-05
6.98191683539632e-05
6.98184719728705e-05
6.98177756056692e-05
6.98170792523588e-05
6.9816382912939e-05
6.98156865874092e-05
6.98149902757692e-05
6.98142939780185e-05
6.98135976941566e-05
6.98129014241832e-05
6.98122051680978e-05
6.98115089259001e-05
6.98108126975895e-05
6.98101164831658e-05
6.98094202826284e-05
6.9808724095977e-05
6.98080279232112e-05
6.98073317643304e-05
6.98066356193344e-05
6.98059394882227e-05
6.98052433709949e-05
6.98045472676506e-05
6.98038511781893e-05
6.98031551026106e-05
6.98024590409142e-05
6.98017629930996e-05
6.98010669591664e-05
6.98003709391141e-05
6.97996749329425e-05
6.97989789406509e-05
6.97982829622391e-05
6.97975869977066e-05
6.97968910470531e-05
6.9796195110278e-05
6.9795499187381e-05
6.97948032783616e-05
6.97941073832195e-05
6.97934115019542e-05
6.97927156345653e-05
6.97920197810525e-05
6.97913239414152e-05
6.9790628115653e-05
6.97899323037657e-05
6.97892365057526e-05
6.97885407216135e-05
6.97878449513479e-05
6.97871491949554e-05
6.97864534524356e-05
6.9785757723788e-05
6.97850620090122e-05
6.97843663081079e-05
6.97836706210747e-05
6.9782974947912e-05
6.97822792886195e-05
6.97815836431968e-05
6.97808880116434e-05
6.9780192393959e-05
6.97794967901431e-05
6.97788012001954e-05
6.97781056241153e-05
6.97774100619025e-05
6.97767145135566e-05
6.97760189790772e-05
6.97753234584638e-05
6.9774627951716e-05
6.97739324588334e-05
6.97732369798156e-05
6.97725415146622e-05
6.97718460633728e-05
6.97711506259469e-05
6.97704552023842e-05
6.97697597926841e-05
6.97690643968464e-05
6.97683690148706e-05
6.97676736467563e-05
6.9766978292503e-05
6.97662829521104e-05
6.97655876255781e-05
6.97648923129055e-05
6.97641970140924e-05
6.97635017291382e-05
6.97628064580427e-05
6.97621112008053e-05
6.97614159574256e-05
6.97607207279033e-05
6.97600255122379e-05
6.9759330310429e-05
6.97586351224762e-05
6.97579399483791e-05
6.97572447881373e-05
6.97565496417503e-05
6.97558545092177e-05
6.97551593905392e-05
6.97544642857143e-05
6.97537691947426e-05
6.97530741176236e-05
6.9752379054357e-05
6.97516840049424e-05
6.97509889693793e-05
6.97502939476674e-05
6.97495989398061e-05
6.97489039457951e-05
6.97482089656341e-05
6.97475139993225e-05
6.97468190468599e-05
6.9746124108246e-05
6.97454291834803e-05
6.97447342725624e-05
6.9744039375492e-05
6.97433444922685e-05
6.97426496228915e-05
6.97419547673608e-05
6.97412599256757e-05
6.9740565097836e-05
6.97398702838413e-05
6.9739175483691e-05
6.97384806973848e-05
6.97377859249223e-05
6.9737091166303e-05
6.97363964215266e-05
6.97357016905927e-05
6.97350069735007e-05
6.97343122702503e-05
6.97336175808412e-05
6.97329229052728e-05
6.97322282435448e-05
6.97315335956567e-05
6.97308389616082e-05
6.97301443413988e-05
6.97294497350281e-05
6.97287551424957e-05
6.97280605638012e-05
6.97273659989441e-05
6.97266714479241e-05
6.97259769107408e-05
6.97252823873937e-05
6.97245878778824e-05
6.97238933822065e-05
6.97231989003655e-05
6.97225044323592e-05
6.9721809978187e-05
6.97211155378486e-05
6.97204211113435e-05
6.97197266986713e-05
6.97190322998317e-05
6.97183379148241e-05
6.97176435436482e-05
6.97169491863036e-05
6.97162548427899e-05
6.97155605131065e-05
6.97148661972532e-05
6.97141718952296e-05
6.97134776070351e-05
6.97127833326694e-05
6.97120890721321e-05
6.97113948254227e-05
6.9710700592541e-05
6.97100063734863e-05
6.97093121682584e-05
6.97086179768567e-05
6.9707923799281e-05
6.97072296355308e-05
6.97065354856056e-05
6.97058413495051e-05
6.97051472272288e-05
6.97044531187764e-05
6.97037590241474e-05
6.97030649433414e-05
6.97023708763579e-05
6.97016768231967e-05
6.97009827838573e-05
6.97002887583391e-05
6.9699594746642e-05
6.96989007487653e-05
6.96982067647088e-05
6.9697512794472e-05
6.96968188380545e-05
6.96961248954558e-05
6.96954309666756e-05
6.96947370517135e-05
6.9694043150569e-05
6.96933492632417e-05
6.96926553897313e-05
6.96919615300372e-05
6.96912676841592e-05
6.96905738520967e-05
6.96898800338494e-05
6.96891862294168e-05
6.96884924387986e-05
6.96877986619943e-05
6.96871048990035e-05
6.96864111498258e-05
6.96857174144608e-05
6.9685023692908e-05
6.96843299851672e-05
6.96836362912378e-05
6.96829426111194e-05
6.96822489448117e-05
6.96815552923141e-05
6.96808616536264e-05
6.9680168028748e-05
6.96794744176787e-05
6.96787808204179e-05
6.96780872369652e-05
6.96773936673203e-05
6.96767001114827e-05
6.9676006569452e-05
6.96753130412279e-05
6.96746195268098e-05
6.96739260261974e-05
6.96732325393903e-05
6.9672539066388e-05
6.96718456071901e-05
6.96711521617963e-05
6.96704587302061e-05
6.96697653124191e-05
6.96690719084349e-05
6.96683785182531e-05
6.96676851418733e-05
6.9666991779295e-05
6.96662984305178e-05
6.96656050955414e-05
6.96649117743653e-05
6.96642184669891e-05
6.96635251734124e-05
6.96628318936348e-05
6.96621386276559e-05
6.96614453754752e-05
6.96607521370924e-05
6.9660058912507e-05
6.96593657017186e-05
6.96586725047268e-05
6.96579793215313e-05
6.96572861521315e-05
6.96565929965271e-05
6.96558998547177e-05
6.96552067267028e-05
6.96545136124821e-05
6.96538205120551e-05
6.96531274254214e-05
6.96524343525806e-05
6.96517412935323e-05
6.96510482482761e-05
6.96503552168116e-05
6.96496621991383e-05
6.96489691952559e-05
6.96482762051639e-05
6.9647583228862e-05
6.96468902663496e-05
6.96461973176265e-05
6.96455043826921e-05
6.96448114615461e-05
6.96441185541881e-05
6.96434256606176e-05
6.96427327808343e-05
6.96420399148377e-05
6.96413470626275e-05
6.96406542242031e-05
6.96399613995642e-05
6.96392685887105e-05
6.96385757916414e-05
6.96378830083565e-05
6.96371902388556e-05
6.9636497483138e-05
6.96358047412035e-05
6.96351120130516e-05
6.96344192986819e-05
6.9633726598094e-05
6.96330339112875e-05
6.9632341238262e-05
6.9631648579017e-05
6.96309559335522e-05
6.96302633018671e-05
6.96295706839613e-05
6.96288780798345e-05
6.96281854894861e-05
6.96274929129159e-05
6.96268003501233e-05
6.9626107801108e-05
6.96254152658696e-05
6.96247227444076e-05
6.96240302367217e-05
6.96233377428114e-05
6.96226452626763e-05
6.9621952796316e-05
6.96212603437301e-05
6.96205679049182e-05
6.96198754798799e-05
6.96191830686147e-05
6.96184906711222e-05
6.96177982874022e-05
6.9617105917454e-05
6.96164135612774e-05
6.96157212188718e-05
6.9615028890237e-05
6.96143365753724e-05
6.96136442742778e-05
6.96129519869525e-05
6.96122597133964e-05
6.96115674536089e-05
6.96108752075896e-05
6.96101829753381e-05
6.9609490756854e-05
6.9608798552137e-05
6.96081063611865e-05
6.96074141840022e-05
6.96067220205837e-05
6.96060298709305e-05
6.96053377350423e-05
6.96046456129186e-05
6.96039535045591e-05
6.96032614099632e-05
6.96025693291307e-05
6.9601877262061e-05
6.96011852087538e-05
6.96004931692087e-05
6.95998011434253e-05
6.95991091314031e-05
6.95984171331418e-05
6.95977251486409e-05
6.95970331779e-05
6.95963412209187e-05
6.95956492776966e-05
6.95949573482333e-05
6.95942654325284e-05
6.95935735305814e-05
6.9592881642392e-05
6.95921897679597e-05
6.95914979072842e-05
6.95908060603651e-05
6.95901142272018e-05
6.9589422407794e-05
6.95887306021413e-05
6.95880388102434e-05
6.95873470320997e-05
6.95866552677098e-05
6.95859635170734e-05
6.95852717801901e-05
6.95845800570594e-05
6.95838883476809e-05
6.95831966520542e-05
6.95825049701789e-05
6.95818133020546e-05
6.9581121647681e-05
6.95804300070574e-05
6.95797383801837e-05
6.95790467670593e-05
7.95181201916387e-05
7.9517329808065e-05
7.95165394402036e-05
7.95157490880538e-05
7.95149587516152e-05
7.95141684308873e-05
7.95133781258697e-05
7.95125878365619e-05
7.95117975629634e-05
7.95110073050738e-05
7.95102170628926e-05
8.94481051909717e-05
8.94472162038601e-05
8.94463272344189e-05
8.94454382826476e-05
8.94445493485455e-05
8.94436604321123e-05
8.94427715333472e-05
8.944188265225e-05
8.94409937888199e-05
8.94401049430565e-05
8.94392161149592e-05
8.94383273045276e-05
8.9437438511761e-05
8.9436549736659e-05
8.94356609792211e-05
8.94347722394467e-05
8.94338835173353e-05
8.94329948128863e-05
8.94321061260993e-05
8.94312174569736e-05
8.94303288055089e-05
8.94294401717045e-05
8.942855155556e-05
8.94276629570747e-05
8.94267743762482e-05
8.942588581308e-05
8.94249972675695e-05
8.94241087397162e-05
8.94232202295196e-05
8.94223317369791e-05
8.94214432620942e-05
8.94205548048645e-05
8.94196663652893e-05
8.94187779433681e-05
8.94178895391005e-05
8.94170011524858e-05
8.94161127835236e-05
8.94152244322133e-05
8.94143360985545e-05
8.94134477825465e-05
8.94125594841889e-05
8.94116712034811e-05
8.94107829404226e-05
8.94098946950129e-05
8.94090064672515e-05
8.94081182571377e-05
8.94072300646712e-05
8.94063418898514e-05
8.94054537326777e-05
8.94045655931496e-05
8.94036774712667e-05
8.94027893670283e-05
8.94019012804339e-05
8.94010132114831e-05
8.94001251601752e-05
8.93992371265099e-05
8.93983491104864e-05
8.93974611121044e-05
8.93965731313633e-05
8.93956851682625e-05
8.93947972228016e-05
8.939390929498e-05
8.93930213847972e-05
8.93921334922527e-05
8.93912456173459e-05
8.93903577600763e-05
8.93894699204434e-05
8.93885820984466e-05
8.93876942940855e-05
8.93868065073595e-05
8.93859187382681e-05
8.93850309868107e-05
8.93841432529869e-05
8.93832555367961e-05
8.93823678382378e-05
8.93814801573114e-05
8.93805924940165e-05
8.93797048483524e-05
8.93788172203188e-05
8.9377929609915e-05
8.93770420171405e-05
8.93761544419949e-05
8.93752668844775e-05
8.93743793445879e-05
8.93734918223255e-05
8.93726043176898e-05
8.93717168306803e-05
8.93708293612965e-05
8.93699419095378e-05
8.93690544754036e-05
8.93681670588936e-05
8.93672796600071e-05
8.93663922787437e-05
8.93655049151028e-05
8.93646175690838e-05
8.93637302406863e-05
8.93628429299097e-05
8.93619556367536e-05
8.93610683612173e-05
8.93601811033004e-05
8.93592938630023e-05
8.93584066403225e-05
8.93575194352605e-05
8.93566322478157e-05
8.93557450779877e-05
8.93548579257759e-05
8.93539707911798e-05
8.93530836741988e-05
8.93521965748325e-05
8.93513094930802e-05
8.93504224289416e-05
8.9349535382416e-05
8.9348648353503e-05
8.93477613422019e-05
8.93468743485124e-05
8.93459873724338e-05
8.93451004139656e-05
8.93442134731074e-05
8.93433265498585e-05
8.93424396442185e-05
8.93415527561869e-05
8.93406658857631e-05
8.93397790329465e-05
8.93388921977367e-05
8.93380053801332e-05
8.93371185801354e-05
8.93362317977428e-05
8.93353450329548e-05
8.9334458285771e-05
8.93335715561908e-05
8.93326848442137e-05
8.93317981498392e-05
8.93309114730667e-05
8.93300248138958e-05
8.93291381723258e-05
8.93282515483564e-05
8.93273649419868e-05
8.93264783532167e-05
8.93255917820456e-05
8.93247052284727e-05
8.93238186924978e-05
8.93229321741202e-05
8.93220456733394e-05
8.93211591901548e-05
8.93202727245661e-05
8.93193862765725e-05
8.93184998461737e-05
8.93176134333691e-05
8.93167270381581e-05
8.93158406605403e-05
8.93149543005151e-05
8.93140679580819e-05
8.93131816332404e-05
8.93122953259899e-05
8.93114090363299e-05
8.93105227642599e-05
8.93096365097794e-05
8.93087502728879e-05
8.93078640535847e-05
8.93069778518695e-05
8.93060916677417e-05
8.93052055012007e-05
8.9304319352246e-05
8.93034332208772e-05
8.93025471070936e-05
8.93016610108948e-05
8.93007749322802e-05
8.92998888712494e-05
8.92990028278018e-05
8.92981168019368e-05
8.92972307936539e-05
8.92963448029527e-05
8.92954588298326e-05
8.92945728742931e-05
8.92936869363336e-05
8.92928010159537e-05
8.92919151131527e-05
8.92910292279302e-05
8.92901433602857e-05
8.92892575102187e-05
8.92883716777285e-05
8.92874858628147e-05
8.92866000654768e-05
8.92857142857143e-05
8.92848285235266e-05
8.92839427789131e-05
8.92830570518735e-05
8.9282171342407e-05
8.92812856505134e-05
8.92803999761919e-05
8.92795143194421e-05
8.92786286802635e-05
8.92777430586555e-05
8.92768574546176e-05
8.92759718681493e-05
8.92750862992501e-05
8.92742007479194e-05
8.92733152141568e-05
8.92724296979616e-05
8.92715441993334e-05
8.92706587182717e-05
8.92697732547759e-05
8.92688878088456e-05
8.92680023804801e-05
8.92671169696789e-05
8.92662315764417e-05
8.92653462007677e-05
8.92644608426565e-05
8.92635755021076e-05
8.92626901791205e-05
8.92618048736945e-05
8.92609195858293e-05
8.92600343155243e-05
8.92591490627789e-05
8.92582638275927e-05
8.92573786099651e-05
8.92564934098956e-05
8.92556082273836e-05
8.92547230624287e-05
8.92538379150304e-05
8.9252952785188e-05
8.92520676729011e-05
8.92511825781692e-05
8.92502975009917e-05
8.92494124413681e-05
8.92485273992979e-05
8.92476423747806e-05
8.92467573678156e-05
8.92458723784025e-05
8.92449874065407e-05
8.92441024522296e-05
8.92432175154688e-05
8.92423325962578e-05
8.92414476945959e-05
8.92405628104828e-05
8.92396779439178e-05
8.92387930949005e-05
8.92379082634303e-05
8.92370234495067e-05
8.92361386531292e-05
8.92352538742973e-05
8.92343691130104e-05
8.9233484369268e-05
8.92325996430696e-05
8.92317149344147e-05
8.92308302433027e-05
8.92299455697332e-05
8.92290609137056e-05
8.92281762752193e-05
8.9227291654274e-05
8.9226407050869e-05
8.92255224650038e-05
8.92246378966779e-05
8.92237533458908e-05
8.92228688126419e-05
8.92219842969308e-05
8.92210997987569e-05
8.92202153181196e-05
8.92193308550186e-05
8.92184464094532e-05
8.92175619814229e-05
8.92166775709273e-05
8.92157931779657e-05
8.92149088025377e-05
8.92140244446427e-05
8.92131401042802e-05
8.92122557814498e-05
8.92113714761508e-05
8.92104871883828e-05
8.92096029181452e-05
8.92087186654376e-05
8.92078344302593e-05
8.92069502126099e-05
8.92060660124889e-05
8.92051818298956e-05
8.92042976648297e-05
8.92034135172906e-05
8.92025293872777e-05
8.92016452747906e-05
8.92007611798287e-05
8.91998771023915e-05
8.91989930424785e-05
8.91981090000892e-05
8.9197224975223e-05
8.91963409678794e-05
8.91954569780579e-05
8.9194573005758e-05
8.91936890509792e-05
8.91928051137208e-05
8.91919211939825e-05
8.91910372917637e-05
8.91901534070639e-05
8.91892695398825e-05
8.9188385690219e-05
8.9187501858073e-05
8.91866180434438e-05
8.9185734246331e-05
8.91848504667341e-05
8.91839667046524e-05
8.91830829600856e-05
8.91821992330331e-05
8.91813155234943e-05
8.91804318314688e-05
8.9179548156956e-05
8.91786644999554e-05
8.91777808604665e-05
8.91768972384887e-05
8.91760136340216e-05
8.91751300470647e-05
8.91742464776173e-05
8.9173362925679e-05
8.91724793912492e-05
8.91715958743275e-05
8.91707123749133e-05
8.91698288930061e-05
8.91689454286054e-05
8.91680619817106e-05
8.91671785523213e-05
8.91662951404369e-05
8.91654117460569e-05
8.91645283691808e-05
8.9163645009808e-05
8.91627616679381e-05
8.91618783435704e-05
8.91609950367046e-05
8.91601117473401e-05
8.91592284754763e-05
8.91583452211127e-05
8.91574619842488e-05
8.91565787648842e-05
8.91556955630182e-05
8.91548123786504e-05
8.91539292117802e-05
8.91530460624071e-05
8.91521629305307e-05
8.91512798161502e-05
8.91503967192654e-05
8.91495136398756e-05
8.91486305779803e-05
8.9147747533579e-05
8.91468645066712e-05
8.91459814972563e-05
8.91450985053339e-05
8.91442155309033e-05
8.91433325739642e-05
8.9142449634516e-05
8.91415667125581e-05
8.914068380809e-05
8.91398009211113e-05
8.91389180516213e-05
8.91380351996197e-05
8.91371523651058e-05
8.91362695480791e-05
8.91353867485392e-05
8.91345039664854e-05
8.91336212019174e-05
8.91327384548345e-05
8.91318557252362e-05
8.91309730131221e-05
8.91300903184915e-05
8.91292076413441e-05
8.91283249816792e-05
8.91274423394963e-05
8.9126559714795e-05
8.91256771075747e-05
8.91247945178349e-05
8.9123911945575e-05
8.91230293907946e-05
8.91221468534931e-05
8.912126433367e-05
8.91203818313248e-05
8.9119499346457e-05
8.9118616879066e-05
8.91177344291514e-05
8.91168519967126e-05
8.91159695817491e-05
8.91150871842603e-05
8.91142048042458e-05
8.9113322441705e-05
8.91124400966375e-05
8.91115577690426e-05
8.911067545892e-05
8.9109793166269e-05
8.91089108910891e-05
8.91080286333799e-05
8.91071463931407e-05
8.91062641703712e-05
8.91053819650707e-05
8.91044997772388e-05
8.91036176068748e-05
8.91027354539784e-05
8.9101853318549e-05
8.91009712005861e-05
8.91000891000891e-05
8.90992070170575e-05
8.90983249514909e-05
8.90974429033887e-05
8.90965608727503e-05
8.90956788595753e-05
8.90947968638632e-05
8.90939148856133e-05
8.90930329248253e-05
8.90921509814985e-05
8.90912690556325e-05
8.90903871472268e-05
8.90895052562808e-05
8.9088623382794e-05
8.90877415267659e-05
8.9086859688196e-05
8.90859778670837e-05
8.90850960634286e-05
8.90842142772301e-05
8.90833325084877e-05
8.90824507572008e-05
8.90815690233691e-05
8.90806873069918e-05
8.90798056080686e-05
8.9078923926599e-05
8.90780422625823e-05
8.90771606160181e-05
8.90762789869058e-05
8.9075397375245e-05
8.90745157810351e-05
8.90736342042755e-05
8.90727526449659e-05
8.90718711031056e-05
8.90709895786942e-05
8.90701080717311e-05
8.90692265822159e-05
8.90683451101479e-05
8.90674636555266e-05
8.90665822183517e-05
8.90657007986224e-05
8.90648193963384e-05
8.90639380114991e-05
8.9063056644104e-05
8.90621752941526e-05
8.90612939616443e-05
8.90604126465786e-05
8.9059531348955e-05
8.90586500687731e-05
8.90577688060322e-05
8.90568875607319e-05
8.90560063328716e-05
8.90551251224508e-05
8.9054243929469e-05
8.90533627539258e-05
8.90524815958205e-05
8.90516004551526e-05
8.90507193319217e-05
8.90498382261272e-05
8.90489571377686e-05
8.90480760668454e-05
8.90471950133571e-05
8.90463139773031e-05
8.90454329586829e-05
8.90445519574961e-05
8.9043670973742e-05
8.90427900074202e-05
8.90419090585302e-05
8.90410281270714e-05
8.90401472130434e-05
8.90392663164456e-05
8.90383854372774e-05
8.90375045755384e-05
8.90366237312281e-05
8.90357429043459e-05
8.90348620948914e-05
8.90339813028639e-05
8.90331005282631e-05
8.90322197710883e-05
8.9031339031339e-05
8.90304583090148e-05
8.90295776041151e-05
8.90286969166395e-05
8.90278162465873e-05
8.9026935593958e-05
8.90260549587513e-05
8.90251743409664e-05
8.9024293740603e-05
8.90234131576605e-05
8.90225325921383e-05
8.9021652044036e-05
8.90207715133531e-05
8.9019891000089e-05
8.90190105042432e-05
8.90181300258153e-05
8.90172495648046e-05
8.90163691212106e-05
8.90154886950329e-05
8.9014608286271e-05
8.90137278949242e-05
8.90128475209922e-05
8.90119671644743e-05
8.90110868253701e-05
8.90102065036791e-05
8.90093261994007e-05
8.90084459125344e-05
8.90075656430797e-05
8.9006685391036e-05
8.9005805156403e-05
8.900492493918e-05
8.90040447393665e-05
8.9003164556962e-05
8.90022843919661e-05
8.90014042443781e-05
8.90005241141976e-05
8.8999644001424e-05
8.89987639060569e-05
8.89978838280956e-05
8.89970037675398e-05
8.89961237243889e-05
8.89952436986423e-05
8.89943636902996e-05
8.89934836993602e-05
8.89926037258237e-05
8.89917237696894e-05
8.89908438309569e-05
8.89899639096258e-05
8.89890840056953e-05
8.89882041191651e-05
8.89873242500346e-05
8.89864443983033e-05
8.89855645639707e-05
8.89846847470363e-05
8.89838049474995e-05
8.89829251653599e-05
8.89820454006169e-05
8.89811656532701e-05
8.89802859233188e-05
8.89794062107626e-05
8.89785265156009e-05
8.89776468378333e-05
8.89767671774592e-05
8.89758875344782e-05
8.89750079088896e-05
8.8974128300693e-05
8.89732487098879e-05
8.89723691364737e-05
8.897148958045e-05
8.89706100418162e-05
8.89697305205718e-05
8.89688510167163e-05
8.89679715302491e-05
8.89670920611698e-05
8.89662126094779e-05
8.89653331751727e-05
8.89644537582539e-05
8.89635743587209e-05
8.89626949765732e-05
8.89618156118102e-05
8.89609362644314e-05
8.89600569344364e-05
8.89591776218247e-05
8.89582983265956e-05
8.89574190487487e-05
8.89565397882834e-05
8.89556605451994e-05
8.89547813194959e-05
8.89539021111726e-05
8.89530229202289e-05
8.89521437466643e-05
8.89512645904783e-05
8.89503854516703e-05
8.89495063302399e-05
8.89486272261865e-05
8.89477481395096e-05
8.89468690702087e-05
8.89459900182833e-05
8.89451109837329e-05
8.8944231966557e-05
8.8943352966755e-05
8.89424739843264e-05
8.89415950192707e-05
8.89407160715874e-05
8.8939837141276e-05
8.89389582283359e-05
8.89380793327668e-05
8.89372004545679e-05
8.89363215937389e-05
8.89354427502792e-05
8.89345639241882e-05
8.89336851154656e-05
8.89328063241107e-05
8.8931927550123e-05
8.89310487935021e-05
8.89301700542474e-05
8.89292913323584e-05
8.89284126278346e-05
8.89275339406755e-05
8.89266552708805e-05
8.89257766184491e-05
8.89248979833809e-05
8.89240193656753e-05
8.89231407653318e-05
8.89222621823499e-05
8.89213836167291e-05
8.89205050684688e-05
8.89196265375685e-05
8.89187480240278e-05
8.89178695278461e-05
8.89169910490229e-05
8.89161125875577e-05
8.89152341434499e-05
8.89143557166991e-05
8.89134773073047e-05
8.89125989152663e-05
8.89117205405833e-05
8.89108421832551e-05
8.89099638432814e-05
8.89090855206615e-05
8.89082072153949e-05
8.89073289274813e-05
8.89064506569199e-05
8.89055724037103e-05
8.89046941678521e-05
8.89038159493446e-05
8.89029377481874e-05
8.89020595643799e-05
8.89011813979217e-05
8.89003032488122e-05
8.88994251170509e-05
8.88985470026373e-05
8.88976689055709e-05
8.88967908258512e-05
8.88959127634776e-05
8.88950347184497e-05
8.88941566907669e-05
8.88932786804287e-05
8.88924006874346e-05
8.88915227117841e-05
8.88906447534766e-05
8.88897668125117e-05
8.88888888888889e-05
8.88880109826076e-05
8.88871330936673e-05
8.88862552220675e-05
8.88853773678077e-05
8.88844995308874e-05
8.8883621711306e-05
8.88827439090631e-05
8.88818661241581e-05
8.88809883565905e-05
8.88801106063599e-05
8.88792328734656e-05
8.88783551579072e-05
8.88774774596842e-05
8.8876599778796e-05
8.88757221152422e-05
8.88748444690222e-05
8.88739668401355e-05
8.88730892285816e-05
8.887221163436e-05
8.88713340574701e-05
8.88704564979115e-05
8.88695789556837e-05
8.88687014307861e-05
8.88678239232182e-05
8.88669464329795e-05
8.88660689600695e-05
8.88651915044877e-05
8.88643140662335e-05
8.88634366453065e-05
8.88625592417062e-05
8.88616818554319e-05
8.88608044864833e-05
8.88599271348598e-05
8.88590498005608e-05
8.88581724835859e-05
8.88572951839346e-05
8.88564179016063e-05
8.88555406366006e-05
8.88546633889169e-05
8.88537861585546e-05
8.88529089455134e-05
8.88520317497927e-05
8.88511545713919e-05
8.88502774103106e-05
8.88494002665482e-05
8.88485231401042e-05
8.88476460309782e-05
8.88467689391696e-05
8.88458918646778e-05
8.88450148075025e-05
8.8844137767643e-05
8.88432607450988e-05
8.88423837398695e-05
8.88415067519545e-05
8.88406297813533e-05
8.88397528280655e-05
8.88388758920904e-05
8.88379989734276e-05
8.88371220720765e-05
8.88362451880367e-05
8.88353683213077e-05
8.88344914718888e-05
8.88336146397797e-05
8.88327378249798e-05
8.88318610274885e-05
8.88309842473055e-05
8.883010748443e-05
8.88292307388618e-05
8.88283540106002e-05
8.88274772996447e-05
8.88266006059948e-05
8.882572392965e-05
8.88248472706098e-05
8.88239706288737e-05
8.88230940044412e-05
8.88222173973116e-05
8.88213408074847e-05
8.88204642349597e-05
8.88195876797363e-05
8.88187111418139e-05
8.88178346211919e-05
8.881695811787e-05
8.88160816318475e-05
8.88152051631239e-05
8.88143287116988e-05
8.88134522775716e-05
8.88125758607419e-05
8.8811699461209e-05
8.88108230789726e-05
8.8809946714032e-05
8.88090703663868e-05
8.88081940360364e-05
8.88073177229804e-05
8.88064414272182e-05
8.88055651487493e-05
8.88046888875733e-05
8.88038126436895e-05
8.88029364170975e-05
8.88020602077968e-05
8.88011840157869e-05
8.88003078410672e-05
8.87994316836372e-05
8.87985555434965e-05
8.87976794206445e-05
8.87968033150807e-05
8.87959272268045e-05
8.87950511558156e-05
8.87941751021133e-05
8.87932990656972e-05
8.87924230465667e-05
8.87915470447213e-05
8.87906710601606e-05
8.8789795092884e-05
8.8788919142891e-05
8.8788043210181e-05
8.87871672947537e-05
8.87862913966084e-05
8.87854155157446e-05
8.87845396521619e-05
8.87836638058597e-05
8.87827879768376e-05
8.87819121650949e-05
8.87810363706312e-05
8.87801605934461e-05
8.87792848335388e-05
8.87784090909091e-05
8.87775333655563e-05
8.87766576574799e-05
8.87757819666795e-05
8.87749062931545e-05
8.87740306369044e-05
8.87731549979286e-05
8.87722793762268e-05
8.87714037717983e-05
8.87705281846427e-05
8.87696526147594e-05
8.8768777062148e-05
8.87679015268079e-05
8.87670260087386e-05
8.87661505079396e-05
8.87652750244105e-05
8.87643995581505e-05
8.87635241091594e-05
8.87626486774365e-05
8.87617732629814e-05
8.87608978657935e-05
8.87600224858724e-05
8.87591471232174e-05
8.87582717778282e-05
8.87573964497041e-05
8.87565211388448e-05
8.87556458452496e-05
8.87547705689181e-05
8.87538953098497e-05
8.8753020068044e-05
8.87521448435004e-05
8.87512696362184e-05
8.87503944461975e-05
8.87495192734373e-05
8.87486441179371e-05
8.87477689796965e-05
8.87468938587149e-05
8.8746018754992e-05
8.8745143668527e-05
8.87442685993196e-05
8.87433935473693e-05
8.87425185126754e-05
8.87416434952375e-05
8.87407684950552e-05
8.87398935121278e-05
8.87390185464549e-05
8.87381435980359e-05
8.87372686668704e-05
8.87363937529579e-05
8.87355188562978e-05
8.87346439768895e-05
8.87337691147328e-05
8.87328942698269e-05
8.87320194421714e-05
8.87311446317658e-05
8.87302698386095e-05
8.87293950627021e-05
8.87285203040431e-05
8.87276455626319e-05
8.8726770838468e-05
8.87258961315509e-05
8.87250214418802e-05
8.87241467694552e-05
8.87232721142756e-05
8.87223974763407e-05
8.87215228556501e-05
8.87206482522032e-05
8.87197736659996e-05
8.87188990970388e-05
8.87180245453201e-05
8.87171500108432e-05
8.87162754936075e-05
8.87154009936125e-05
8.87145265108577e-05
8.87136520453425e-05
8.87127775970666e-05
8.87119031660293e-05
8.87110287522301e-05
8.87101543556686e-05
8.87092799763442e-05
8.87084056142564e-05
8.87075312694048e-05
8.87066569417887e-05
8.87057826314078e-05
8.87049083382614e-05
8.87040340623491e-05
8.87031598036703e-05
8.87022855622247e-05
8.87014113380115e-05
8.87005371310304e-05
8.86996629412808e-05
8.86987887687623e-05
8.86979146134742e-05
8.86970404754161e-05
8.86961663545876e-05
8.8695292250988e-05
8.86944181646168e-05
8.86935440954737e-05
8.8692670043558e-05
8.86917960088692e-05
8.86909219914068e-05
8.86900479911704e-05
8.86891740081594e-05
8.86883000423733e-05
8.86874260938116e-05
8.86865521624738e-05
8.86856782483593e-05
8.86848043514677e-05
8.86839304717985e-05
8.86830566093511e-05
8.86821827641251e-05
8.86813089361199e-05
8.8680435125335e-05
8.86795613317699e-05
8.86786875554242e-05
8.86778137962972e-05
8.86769400543885e-05
8.86760663296976e-05
8.8675192622224e-05
8.86743189319671e-05
8.86734452589265e-05
8.86725716031016e-05
8.86716979644919e-05
8.8670824343097e-05
8.86699507389163e-05
8.86690771519492e-05
8.86682035821954e-05
8.86673300296543e-05
8.86664564943254e-05
8.86655829762081e-05
8.8664709475302e-05
8.86638359916065e-05
8.86629625251212e-05
8.86620890758455e-05
8.86612156437789e-05
8.8660342228921e-05
8.86594688312712e-05
8.8658595450829e-05
8.86577220875938e-05
8.86568487415653e-05
8.86559754127428e-05
8.86551021011259e-05
8.86542288067141e-05
8.86533555295068e-05
8.86524822695036e-05
8.86516090267038e-05
8.86507358011072e-05
8.8649862592713e-05
8.86489894015208e-05
8.86481162275302e-05
8.86472430707405e-05
8.86463699311513e-05
8.86454968087621e-05
8.86446237035724e-05
8.86437506155816e-05
8.86428775447893e-05
8.86420044911949e-05
8.86411314547979e-05
8.86402584355979e-05
8.86393854335943e-05
8.86385124487866e-05
8.86376394811744e-05
8.8636766530757e-05
8.86358935975339e-05
8.86350206815048e-05
8.86341477826691e-05
8.86332749010262e-05
8.86324020365756e-05
8.86315291893169e-05
8.86306563592496e-05
8.86297835463731e-05
8.86289107506869e-05
8.86280379721905e-05
8.86271652108834e-05
8.86262924667651e-05
8.86254197398352e-05
8.8624547030093e-05
8.8623674337538e-05
8.86228016621699e-05
8.8621929003988e-05
8.86210563629918e-05
8.86201837391809e-05
8.86193111325548e-05
8.86184385431129e-05
8.86175659708547e-05
8.86166934157797e-05
8.86158208778874e-05
8.86149483571773e-05
8.86140758536489e-05
8.86132033673017e-05
8.86123308981352e-05
8.86114584461489e-05
8.86105860113422e-05
8.86097135937146e-05
8.86088411932657e-05
8.8607968809995e-05
8.86070964439019e-05
8.86062240949859e-05
8.86053517632465e-05
8.86044794486832e-05
8.86036071512956e-05
8.8602734871083e-05
8.86018626080451e-05
8.86009903621812e-05
8.86001181334908e-05
8.85992459219736e-05
8.85983737276289e-05
8.85975015504563e-05
8.85966293904552e-05
8.85957572476251e-05
8.85948851219656e-05
8.85940130134761e-05
8.85931409221562e-05
8.85922688480052e-05
8.85913967910227e-05
8.85905247512083e-05
8.85896527285613e-05
8.85887807230813e-05
8.85879087347678e-05
8.85870367636203e-05
8.85861648096382e-05
8.85852928728211e-05
8.85844209531684e-05
8.85835490506796e-05
8.85826771653543e-05
8.8581805297192e-05
8.8580933446192e-05
8.8580061612354e-05
8.85791897956773e-05
8.85783179961616e-05
8.85774462138063e-05
8.85765744486108e-05
8.85757027005748e-05
8.85748309696976e-05
8.85739592559787e-05
8.85730875594178e-05
8.85722158800142e-05
8.85713442177674e-05
8.8570472572677e-05
8.85696009447424e-05
8.85687293339632e-05
8.85678577403387e-05
8.85669861638686e-05
8.85661146045523e-05
8.85652430623893e-05
8.85643715373791e-05
8.85635000295212e-05
8.8562628538815e-05
8.85617570652602e-05
8.85608856088561e-05
8.85600141696023e-05
8.85591427474982e-05
8.85582713425434e-05
8.85573999547373e-05
8.85565285840795e-05
8.85556572305694e-05
8.85547858942065e-05
8.85539145749904e-05
8.85530432729205e-05
8.85521719879963e-05
8.85513007202172e-05
8.85504294695829e-05
8.85495582360928e-05
8.85486870197464e-05
8.85478158205431e-05
8.85469446384825e-05
8.85460734735641e-05
8.85452023257873e-05
8.85443311951517e-05
8.85434600816567e-05
8.85425889853019e-05
8.85417179060868e-05
8.85408468440107e-05
8.85399757990733e-05
8.8539104771274e-05
8.85382337606123e-05
8.85373627670877e-05
8.85364917906997e-05
8.85356208314478e-05
8.85347498893316e-05
8.85338789643504e-05
8.85330080565037e-05
8.85321371657912e-05
8.85312662922122e-05
8.85303954357663e-05
8.85295245964529e-05
8.85286537742716e-05
8.85277829692218e-05
8.85269121813031e-05
8.85260414105149e-05
8.85251706568568e-05
8.85242999203281e-05
8.85234292009285e-05
8.85225584986574e-05
8.85216878135143e-05
8.85208171454987e-05
8.85199464946101e-05
8.8519075860848e-05
8.85182052442119e-05
8.85173346447013e-05
8.85164640623156e-05
8.85155934970544e-05
8.85147229489172e-05
8.85138524179034e-05
8.85129819040126e-05
8.85121114072442e-05
8.85112409275978e-05
8.85103704650728e-05
8.85095000196688e-05
8.85086295913852e-05
8.85077591802215e-05
8.85068887861772e-05
8.85060184092518e-05
8.85051480494449e-05
8.85042777067558e-05
8.85034073811842e-05
8.85025370727294e-05
8.8501666781391e-05
8.85007965071686e-05
8.84999262500615e-05
8.84990560100692e-05
8.84981857871914e-05
8.84973155814274e-05
8.84964453927767e-05
8.84955752212389e-05
8.84947050668135e-05
8.84938349294999e-05
8.84929648092977e-05
8.84920947062062e-05
8.84912246202252e-05
8.84903545513539e-05
8.8489484499592e-05
8.84886144649388e-05
8.8487744447394e-05
8.8486874446957e-05
8.84860044636273e-05
8.84851344974044e-05
8.84842645482878e-05
8.8483394616277e-05
8.84825247013715e-05
8.84816548035707e-05
8.84807849228742e-05
8.84799150592815e-05
8.84790452127921e-05
8.84781753834054e-05
8.8477305571121e-05
8.84764357759383e-05
8.84755659978569e-05
8.84746962368763e-05
8.84738264929958e-05
8.84729567662151e-05
8.84720870565337e-05
8.84712173639509e-05
8.84703476884664e-05
8.84694780300796e-05
8.846860838879e-05
8.84677387645972e-05
8.84668691575005e-05
8.84659995674996e-05
8.84651299945938e-05
8.84642604387827e-05
8.84633909000659e-05
8.84625213784427e-05
8.84616518739127e-05
8.84607823864753e-05
8.84599129161302e-05
8.84590434628767e-05
8.84581740267144e-05
8.84573046076427e-05
8.84564352056612e-05
8.84555658207694e-05
8.84546964529667e-05
8.84538271022526e-05
8.84529577686267e-05
8.84520884520885e-05
8.84512191526373e-05
8.84503498702728e-05
8.84494806049944e-05
8.84486113568017e-05
8.84477421256941e-05
8.84468729116711e-05
8.84460037147322e-05
8.84451345348769e-05
8.84442653721047e-05
8.84433962264151e-05
8.84425270978076e-05
8.84416579862817e-05
8.84407888918369e-05
8.84399198144727e-05
8.84390507541886e-05
8.8438181710984e-05
8.84373126848585e-05
8.84364436758116e-05
8.84355746838428e-05
8.84347057089516e-05
8.84338367511374e-05
8.84329678103997e-05
8.84320988867381e-05
8.84312299801521e-05
8.84303610906411e-05
8.84294922182047e-05
8.84286233628423e-05
8.84277545245534e-05
8.84268857033376e-05
8.84260168991943e-05
8.84251481121231e-05
8.84242793421234e-05
8.84234105891947e-05
8.84225418533365e-05
8.84216731345483e-05
8.84208044328297e-05
8.841993574818e-05
8.84190670805989e-05
8.84181984300858e-05
8.84173297966401e-05
8.84164611802615e-05
8.84155925809494e-05
8.84147239987032e-05
8.84138554335226e-05
8.8412986885407e-05
8.84121183543558e-05
8.84112498403686e-05
8.84103813434449e-05
8.84095128635841e-05
8.84086444007858e-05
8.84077759550496e-05
8.84069075263747e-05
8.84060391147609e-05
8.84051707202075e-05
8.8404302342714e-05
8.840343398228e-05
8.8402565638905e-05
8.84016973125884e-05
8.84008290033298e-05
8.83999607111286e-05
8.83990924359843e-05
8.83982241778965e-05
8.83973559368646e-05
8.83964877128882e-05
8.83956195059667e-05
8.83947513160996e-05
8.83938831432865e-05
8.83930149875268e-05
8.839214684882e-05
8.83912787271656e-05
8.83904106225631e-05
8.83895425350121e-05
8.83886744645119e-05
8.83878064110622e-05
8.83869383746624e-05
8.8386070355312e-05
8.83852023530105e-05
8.83843343677574e-05
8.83834663995522e-05
8.83825984483944e-05
8.83817305142835e-05
8.83808625972189e-05
8.83799946972003e-05
8.83791268142271e-05
8.83782589482987e-05
8.83773910994147e-05
8.83765232675747e-05
8.83756554527779e-05
8.83747876550241e-05
8.83739198743126e-05
8.83730521106431e-05
8.83721843640148e-05
8.83713166344275e-05
8.83704489218805e-05
8.83695812263734e-05
8.83687135479057e-05
8.83678458864768e-05
8.83669782420862e-05
8.83661106147336e-05
8.83652430044183e-05
8.83643754111398e-05
8.83635078348977e-05
8.83626402756914e-05
8.83617727335205e-05
8.83609052083845e-05
8.83600377002828e-05
8.83591702092149e-05
8.83583027351803e-05
8.83574352781787e-05
8.83565678382093e-05
8.83557004152718e-05
8.83548330093656e-05
8.83539656204903e-05
8.83530982486452e-05
8.83522308938301e-05
8.83513635560442e-05
8.83504962352872e-05
8.83496289315585e-05
8.83487616448576e-05
8.83478943751841e-05
8.83470271225373e-05
8.83461598869169e-05
8.83452926683223e-05
8.8344425466753e-05
8.83435582822086e-05
8.83426911146884e-05
8.83418239641921e-05
8.83409568307191e-05
8.83400897142689e-05
8.8339222614841e-05
8.83383555324349e-05
8.83374884670501e-05
8.83366214186861e-05
8.83357543873425e-05
8.83348873730186e-05
8.8334020375714e-05
8.83331533954283e-05
8.83322864321608e-05
8.83314194859111e-05
8.83305525566788e-05
8.83296856444632e-05
8.83288187492639e-05
8.83279518710804e-05
8.83270850099123e-05
8.83262181657589e-05
8.83253513386198e-05
8.83244845284945e-05
8.83236177353824e-05
8.83227509592832e-05
8.83218842001963e-05
8.83210174581211e-05
8.83201507330573e-05
8.83192840250042e-05
8.83184173339614e-05
8.83175506599284e-05
8.83166840029046e-05
8.83158173628897e-05
8.8314950739883e-05
8.83140841338842e-05
8.83132175448925e-05
8.83123509729077e-05
8.83114844179292e-05
8.83106178799564e-05
8.8309751358989e-05
8.83088848550262e-05
8.83080183680678e-05
8.83071518981132e-05
8.83062854451618e-05
8.83054190092132e-05
8.83045525902669e-05
8.83036861883223e-05
8.83028198033791e-05
8.83019534354366e-05
8.83010870844943e-05
8.83002207505519e-05
8.82993544336087e-05
8.82984881336643e-05
8.82976218507181e-05
8.82967555847698e-05
8.82958893358187e-05
8.82950231038644e-05
8.82941568889063e-05
8.82932906909441e-05
8.8292424509977e-05
8.82915583460048e-05
8.82906921990268e-05
8.82898260690426e-05
8.82889599560517e-05
8.82880938600536e-05
8.82872277810477e-05
8.82863617190336e-05
8.82854956740107e-05
8.82846296459786e-05
8.82837636349368e-05
8.82828976408848e-05
8.8282031663822e-05
8.8281165703748e-05
8.82802997606623e-05
8.82794338345643e-05
8.82785679254537e-05
8.82777020333297e-05
8.82768361581921e-05
8.82759703000402e-05
8.82751044588736e-05
8.82742386346918e-05
8.82733728274942e-05
8.82725070372804e-05
8.82716412640499e-05
8.82707755078022e-05
8.82699097685367e-05
8.8269044046253e-05
8.82681783409505e-05
8.82673126526289e-05
8.82664469812875e-05
8.82655813269259e-05
8.82647156895436e-05
8.826385006914e-05
8.82629844657147e-05
8.82621188792672e-05
8.8261253309797e-05
8.82603877573035e-05
8.82595222217864e-05
8.8258656703245e-05
8.82577912016789e-05
8.82569257170875e-05
8.82560602494705e-05
8.82551947988272e-05
8.82543293651572e-05
8.825346394846e-05
8.82525985487351e-05
8.82517331659819e-05
8.82508678002e-05
8.8250002451389e-05
8.82491371195482e-05
8.82482718046772e-05
8.82474065067754e-05
8.82465412258425e-05
8.82456759618779e-05
8.8244810714881e-05
8.82439454848515e-05
8.82430802717887e-05
8.82422150756922e-05
8.82413498965615e-05
8.82404847343961e-05
8.82396195891955e-05
8.82387544609592e-05
8.82378893496868e-05
8.82370242553776e-05
8.82361591780312e-05
8.82352941176471e-05
8.82344290742248e-05
8.82335640477638e-05
8.82326990382636e-05
8.82318340457237e-05
8.82309690701436e-05
8.82301041115229e-05
8.82292391698609e-05
8.82283742451572e-05
8.82275093374114e-05
8.82266444466229e-05
8.82257795727912e-05
8.82249147159158e-05
8.82240498759962e-05
8.82231850530319e-05
8.82223202470225e-05
8.82214554579674e-05
8.82205906858661e-05
8.82197259307181e-05
8.8218861192523e-05
8.82179964712801e-05
8.82171317669892e-05
8.82162670796495e-05
8.82154024092607e-05
8.82145377558222e-05
8.82136731193335e-05
8.82128084997942e-05
8.82119438972037e-05
8.82110793115615e-05
8.82102147428672e-05
8.82093501911203e-05
8.82084856563201e-05
8.82076211384664e-05
8.82067566375584e-05
8.82058921535959e-05
8.82050276865781e-05
8.82041632365048e-05
8.82032988033752e-05
8.82024343871891e-05
8.82015699879458e-05
8.82007056056449e-05
8.81998412402858e-05
8.81989768918681e-05
8.81981125603912e-05
8.81972482458547e-05
8.81963839482581e-05
8.81955196676009e-05
8.81946554038825e-05
8.81937911571025e-05
8.81929269272604e-05
8.81920627143557e-05
8.81911985183879e-05
8.81903343393564e-05
8.81894701772608e-05
8.81886060321007e-05
8.81877419038754e-05
8.81868777925845e-05
8.81860136982275e-05
8.81851496208039e-05
8.81842855603132e-05
8.81834215167549e-05
8.81825574901284e-05
8.81816934804335e-05
8.81808294876694e-05
8.81799655118357e-05
8.8179101552932e-05
8.81782376109576e-05
8.81773736859122e-05
8.81765097777952e-05
8.81756458866061e-05
8.81747820123445e-05
8.81739181550097e-05
8.81730543146015e-05
8.81721904911191e-05
8.81713266845622e-05
8.81704628949302e-05
8.81695991222227e-05
8.81687353664391e-05
8.81678716275789e-05
8.81670079056417e-05
8.8166144200627e-05
8.81652805125342e-05
8.81644168413628e-05
8.81635531871125e-05
8.81626895497825e-05
8.81618259293726e-05
8.81609623258821e-05
8.81600987393106e-05
8.81592351696575e-05
8.81583716169225e-05
8.81575080811049e-05
8.81566445622043e-05
8.81557810602202e-05
8.81549175751521e-05
8.81540541069994e-05
8.81531906557618e-05
8.81523272214386e-05
8.81514638040295e-05
8.81506004035339e-05
8.81497370199512e-05
8.81488736532811e-05
8.8148010303523e-05
8.81471469706764e-05
8.81462836547408e-05
8.81454203557157e-05
8.81445570736007e-05
8.81436938083952e-05
8.81428305600987e-05
8.81419673287108e-05
8.81411041142309e-05
8.81402409166585e-05
8.81393777359932e-05
8.81385145722344e-05
8.81376514253817e-05
8.81367882954345e-05
8.81359251823924e-05
8.81350620862548e-05
8.81341990070214e-05
8.81333359446914e-05
8.81324728992646e-05
8.81316098707403e-05
8.81307468591181e-05
8.81298838643975e-05
8.81290208865779e-05
8.8128157925659e-05
8.81272949816402e-05
8.81264320545209e-05
8.81255691443007e-05
8.81247062509792e-05
8.81238433745557e-05
8.81229805150299e-05
8.81221176724011e-05
8.8121254846669e-05
8.8120392037833e-05
8.81195292458926e-05
8.81186664708474e-05
8.81178037126968e-05
8.81169409714403e-05
8.81160782470775e-05
8.81152155396078e-05
8.81143528490307e-05
8.81134901753458e-05
8.81126275185526e-05
8.81117648786505e-05
8.81109022556391e-05
8.81100396495178e-05
8.81091770602863e-05
8.81083144879438e-05
8.81074519324901e-05
8.81065893939246e-05
8.81057268722467e-05
8.8104864367456e-05
8.8104001879552e-05
8.81031394085343e-05
8.81022769544022e-05
8.81014145171553e-05
8.81005520967931e-05
9.78885441036835e-05
9.78875858963566e-05
9.78866277077888e-05
9.78856695379796e-05
9.78847113869285e-05
9.78837532546348e-05
9.7882795141098e-05
9.78818370463177e-05
9.78808789702931e-05
9.78799209130239e-05
9.78789628745094e-05
9.7878004854749e-05
9.78770468537423e-05
9.78760888714887e-05
9.78751309079876e-05
9.78741729632385e-05
9.78732150372408e-05
9.78722571299939e-05
9.78712992414974e-05
9.78703413717507e-05
9.78693835207532e-05
9.78684256885044e-05
9.78674678750037e-05
9.78665100802505e-05
9.78655523042444e-05
9.78645945469848e-05
9.78636368084711e-05
9.78626790887027e-05
9.78617213876792e-05
9.78607637054e-05
9.78598060418644e-05
9.78588483970721e-05
9.78578907710223e-05
9.78569331637147e-05
9.78559755751485e-05
9.78550180053233e-05
9.78540604542386e-05
9.78531029218937e-05
9.78521454082881e-05
9.78511879134213e-05
9.78502304372927e-05
9.78492729799018e-05
9.7848315541248e-05
9.78473581213307e-05
9.78464007201495e-05
9.78454433377038e-05
9.78444859739929e-05
9.78435286290165e-05
9.78425713027738e-05
9.78416139952645e-05
9.78406567064878e-05
9.78396994364433e-05
9.78387421851305e-05
9.78377849525487e-05
9.78368277386974e-05
9.78358705435761e-05
9.78349133671842e-05
9.78339562095212e-05
9.78329990705865e-05
9.78320419503796e-05
9.78310848488999e-05
9.78301277661469e-05
9.782917070212e-05
9.78282136568186e-05
9.78272566302423e-05
9.78262996223905e-05
9.78253426332626e-05
9.7824385662858e-05
9.78234287111763e-05
9.78224717782169e-05
9.78215148639792e-05
9.78205579684626e-05
9.78196010916667e-05
9.78186442335909e-05
9.78176873942346e-05
9.78167305735973e-05
9.78157737716784e-05
9.78148169884774e-05
9.78138602239937e-05
9.78129034782268e-05
9.78119467511762e-05
9.78109900428412e-05
9.78100333532214e-05
9.78090766823161e-05
9.78081200301249e-05
9.78071633966472e-05
9.78062067818824e-05
9.780525018583e-05
9.78042936084894e-05
9.78033370498601e-05
9.78023805099416e-05
9.78014239887333e-05
9.78004674862346e-05
9.7799511002445e-05
9.77985545373639e-05
9.77975980909909e-05
9.77966416633253e-05
9.77956852543666e-05
9.77947288641142e-05
9.77937724925677e-05
9.77928161397264e-05
9.77918598055898e-05
9.77909034901573e-05
9.77899471934285e-05
9.77889909154027e-05
9.77880346560795e-05
9.77870784154582e-05
9.77861221935383e-05
9.77851659903193e-05
9.77842098058006e-05
9.77832536399816e-05
9.77822974928619e-05
9.77813413644408e-05
9.77803852547179e-05
9.77794291636925e-05
9.77784730913642e-05
9.77775170377323e-05
9.77765610027964e-05
9.77756049865559e-05
9.77746489890101e-05
9.77736930101587e-05
9.7772737050001e-05
9.77717811085364e-05
9.77708251857646e-05
9.77698692816848e-05
9.77689133962965e-05
9.77679575295992e-05
9.77670016815924e-05
9.77660458522755e-05
9.77650900416479e-05
9.77641342497091e-05
9.77631784764586e-05
9.77622227218958e-05
9.77612669860201e-05
9.77603112688311e-05
9.77593555703281e-05
9.77583998905106e-05
9.77574442293781e-05
9.775648858693e-05
9.77555329631657e-05
9.77545773580848e-05
9.77536217716866e-05
9.77526662039707e-05
9.77517106549365e-05
9.77507551245833e-05
9.77497996129108e-05
9.77488441199183e-05
9.77478886456053e-05
9.77469331899712e-05
9.77459777530155e-05
9.77450223347376e-05
9.7744066935137e-05
9.77431115542132e-05
9.77421561919656e-05
9.77412008483936e-05
9.77402455234968e-05
9.77392902172744e-05
9.77383349297261e-05
9.77373796608513e-05
9.77364244106494e-05
9.77354691791198e-05
9.7734513966262e-05
9.77335587720756e-05
9.77326035965598e-05
9.77316484397142e-05
9.77306933015383e-05
9.77297381820314e-05
9.77287830811931e-05
9.77278279990227e-05
9.77268729355198e-05
9.77259178906838e-05
9.77249628645141e-05
9.77240078570102e-05
9.77230528681716e-05
9.77220978979977e-05
9.77211429464879e-05
9.77201880136417e-05
9.77192330994586e-05
9.77182782039381e-05
9.77173233270794e-05
9.77163684688822e-05
9.77154136293459e-05
9.77144588084699e-05
9.77135040062537e-05
9.77125492226967e-05
9.77115944577984e-05
9.77106397115582e-05
9.77096849839756e-05
9.77087302750501e-05
9.7707775584781e-05
9.77068209131679e-05
9.77058662602103e-05
9.77049116259074e-05
9.77039570102589e-05
9.77030024132642e-05
9.77020478349226e-05
9.77010932752337e-05
9.7700138734197e-05
9.76991842118118e-05
9.76982297080777e-05
9.7697275222994e-05
9.76963207565603e-05
9.7695366308776e-05
9.76944118796405e-05
9.76934574691533e-05
9.76925030773138e-05
9.76915487041216e-05
9.7690594349576e-05
9.76896400136765e-05
9.76886856964226e-05
9.76877313978137e-05
9.76867771178493e-05
9.76858228565288e-05
9.76848686138517e-05
9.76839143898174e-05
9.76829601844254e-05
9.76820059976752e-05
9.76810518295661e-05
9.76800976800977e-05
9.76791435492694e-05
9.76781894370806e-05
9.76772353435308e-05
9.76762812686195e-05
9.76753272123462e-05
9.76743731747102e-05
9.7673419155711e-05
9.76724651553481e-05
9.76715111736209e-05
9.76705572105289e-05
9.76696032660715e-05
9.76686493402483e-05
9.76676954330586e-05
9.76667415445019e-05
9.76657876745776e-05
9.76648338232852e-05
9.76638799906243e-05
9.76629261765941e-05
9.76619723811942e-05
9.7661018604424e-05
9.76600648462831e-05
9.76591111067707e-05
9.76581573858864e-05
9.76572036836297e-05
9.765625e-05
9.76552963349967e-05
9.76543426886194e-05
9.76533890608674e-05
9.76524354517402e-05
9.76514818612372e-05
9.7650528289358e-05
9.7649574736102e-05
9.76486212014686e-05
9.76476676854573e-05
9.76467141880676e-05
9.76457607092988e-05
9.76448072491505e-05
9.76438538076221e-05
9.7642900384713e-05
9.76419469804228e-05
9.76409935947508e-05
9.76400402276966e-05
9.76390868792595e-05
9.76381335494391e-05
9.76371802382347e-05
9.76362269456459e-05
9.76352736716721e-05
9.76343204163127e-05
9.76333671795673e-05
9.76324139614352e-05
9.76314607619159e-05
9.76305075810089e-05
9.76295544187136e-05
9.76286012750295e-05
9.76276481499561e-05
9.76266950434927e-05
9.76257419556389e-05
9.7624788886394e-05
9.76238358357577e-05
9.76228828037292e-05
9.76219297903081e-05
9.76209767954938e-05
9.76200238192858e-05
9.76190708616835e-05
9.76181179226865e-05
9.7617165002294e-05
9.76162121005057e-05
9.76152592173208e-05
9.76143063527391e-05
9.76133535067597e-05
9.76124006793823e-05
9.76114478706063e-05
9.7610495080431e-05
9.76095423088561e-05
9.76085895558809e-05
9.76076368215049e-05
9.76066841057276e-05
9.76057314085483e-05
9.76047787299666e-05
9.76038260699819e-05
9.76028734285937e-05
9.76019208058015e-05
9.76009682016046e-05
9.76000156160025e-05
9.75990630489947e-05
9.75981105005807e-05
9.75971579707599e-05
9.75962054595317e-05
9.75952529668957e-05
9.75943004928512e-05
9.75933480373978e-05
9.75923956005348e-05
9.75914431822618e-05
9.75904907825781e-05
9.75895384014834e-05
9.75885860389769e-05
9.75876336950582e-05
9.75866813697267e-05
9.75857290629818e-05
9.75847767748231e-05
9.758382450525e-05
9.75828722542619e-05
9.75819200218584e-05
9.75809678080387e-05
9.75800156128025e-05
9.75790634361491e-05
9.75781112780781e-05
9.75771591385888e-05
9.75762070176808e-05
9.75752549153535e-05
9.75743028316063e-05
9.75733507664387e-05
9.75723987198501e-05
9.75714466918401e-05
9.7570494682408e-05
9.75695426915534e-05
9.75685907192756e-05
9.75676387655742e-05
9.75666868304486e-05
9.75657349138982e-05
9.75647830159226e-05
9.75638311365211e-05
9.75628792756932e-05
9.75619274334384e-05
9.75609756097561e-05
9.75600238046458e-05
9.7559072018107e-05
9.7558120250139e-05
9.75571685007414e-05
9.75562167699137e-05
9.75552650576552e-05
9.75543133639654e-05
9.75533616888438e-05
9.75524100322899e-05
9.7551458394303e-05
9.75505067748827e-05
9.75495551740284e-05
9.75486035917396e-05
9.75476520280157e-05
9.75467004828562e-05
9.75457489562605e-05
9.75447974482281e-05
9.75438459587585e-05
9.7542894487851e-05
9.75419430355053e-05
9.75409916017206e-05
9.75400401864966e-05
9.75390887898325e-05
9.7538137411728e-05
9.75371860521824e-05
9.75362347111952e-05
9.75352833887659e-05
9.75343320848939e-05
9.75333807995787e-05
9.75324295328197e-05
9.75314782846164e-05
9.75305270549682e-05
9.75295758438747e-05
9.75286246513352e-05
9.75276734773492e-05
9.75267223219162e-05
9.75257711850356e-05
9.7524820066707e-05
9.75238689669297e-05
9.75229178857031e-05
9.75219668230269e-05
9.75210157789004e-05
9.7520064753323e-05
9.75191137462943e-05
9.75181627578136e-05
9.75172117878806e-05
9.75162608364945e-05
9.75153099036549e-05
9.75143589893612e-05
9.75134080936129e-05
9.75124572164094e-05
9.75115063577502e-05
9.75105555176348e-05
9.75096046960626e-05
9.7508653893033e-05
9.75077031085456e-05
9.75067523425997e-05
9.75058015951949e-05
9.75048508663306e-05
9.75039001560062e-05
9.75029494642213e-05
9.75019987909752e-05
9.75010481362675e-05
9.75000975000975e-05
9.74991468824648e-05
9.74981962833688e-05
9.74972457028089e-05
9.74962951407846e-05
9.74953445972955e-05
9.74943940723408e-05
9.74934435659202e-05
9.7492493078033e-05
9.74915426086787e-05
9.74905921578568e-05
9.74896417255667e-05
9.74886913118078e-05
9.74877409165797e-05
9.74867905398818e-05
9.74858401817136e-05
9.74848898420745e-05
9.74839395209639e-05
9.74829892183814e-05
9.74820389343264e-05
9.74810886687983e-05
9.74801384217966e-05
9.74791881933207e-05
9.74782379833702e-05
9.74772877919445e-05
9.7476337619043e-05
9.74753874646652e-05
9.74744373288105e-05
9.74734872114785e-05
9.74725371126685e-05
9.74715870323801e-05
9.74706369706126e-05
9.74696869273656e-05
9.74687369026385e-05
9.74677868964307e-05
9.74668369087418e-05
9.74658869395711e-05
9.74649369889182e-05
9.74639870567825e-05
9.74630371431635e-05
9.74620872480605e-05
9.74611373714731e-05
9.74601875134008e-05
9.74592376738429e-05
9.7458287852799e-05
9.74573380502685e-05
9.74563882662509e-05
9.74554385007455e-05
9.7454488753752e-05
9.74535390252697e-05
9.74525893152981e-05
9.74516396238367e-05
9.74506899508848e-05
9.74497402964421e-05
9.74487906605079e-05
9.74478410430817e-05
9.74468914441629e-05
9.74459418637511e-05
9.74449923018456e-05
9.7444042758446e-05
9.74430932335516e-05
9.7442143727162e-05
9.74411942392766e-05
9.74402447698949e-05
9.74392953190163e-05
9.74383458866402e-05
9.74373964727662e-05
9.74364470773938e-05
9.74354977005223e-05
9.74345483421512e-05
9.74335990022799e-05
9.74326496809081e-05
9.7431700378035e-05
9.74307510936602e-05
9.74298018277831e-05
9.74288525804032e-05
9.74279033515199e-05
9.74269541411327e-05
9.7426004949241e-05
9.74250557758444e-05
9.74241066209423e-05
9.74231574845341e-05
9.74222083666193e-05
9.74212592671973e-05
9.74203101862676e-05
9.74193611238297e-05
9.74184120798831e-05
9.74174630544271e-05
9.74165140474613e-05
9.74155650589851e-05
9.7414616088998e-05
9.74136671374994e-05
9.74127182044888e-05
9.74117692899656e-05
9.74108203939294e-05
9.74098715163795e-05
9.74089226573154e-05
9.74079738167366e-05
9.74070249946426e-05
9.74060761910328e-05
9.74051274059066e-05
9.74041786392636e-05
9.74032298911032e-05
9.74022811614248e-05
9.74013324502279e-05
9.7400383757512e-05
9.73994350832765e-05
9.73984864275209e-05
9.73975377902447e-05
9.73965891714472e-05
9.7395640571128e-05
9.73946919892866e-05
9.73937434259223e-05
9.73927948810347e-05
9.73918463546232e-05
9.73908978466872e-05
9.73899493572263e-05
9.73890008862399e-05
9.73880524337274e-05
9.73871039996884e-05
9.73861555841222e-05
9.73852071870283e-05
9.73842588084062e-05
9.73833104482554e-05
9.73823621065753e-05
9.73814137833653e-05
9.7380465478625e-05
9.73795171923538e-05
9.73785689245511e-05
9.73776206752164e-05
9.73766724443492e-05
9.7375724231949e-05
9.73747760380151e-05
9.73738278625471e-05
9.73728797055444e-05
9.73719315670065e-05
9.73709834469328e-05
9.73700353453228e-05
9.7369087262176e-05
9.73681391974918e-05
9.73671911512697e-05
9.73662431235091e-05
9.73652951142095e-05
9.73643471233704e-05
9.73633991509912e-05
9.73624511970713e-05
9.73615032616104e-05
9.73605553446077e-05
9.73596074460628e-05
9.73586595659751e-05
9.73577117043441e-05
9.73567638611693e-05
9.735581603645e-05
9.73548682301859e-05
9.73539204423762e-05
9.73529726730206e-05
9.73520249221184e-05
9.73510771896691e-05
9.73501294756722e-05
9.73491817801271e-05
9.73482341030334e-05
9.73472864443904e-05
9.73463388041976e-05
9.73453911824545e-05
9.73444435791605e-05
9.73434959943151e-05
9.73425484279178e-05
9.73416008799681e-05
9.73406533504653e-05
9.7339705839409e-05
9.73387583467985e-05
9.73378108726335e-05
9.73368634169132e-05
9.73359159796373e-05
9.73349685608052e-05
9.73340211604162e-05
9.73330737784699e-05
9.73321264149658e-05
9.73311790699033e-05
9.73302317432818e-05
9.73292844351008e-05
9.73283371453599e-05
9.73273898740584e-05
9.73264426211958e-05
9.73254953867715e-05
9.73245481707851e-05
9.7323600973236e-05
9.73226537941237e-05
9.73217066334475e-05
9.73207594912071e-05
9.73198123674017e-05
9.7318865262031e-05
9.73179181750944e-05
9.73169711065913e-05
9.73160240565211e-05
9.73150770248835e-05
9.73141300116777e-05
9.73131830169033e-05
9.73122360405597e-05
9.73112890826465e-05
9.7310342143163e-05
9.73093952221087e-05
9.73084483194831e-05
9.73075014352856e-05
9.73065545695158e-05
9.7305607722173e-05
9.73046608932568e-05
9.73037140827665e-05
9.73027672907017e-05
9.73018205170619e-05
9.73008737618464e-05
9.72999270250547e-05
9.72989803066864e-05
9.72980336067408e-05
9.72970869252175e-05
9.72961402621158e-05
9.72951936174353e-05
9.72942469911754e-05
9.72933003833356e-05
9.72923537939153e-05
9.72914072229141e-05
9.72904606703313e-05
9.72895141361664e-05
9.72885676204189e-05
9.72876211230883e-05
9.7286674644174e-05
9.72857281836755e-05
9.72847817415922e-05
9.72838353179236e-05
9.72828889126691e-05
9.72819425258284e-05
9.72809961574007e-05
9.72800498073855e-05
9.72791034757824e-05
9.72781571625907e-05
9.727721086781e-05
9.72762645914397e-05
9.72753183334793e-05
9.72743720939281e-05
9.72734258727858e-05
9.72724796700518e-05
9.72715334857254e-05
9.72705873198062e-05
9.72696411722937e-05
9.72686950431873e-05
9.72677489324865e-05
9.72668028401906e-05
9.72658567662993e-05
9.7264910710812e-05
9.7263964673728e-05
9.7263018655047e-05
9.72620726547683e-05
9.72611266728914e-05
9.72601807094158e-05
9.72592347643409e-05
9.72582888376662e-05
9.72573429293912e-05
9.72563970395153e-05
9.7255451168038e-05
9.72545053149587e-05
9.7253559480277e-05
9.72526136639922e-05
9.72516678661039e-05
9.72507220866115e-05
9.72497763255145e-05
9.72488305828122e-05
9.72478848585043e-05
9.72469391525902e-05
9.72459934650692e-05
9.7245047795941e-05
9.72441021452049e-05
9.72431565128604e-05
9.7242210898907e-05
9.72412653033441e-05
9.72403197261713e-05
9.72393741673879e-05
9.72384286269934e-05
9.72374831049873e-05
9.72365376013691e-05
9.72355921161382e-05
9.72346466492941e-05
9.72337012008362e-05
9.72327557707641e-05
9.72318103590771e-05
9.72308649657747e-05
9.72299195908565e-05
9.72289742343218e-05
9.72280288961702e-05
9.7227083576401e-05
9.72261382750139e-05
9.72251929920081e-05
9.72242477273832e-05
9.72233024811387e-05
9.7222357253274e-05
9.72214120437885e-05
9.72204668526818e-05
9.72195216799533e-05
9.72185765256025e-05
9.72176313896288e-05
9.72166862720317e-05
9.72157411728107e-05
9.72147960919652e-05
9.72138510294947e-05
9.72129059853986e-05
9.72119609596765e-05
9.72110159523277e-05
9.72100709633518e-05
9.72091259927482e-05
9.72081810405164e-05
9.72072361066558e-05
9.72062911911659e-05
9.72053462940462e-05
9.72044014152961e-05
9.72034565549151e-05
9.72025117129027e-05
9.72015668892583e-05
9.72006220839813e-05
9.71996772970714e-05
9.71987325285278e-05
9.71977877783502e-05
9.71968430465378e-05
9.71958983330903e-05
9.71949536380071e-05
9.71940089612876e-05
9.71930643029313e-05
9.71921196629377e-05
9.71911750413062e-05
9.71902304380364e-05
9.71892858531276e-05
9.71883412865793e-05
9.7187396738391e-05
9.71864522085621e-05
9.71855076970922e-05
9.71845632039807e-05
9.7183618729227e-05
9.71826742728306e-05
9.71817298347911e-05
9.71807854151077e-05
9.71798410137801e-05
9.71788966308077e-05
9.71779522661898e-05
9.71770079199261e-05
9.7176063592016e-05
9.71751192824589e-05
9.71741749912543e-05
9.71732307184017e-05
9.71722864639005e-05
9.71713422277502e-05
9.71703980099503e-05
9.71694538105001e-05
9.71685096293993e-05
9.71675654666472e-05
9.71666213222434e-05
9.71656771961872e-05
9.71647330884782e-05
9.71637889991158e-05
9.71628449280995e-05
9.71619008754287e-05
9.7160956841103e-05
9.71600128251217e-05
9.71590688274844e-05
9.71581248481904e-05
9.71571808872394e-05
9.71562369446307e-05
9.71552930203638e-05
9.71543491144381e-05
9.71534052268532e-05
9.71524613576085e-05
9.71515175067035e-05
9.71505736741375e-05
9.71496298599102e-05
9.7148686064021e-05
9.71477422864693e-05
9.71467985272545e-05
9.71458547863763e-05
9.71449110638339e-05
9.7143967359627e-05
9.71430236737549e-05
9.71420800062171e-05
9.71411363570131e-05
9.71401927261424e-05
9.71392491136044e-05
9.71383055193985e-05
9.71373619435243e-05
9.71364183859813e-05
9.71354748467688e-05
9.71345313258863e-05
9.71335878233334e-05
9.71326443391095e-05
9.7131700873214e-05
9.71307574256464e-05
9.71298139964062e-05
9.71288705854928e-05
9.71279271929058e-05
9.71269838186445e-05
9.71260404627085e-05
9.71250971250971e-05
9.712415380581e-05
9.71232105048464e-05
9.7122267222206e-05
9.71213239578882e-05
9.71203807118924e-05
9.71194374842181e-05
9.71184942748648e-05
9.71175510838319e-05
9.71166079111189e-05
9.71156647567253e-05
9.71147216206505e-05
9.7113778502894e-05
9.71128354034553e-05
9.71118923223338e-05
9.7110949259529e-05
9.71100062150404e-05
9.71090631888674e-05
9.71081201810095e-05
9.71071771914662e-05
9.71062342202369e-05
9.71052912673212e-05
9.71043483327183e-05
9.71034054164279e-05
9.71024625184495e-05
9.71015196387824e-05
9.71005767774261e-05
9.70996339343801e-05
9.70986911096438e-05
9.70977483032168e-05
9.70968055150986e-05
9.70958627452884e-05
9.70949199937859e-05
9.70939772605905e-05
9.70930345457017e-05
9.70920918491189e-05
9.70911491708416e-05
9.70902065108692e-05
9.70892638692013e-05
9.70883212458373e-05
9.70873786407767e-05
9.70864360540189e-05
9.70854934855634e-05
9.70845509354096e-05
9.70836084035571e-05
9.70826658900053e-05
9.70817233947537e-05
9.70807809178017e-05
9.70798384591488e-05
9.70788960187945e-05
9.70779535967382e-05
9.70770111929794e-05
9.70760688075176e-05
9.70751264403522e-05
9.70741840914827e-05
9.70732417609086e-05
9.70722994486293e-05
9.70713571546444e-05
9.70704148789532e-05
9.70694726215552e-05
9.706853038245e-05
9.70675881616369e-05
9.70666459591155e-05
9.70657037748852e-05
9.70647616089455e-05
9.70638194612958e-05
9.70628773319356e-05
9.70619352208644e-05
9.70609931280817e-05
9.70600510535869e-05
9.70591089973794e-05
9.70581669594588e-05
9.70572249398245e-05
9.7056282938476e-05
9.70553409554128e-05
9.70543989906343e-05
9.70534570441399e-05
9.70525151159292e-05
9.70515732060017e-05
9.70506313143567e-05
9.70496894409938e-05
9.70487475859124e-05
9.7047805749112e-05
9.70468639305921e-05
9.70459221303521e-05
9.70449803483915e-05
9.70440385847097e-05
9.70430968393063e-05
9.70421551121807e-05
9.70412134033324e-05
9.70402717127608e-05
9.70393300404654e-05
9.70383883864457e-05
9.70374467507011e-05
9.70365051332311e-05
9.70355635340352e-05
9.70346219531129e-05
9.70336803904635e-05
9.70327388460867e-05
9.70317973199818e-05
9.70308558121483e-05
9.70299143225857e-05
9.70289728512934e-05
9.7028031398271e-05
9.70270899635178e-05
9.70261485470334e-05
9.70252071488173e-05
9.70242657688688e-05
9.70233244071875e-05
9.70223830637728e-05
9.70214417386242e-05
9.70205004317412e-05
9.70195591431233e-05
9.70186178727698e-05
9.70176766206803e-05
9.70167353868542e-05
9.70157941712911e-05
9.70148529739903e-05
9.70139117949514e-05
9.70129706341738e-05
9.7012029491657e-05
9.70110883674004e-05
9.70101472614035e-05
9.70092061736659e-05
9.70082651041869e-05
9.7007324052966e-05
9.70063830200027e-05
9.70054420052965e-05
9.70045010088468e-05
9.70035600306531e-05
9.70026190707149e-05
9.70016781290316e-05
9.70007372056028e-05
9.69997963004278e-05
9.69988554135061e-05
9.69979145448373e-05
9.69969736944207e-05
9.69960328622559e-05
9.69950920483424e-05
9.69941512526795e-05
9.69932104752667e-05
9.69922697161036e-05
9.69913289751896e-05
9.69903882525242e-05
9.69894475481068e-05
9.69885068619369e-05
9.69875661940139e-05
9.69866255443374e-05
9.69856849129069e-05
9.69847442997217e-05
9.69838037047813e-05
9.69828631280853e-05
9.6981922569633e-05
9.6980982029424e-05
9.69800415074578e-05
9.69791010037337e-05
9.69781605182513e-05
9.697722005101e-05
9.69762796020094e-05
9.69753391712488e-05
9.69743987587277e-05
9.69734583644457e-05
9.69725179884021e-05
9.69715776305965e-05
9.69706372910283e-05
9.6969696969697e-05
9.6968756666602e-05
9.69678163817429e-05
9.69668761151191e-05
9.696593586673e-05
9.69649956365752e-05
9.69640554246541e-05
9.69631152309661e-05
9.69621750555108e-05
9.69612348982877e-05
9.69602947592961e-05
9.69593546385355e-05
9.69584145360055e-05
9.69574744517055e-05
9.69565343856349e-05
9.69555943377933e-05
9.69546543081801e-05
9.69537142967947e-05
9.69527743036367e-05
9.69518343287055e-05
9.69508943720006e-05
9.69499544335214e-05
9.69490145132675e-05
9.69480746112382e-05
9.69471347274331e-05
9.69461948618517e-05
9.69452550144933e-05
9.69443151853575e-05
9.69433753744438e-05
9.69424355817516e-05
9.69414958072803e-05
9.69405560510295e-05
9.69396163129986e-05
9.69386765931872e-05
9.69377368915945e-05
9.69367972082202e-05
9.69358575430638e-05
9.69349178961245e-05
9.69339782674021e-05
9.69330386568958e-05
9.69320990646052e-05
9.69311594905298e-05
9.6930219934669e-05
9.69292803970223e-05
9.69283408775892e-05
9.69274013763691e-05
9.69264618933615e-05
9.69255224285659e-05
9.69245829819817e-05
9.69236435536085e-05
9.69227041434456e-05
9.69217647514926e-05
9.69208253777489e-05
9.6919886022214e-05
9.69189466848874e-05
9.69180073657686e-05
9.69170680648569e-05
9.69161287821519e-05
9.69151895176531e-05
9.69142502713599e-05
9.69133110432718e-05
9.69123718333883e-05
9.69114326417087e-05
9.69104934682327e-05
9.69095543129597e-05
9.69086151758891e-05
9.69076760570205e-05
9.69067369563532e-05
9.69057978738868e-05
9.69048588096207e-05
9.69039197635544e-05
9.69029807356874e-05
9.69020417260192e-05
9.69011027345491e-05
9.69001637612768e-05
9.68992248062015e-05
9.6898285869323e-05
9.68973469506405e-05
9.68964080501536e-05
9.68954691678617e-05
9.68945303037644e-05
9.6893591457861e-05
9.68926526301511e-05
9.68917138206341e-05
9.68907750293095e-05
9.68898362561767e-05
9.68888975012353e-05
9.68879587644848e-05
9.68870200459244e-05
9.68860813455539e-05
9.68851426633726e-05
9.68842039993799e-05
9.68832653535755e-05
9.68823267259587e-05
9.68813881165289e-05
9.68804495252858e-05
9.68795109522287e-05
9.68785723973571e-05
9.68776338606706e-05
9.68766953421685e-05
9.68757568418503e-05
9.68748183597156e-05
9.68738798957637e-05
9.68729414499942e-05
9.68720030224065e-05
9.68710646130001e-05
9.68701262217745e-05
9.68691878487291e-05
9.68682494938634e-05
9.68673111571769e-05
9.68663728386691e-05
9.68654345383393e-05
9.68644962561872e-05
9.68635579922122e-05
9.68626197464137e-05
9.68616815187912e-05
9.68607433093442e-05
9.68598051180721e-05
9.68588669449745e-05
9.68579287900508e-05
9.68569906533004e-05
9.68560525347229e-05
9.68551144343177e-05
9.68541763520843e-05
9.68532382880222e-05
9.68523002421307e-05
9.68513622144095e-05
9.6850424204858e-05
9.68494862134756e-05
9.68485482402619e-05
9.68476102852162e-05
9.68466723483381e-05
9.6845734429627e-05
9.68447965290825e-05
9.68438586467039e-05
9.68429207824908e-05
9.68419829364426e-05
9.68410451085588e-05
9.68401072988389e-05
9.68391695072823e-05
9.68382317338885e-05
9.68372939786571e-05
9.68363562415873e-05
9.68354185226789e-05
9.68344808219311e-05
9.68335431393435e-05
9.68326054749155e-05
9.68316678286467e-05
9.68307302005364e-05
9.68297925905843e-05
9.68288549987896e-05
9.6827917425152e-05
9.68269798696709e-05
9.68260423323457e-05
9.6825104813176e-05
9.68241673121611e-05
9.68232298293006e-05
9.6822292364594e-05
9.68213549180407e-05
9.68204174896402e-05
9.6819480079392e-05
9.68185426872955e-05
9.68176053133502e-05
9.68166679575556e-05
9.68157306199111e-05
9.68147933004163e-05
9.68138559990706e-05
9.68129187158734e-05
9.68119814508244e-05
9.68110442039228e-05
9.68101069751682e-05
9.68091697645601e-05
9.68082325720979e-05
9.68072953977812e-05
9.68063582416093e-05
9.68054211035818e-05
9.68044839836981e-05
9.68035468819578e-05
9.68026097983602e-05
9.68016727329048e-05
9.68007356855912e-05
9.67997986564188e-05
9.67988616453871e-05
9.67979246524955e-05
9.67969876777435e-05
9.67960507211306e-05
9.67951137826563e-05
9.679417686232e-05
9.67932399601212e-05
9.67923030760594e-05
9.67913662101341e-05
9.67904293623447e-05
9.67894925326907e-05
9.67885557211715e-05
9.67876189277868e-05
9.67866821525358e-05
9.67857453954182e-05
9.67848086564333e-05
9.67838719355807e-05
9.67829352328597e-05
9.678199854827e-05
9.6781061881811e-05
9.67801252334821e-05
9.67791886032827e-05
9.67782519912125e-05
9.67773153972709e-05
9.67763788214573e-05
9.67754422637711e-05
9.6774505724212e-05
9.67735692027793e-05
9.67726326994726e-05
9.67716962142912e-05
9.67707597472348e-05
9.67698232983027e-05
9.67688868674944e-05
9.67679504548094e-05
9.67670140602471e-05
9.67660776838072e-05
9.67651413254889e-05
9.67642049852918e-05
9.67632686632154e-05
9.67623323592592e-05
9.67613960734225e-05
9.6760459805705e-05
9.6759523556106e-05
9.67585873246251e-05
9.67576511112616e-05
9.67567149160152e-05
9.67557787388852e-05
9.67548425798711e-05
9.67539064389725e-05
9.67529703161887e-05
9.67520342115193e-05
9.67510981249637e-05
9.67501620565214e-05
9.6749226006192e-05
9.67482899739747e-05
9.67473539598692e-05
9.67464179638749e-05
9.67454819859912e-05
9.67445460262178e-05
9.67436100845539e-05
9.67426741609992e-05
9.6741738255553e-05
9.67408023682148e-05
9.67398664989842e-05
9.67389306478606e-05
9.67379948148435e-05
9.67370589999323e-05
9.67361232031265e-05
9.67351874244256e-05
9.67342516638291e-05
9.67333159213365e-05
9.67323801969471e-05
9.67314444906606e-05
9.67305088024763e-05
9.67295731323938e-05
9.67286374804125e-05
9.67277018465318e-05
9.67267662307514e-05
9.67258306330706e-05
9.67248950534889e-05
9.67239594920058e-05
9.67230239486207e-05
9.67220884233332e-05
9.67211529161428e-05
9.67202174270488e-05
9.67192819560508e-05
9.67183465031482e-05
9.67174110683405e-05
9.67164756516273e-05
9.67155402530079e-05
9.67146048724818e-05
9.67136695100486e-05
9.67127341657076e-05
9.67117988394584e-05
9.67108635313005e-05
9.67099282412332e-05
9.67089929692562e-05
9.67080577153688e-05
9.67071224795706e-05
9.6706187261861e-05
9.67052520622395e-05
9.67043168807056e-05
9.67033817172587e-05
9.67024465718983e-05
9.67015114446239e-05
9.6700576335435e-05
9.6699641244331e-05
9.66987061713114e-05
9.66977711163758e-05
9.66968360795235e-05
9.6695901060754e-05
9.66949660600669e-05
9.66940310774616e-05
9.66930961129375e-05
9.66921611664942e-05
9.66912262381311e-05
9.66902913278478e-05
9.66893564356436e-05
9.6688421561518e-05
9.66874867054706e-05
9.66865518675008e-05
9.6685617047608e-05
9.66846822457918e-05
9.66837474620516e-05
9.6682812696387e-05
9.66818779487973e-05
9.6680943219282e-05
9.66800085078407e-05
9.66790738144729e-05
9.66781391391779e-05
9.66772044819552e-05
9.66762698428044e-05
9.66753352217249e-05
9.66744006187162e-05
9.66734660337777e-05
9.6672531466909e-05
9.66715969181095e-05
9.66706623873787e-05
9.6669727874716e-05
9.6668793380121e-05
9.66678589035931e-05
9.66669244451319e-05
9.66659900047366e-05
9.6665055582407e-05
9.66641211781423e-05
9.66631867919422e-05
9.6662252423806e-05
9.66613180737332e-05
9.66603837417235e-05
9.66594494277761e-05
9.66585151318905e-05
9.66575808540664e-05
9.66566465943031e-05
9.66557123526e-05
9.66547781289568e-05
9.66538439233728e-05
9.66529097358476e-05
9.66519755663806e-05
9.66510414149712e-05
9.66501072816191e-05
9.66491731663236e-05
9.66482390690842e-05
9.66473049899004e-05
9.66463709287716e-05
9.66454368856974e-05
9.66445028606773e-05
9.66435688537106e-05
9.6642634864797e-05
9.66417008939357e-05
9.66407669411264e-05
9.66398330063686e-05
9.66388990896616e-05
9.66379651910049e-05
9.66370313103981e-05
9.66360974478407e-05
9.6635163603332e-05
9.66342297768716e-05
9.66332959684589e-05
9.66323621780934e-05
9.66314284057747e-05
9.66304946515021e-05
9.66295609152752e-05
9.66286271970934e-05
9.66276934969562e-05
9.66267598148631e-05
9.66258261508136e-05
9.66248925048071e-05
9.66239588768431e-05
9.66230252669211e-05
9.66220916750406e-05
9.6621158101201e-05
9.66202245454018e-05
9.66192910076426e-05
9.66183574879227e-05
9.66174239862417e-05
9.6616490502599e-05
9.66155570369941e-05
9.66146235894265e-05
9.66136901598957e-05
9.66127567484011e-05
9.66118233549422e-05
9.66108899795185e-05
9.66099566221295e-05
9.66090232827746e-05
9.66080899614534e-05
9.66071566581652e-05
9.66062233729097e-05
9.66052901056862e-05
9.66043568564942e-05
9.66034236253333e-05
9.66024904122028e-05
9.66015572171023e-05
9.66006240400313e-05
9.65996908809892e-05
9.65987577399755e-05
9.65978246169896e-05
9.65968915120311e-05
9.65959584250995e-05
9.65950253561942e-05
9.65940923053146e-05
9.65931592724603e-05
9.65922262576308e-05
9.65912932608255e-05
9.65903602820439e-05
9.65894273212854e-05
9.65884943785496e-05
9.6587561453836e-05
9.65866285471439e-05
9.6585695658473e-05
9.65847627878226e-05
9.65838299351922e-05
9.65828971005814e-05
9.65819642839896e-05
9.65810314854163e-05
9.65800987048609e-05
9.65791659423229e-05
9.65782331978019e-05
9.65773004712972e-05
9.65763677628084e-05
9.6575435072335e-05
9.65745023998764e-05
9.65735697454321e-05
9.65726371090015e-05
9.65717044905843e-05
9.65707718901797e-05
9.65698393077874e-05
9.65689067434068e-05
9.65679741970373e-05
9.65670416686785e-05
9.65661091583298e-05
9.65651766659907e-05
9.65642441916607e-05
9.65633117353393e-05
9.65623792970259e-05
9.656144687672e-05
9.65605144744211e-05
9.65595820901287e-05
9.65586497238423e-05
9.65577173755612e-05
9.65567850452851e-05
9.65558527330134e-05
9.65549204387456e-05
9.6553988162481e-05
9.65530559042194e-05
9.655212366396e-05
9.65511914417024e-05
9.6550259237446e-05
9.65493270511905e-05
9.65483948829351e-05
9.65474627326794e-05
9.65465306004229e-05
9.6545598486165e-05
9.65446663899053e-05
9.65437343116432e-05
9.65428022513781e-05
9.65418702091097e-05
9.65409381848373e-05
9.65400061785604e-05
9.65390741902785e-05
9.65381422199911e-05
9.65372102676977e-05
9.65362783333977e-05
9.65353464170906e-05
9.65344145187759e-05
9.65334826384531e-05
9.65325507761217e-05
9.65316189317811e-05
9.65306871054308e-05
9.65297552970703e-05
9.65288235066991e-05
9.65278917343166e-05
9.65269599799224e-05
9.65260282435159e-05
9.65250965250965e-05
9.65241648246639e-05
9.65232331422173e-05
9.65223014777564e-05
9.65213698312807e-05
9.65204382027894e-05
9.65195065922823e-05
9.65185749997587e-05
9.65176434252181e-05
9.65167118686601e-05
9.6515780330084e-05
9.65148488094893e-05
9.65139173068757e-05
9.65129858222424e-05
9.6512054355589e-05
9.6511122906915e-05
9.65101914762199e-05
9.65092600635031e-05
9.65083286687641e-05
9.65073972920024e-05
9.65064659332175e-05
9.65055345924089e-05
9.6504603269576e-05
9.65036719647183e-05
9.65027406778352e-05
9.65018094089264e-05
9.65008781579912e-05
9.64999469250292e-05
9.64990157100398e-05
9.64980845130224e-05
9.64971533339767e-05
9.64962221729019e-05
9.64952910297977e-05
9.64943599046636e-05
9.64934287974989e-05
9.64924977083032e-05
9.64915666370759e-05
9.64906355838166e-05
9.64897045485247e-05
9.64887735311996e-05
9.6487842531841e-05
9.64869115504482e-05
9.64859805870207e-05
9.6485049641558e-05
9.64841187140597e-05
9.64831878045251e-05
9.64822569129537e-05
9.64813260393451e-05
9.64803951836987e-05
9.64794643460139e-05
9.64785335262904e-05
9.64776027245275e-05
9.64766719407247e-05
9.64757411748816e-05
9.64748104269975e-05
9.6473879697072e-05
9.64729489851046e-05
9.64720182910947e-05
9.64710876150418e-05
9.64701569569454e-05
9.64692263168049e-05
9.646829569462e-05
9.64673650903899e-05
9.64664345041143e-05
9.64655039357926e-05
9.64645733854242e-05
9.64636428530087e-05
9.64627123385455e-05
9.64617818420342e-05
9.64608513634741e-05
9.64599209028649e-05
9.64589904602058e-05
9.64580600354966e-05
9.64571296287365e-05
9.64561992399251e-05
9.6455268869062e-05
9.64543385161465e-05
9.64534081811781e-05
9.64524778641563e-05
9.64515475650807e-05
9.64506172839506e-05
9.64496870207656e-05
9.64487567755252e-05
9.64478265482287e-05
9.64468963388758e-05
9.64459661474659e-05
9.64450359739984e-05
9.64441058184729e-05
9.64431756808888e-05
9.64422455612456e-05
9.64413154595429e-05
9.644038537578e-05
9.64394553099564e-05
9.64385252620717e-05
9.64375952321253e-05
9.64366652201167e-05
9.64357352260454e-05
9.64348052499108e-05
9.64338752917125e-05
9.64329453514499e-05
9.64320154291225e-05
9.64310855247298e-05
9.64301556382712e-05
9.64292257697463e-05
9.64282959191545e-05
9.64273660864954e-05
9.64264362717683e-05
9.64255064749728e-05
9.64245766961083e-05
9.64236469351744e-05
9.64227171921705e-05
9.64217874670961e-05
9.64208577599506e-05
9.64199280707337e-05
9.64189983994446e-05
9.6418068746083e-05
9.64171391106483e-05
9.641620949314e-05
9.64152798935575e-05
9.64143503119004e-05
9.64134207481681e-05
9.64124912023602e-05
9.6411561674476e-05
9.64106321645151e-05
9.6409702672477e-05
9.64087731983611e-05
9.64078437421669e-05
9.64069143038939e-05
9.64059848835416e-05
9.64050554811094e-05
9.64041260965969e-05
9.64031967300036e-05
9.64022673813288e-05
9.64013380505721e-05
9.6400408737733e-05
9.6399479442811e-05
9.63985501658055e-05
9.6397620906716e-05
9.6396691665542e-05
9.6395762442283e-05
9.63948332369385e-05
9.63939040495079e-05
9.63929748799907e-05
9.63920457283865e-05
9.63911165946946e-05
9.63901874789147e-05
9.6389258381046e-05
9.63883293010882e-05
9.63874002390407e-05
9.63864711949031e-05
9.63855421686747e-05
9.63846131603551e-05
9.63836841699437e-05
9.63827551974401e-05
9.63818262428436e-05
9.63808973061539e-05
9.63799683873704e-05
9.63790394864925e-05
9.63781106035197e-05
9.63771817384516e-05
9.63762528912876e-05
9.63753240620272e-05
9.63743952506698e-05
9.6373466457215e-05
9.63725376816622e-05
9.6371608924011e-05
9.63706801842607e-05
9.6369751462411e-05
9.63688227584612e-05
9.63678940724108e-05
9.63669654042594e-05
9.63660367540064e-05
9.63651081216513e-05
9.63641795071936e-05
9.63632509106327e-05
9.63623223319682e-05
9.63613937711995e-05
9.63604652283261e-05
9.63595367033475e-05
9.63586081962632e-05
9.63576797070726e-05
9.63567512357753e-05
9.63558227823707e-05
9.63548943468584e-05
9.63539659292376e-05
9.63530375295081e-05
9.63521091476692e-05
9.63511807837205e-05
9.63502524376614e-05
9.63493241094914e-05
9.63483957992099e-05
9.63474675068166e-05
9.63465392323108e-05
9.6345610975692e-05
9.63446827369598e-05
9.63437545161135e-05
9.63428263131527e-05
9.63418981280769e-05
9.63409699608856e-05
9.63400418115781e-05
9.63391136801541e-05
9.6338185566613e-05
9.63372574709543e-05
9.63363293931775e-05
9.6335401333282e-05
9.63344732912673e-05
9.63335452671329e-05
9.63326172608784e-05
9.63316892725031e-05
9.63307613020066e-05
9.63298333493883e-05
9.63289054146478e-05
9.63279774977845e-05
9.63270495987978e-05
9.63261217176874e-05
9.63251938544526e-05
9.6324266009093e-05
9.6323338181608e-05
9.63224103719971e-05
9.63214825802599e-05
9.63205548063957e-05
9.63196270504041e-05
9.63186993122845e-05
9.63177715920364e-05
9.63168438896594e-05
9.63159162051529e-05
9.63149885385164e-05
9.63140608897493e-05
9.63131332588512e-05
9.63122056458215e-05
9.63112780506597e-05
9.63103504733654e-05
9.63094229139379e-05
9.63084953723768e-05
9.63075678486816e-05
9.63066403428516e-05
9.63057128548866e-05
9.63047853847858e-05
9.63038579325488e-05
9.63029304981751e-05
9.63020030816641e-05
9.63010756830154e-05
9.63001483022284e-05
9.62992209393026e-05
9.62982935942375e-05
9.62973662670326e-05
9.62964389576873e-05
9.62955116662012e-05
9.62945843925738e-05
9.62936571368044e-05
9.62927298988926e-05
9.6291802678838e-05
9.62908754766398e-05
9.62899482922978e-05
9.62890211258112e-05
9.62880939771797e-05
9.62871668464027e-05
9.62862397334797e-05
9.62853126384101e-05
9.62843855611935e-05
9.62834585018294e-05
9.62825314603172e-05
9.62816044366563e-05
9.62806774308464e-05
9.62797504428868e-05
9.62788234727772e-05
9.62778965205168e-05
9.62769695861053e-05
9.62760426695421e-05
9.62751157708267e-05
9.62741888899586e-05
9.62732620269373e-05
9.62723351817622e-05
9.62714083544328e-05
9.62704815449487e-05
9.62695547533093e-05
9.6268627979514e-05
9.62677012235625e-05
9.62667744854541e-05
9.62658477651883e-05
9.62649210627647e-05
9.62639943781827e-05
9.62630677114418e-05
9.62621410625415e-05
9.62612144314813e-05
9.62602878182606e-05
9.62593612228789e-05
9.62584346453358e-05
9.62575080856307e-05
9.62565815437631e-05
9.62556550197324e-05
9.62547285135382e-05
9.625380202518e-05
9.62528755546572e-05
9.62519491019693e-05
9.62510226671158e-05
9.62500962500963e-05
9.624916985091e-05
9.62482434695567e-05
9.62473171060357e-05
9.62463907603465e-05
9.62454644324886e-05
9.62445381224615e-05
9.62436118302648e-05
9.62426855558978e-05
9.624175929936e-05
9.6240833060651e-05
9.62399068397702e-05
9.62389806367171e-05
9.62380544514912e-05
9.6237128284092e-05
9.6236202134519e-05
9.62352760027716e-05
9.62343498888493e-05
9.62334237927517e-05
9.62324977144782e-05
9.62315716540283e-05
9.62306456114014e-05
9.62297195865971e-05
9.62287935796149e-05
9.62278675904542e-05
9.62269416191145e-05
9.62260156655954e-05
9.62250897298962e-05
9.62241638120165e-05
9.62232379119557e-05
9.62223120297135e-05
9.62213861652891e-05
9.62204603186822e-05
9.62195344898921e-05
9.62186086789185e-05
9.62176828857607e-05
9.62167571104183e-05
9.62158313528908e-05
9.62149056131776e-05
9.62139798912782e-05
9.62130541871921e-05
9.62121285009188e-05
9.62112028324578e-05
9.62102771818086e-05
9.62093515489706e-05
9.62084259339433e-05
9.62075003367263e-05
9.62065747573189e-05
9.62056491957208e-05
9.62047236519313e-05
9.620379812595e-05
9.62028726177764e-05
9.62019471274099e-05
9.620102165485e-05
9.62000962000962e-05
9.6199170763148e-05
9.61982453440049e-05
9.61973199426664e-05
9.61963945591319e-05
9.6195469193401e-05
9.61945438454731e-05
9.61936185153477e-05
9.61926932030243e-05
9.61917679085024e-05
9.61908426317815e-05
9.6189917372861e-05
9.61889921317404e-05
9.61880669084193e-05
9.61871417028972e-05
9.61862165151734e-05
9.61852913452475e-05
9.6184366193119e-05
9.61834410587873e-05
9.6182515942252e-05
9.61815908435125e-05
9.61806657625684e-05
9.61797406994191e-05
9.6178815654064e-05
9.61778906265028e-05
9.61769656167348e-05
9.61760406247596e-05
9.61751156505766e-05
9.61741906941853e-05
9.61732657555853e-05
9.61723408347759e-05
9.61714159317568e-05
9.61704910465273e-05
9.6169566179087e-05
9.61686413294353e-05
9.61677164975718e-05
9.61667916834959e-05
9.6165866887207e-05
9.61649421087048e-05
9.61640173479887e-05
9.61630926050582e-05
9.61621678799127e-05
9.61612431725517e-05
9.61603184829748e-05
9.61593938111814e-05
9.6158469157171e-05
9.61575445209431e-05
9.61566199024972e-05
9.61556953018327e-05
9.61547707189492e-05
9.61538461538462e-05
9.6152921606523e-05
9.61519970769793e-05
9.61510725652145e-05
9.6150148071228e-05
9.61492235950195e-05
9.61482991365883e-05
9.61473746959339e-05
9.61464502730559e-05
9.61455258679537e-05
9.61446014806269e-05
9.61436771110748e-05
9.6142752759297e-05
9.6141828425293e-05
9.61409041090622e-05
9.61399798106042e-05
9.61390555299185e-05
9.61381312670044e-05
9.61372070218616e-05
9.61362827944895e-05
9.61353585848875e-05
9.61344343930552e-05
9.61335102189921e-05
9.61325860626977e-05
9.61316619241713e-05
9.61307378034126e-05
9.6129813700421e-05
9.61288896151961e-05
9.61279655477372e-05
9.61270414980438e-05
9.61261174661155e-05
9.61251934519518e-05
9.61242694555521e-05
9.6123345476916e-05
9.61224215160428e-05
9.61214975729322e-05
9.61205736475835e-05
9.61196497399963e-05
9.61187258501701e-05
9.61178019781044e-05
9.61168781237985e-05
9.61159542872521e-05
9.61150304684647e-05
9.61141066674356e-05
9.61131828841644e-05
9.61122591186506e-05
9.61113353708936e-05
9.61104116408931e-05
9.61094879286483e-05
9.61085642341589e-05
9.61076405574243e-05
9.6106716898444e-05
9.61057932572176e-05
9.61048696337443e-05
9.61039460280239e-05
9.61030224400557e-05
9.61020988698393e-05
9.61011753173741e-05
9.61002517826597e-05
9.60993282656954e-05
9.60984047664809e-05
9.60974812850155e-05
9.60965578212988e-05
9.60956343753303e-05
9.60947109471095e-05
9.60937875366358e-05
9.60928641439087e-05
9.60919407689277e-05
9.60910174116924e-05
9.60900940722021e-05
9.60891707504564e-05
9.60882474464548e-05
9.60873241601968e-05
9.60864008916818e-05
9.60854776409094e-05
9.60845544078789e-05
9.608363119259e-05
9.60827079950421e-05
9.60817848152347e-05
9.60808616531673e-05
9.60799385088394e-05
9.60790153822504e-05
9.60780922733998e-05
9.60771691822872e-05
9.6076246108912e-05
9.60753230532738e-05
9.60744000153719e-05
9.60734769952059e-05
9.60725539927753e-05
9.60716310080796e-05
9.60707080411183e-05
9.60697850918908e-05
9.60688621603966e-05
9.60679392466352e-05
9.60670163506062e-05
9.6066093472309e-05
9.6065170611743e-05
9.60642477689078e-05
9.60633249438029e-05
9.60624021364278e-05
9.60614793467819e-05
9.60605565748648e-05
9.60596338206759e-05
9.60587110842147e-05
9.60577883654807e-05
9.60568656644734e-05
9.60559429811923e-05
9.60550203156368e-05
9.60540976678065e-05
9.60531750377009e-05
9.60522524253194e-05
9.60513298306615e-05
9.60504072537268e-05
9.60494846945146e-05
9.60485621530246e-05
9.60476396292561e-05
9.60467171232087e-05
9.60457946348819e-05
9.60448721642751e-05
9.60439497113879e-05
9.60430272762198e-05
9.60421048587701e-05
9.60411824590384e-05
9.60402600770243e-05
9.60393377127271e-05
9.60384153661465e-05
9.60374930372818e-05
9.60365707261325e-05
9.60356484326982e-05
9.60347261569784e-05
9.60338038989724e-05
9.60328816586799e-05
9.60319594361003e-05
9.60310372312331e-05
9.60301150440778e-05
9.60291928746339e-05
9.60282707229008e-05
9.60273485888781e-05
9.60264264725652e-05
9.60255043739617e-05
9.6024582293067e-05
9.60236602298806e-05
9.60227381844021e-05
9.60218161566308e-05
9.60208941465663e-05
9.60199721542081e-05
9.60190501795556e-05
9.60181282226084e-05
9.6017206283366e-05
9.60162843618278e-05
9.60153624579933e-05
9.6014440571862e-05
9.60135187034334e-05
9.60125968527071e-05
9.60116750196824e-05
9.60107532043589e-05
9.60098314067361e-05
9.60089096268134e-05
9.60079878645903e-05
9.60070661200664e-05
9.60061443932412e-05
9.6005222684114e-05
9.60043009926845e-05
9.6003379318952e-05
9.60024576629162e-05
9.60015360245764e-05
9.60006144039322e-05
9.5999692800983e-05
9.59987712157284e-05
9.59978496481679e-05
9.59969280983009e-05
9.59960065661269e-05
9.59950850516454e-05
9.59941635548559e-05
9.59932420757579e-05
9.59923206143508e-05
9.59913991706343e-05
9.59904777446077e-05
9.59895563362706e-05
9.59886349456224e-05
9.59877135726627e-05
9.59867922173909e-05
9.59858708798065e-05
9.5984949559909e-05
9.59840282576979e-05
9.59831069731727e-05
9.59821857063329e-05
9.5981264457178e-05
9.59803432257074e-05
9.59794220119206e-05
9.59785008158173e-05
9.59775796373967e-05
9.59766584766585e-05
9.59757373336021e-05
9.5974816208227e-05
9.59738951005327e-05
9.59729740105186e-05
9.59720529381844e-05
9.59711318835294e-05
9.59702108465532e-05
9.59692898272553e-05
9.59683688256351e-05
9.59674478416921e-05
9.59665268754259e-05
9.59656059268358e-05
9.59646849959215e-05
9.59637640826824e-05
9.59628431871179e-05
9.59619223092277e-05
9.59610014490111e-05
9.59600806064677e-05
9.5959159781597e-05
9.59582389743983e-05
9.59573181848714e-05
9.59563974130155e-05
9.59554766588303e-05
9.59545559223152e-05
9.59536352034697e-05
9.59527145022933e-05
9.59517938187854e-05
9.59508731529457e-05
9.59499525047735e-05
9.59490318742684e-05
9.59481112614298e-05
9.59471906662573e-05
9.59462700887503e-05
9.59453495289083e-05
9.59444289867309e-05
9.59435084622175e-05
9.59425879553675e-05
9.59416674661806e-05
9.59407469946561e-05
9.59398265407936e-05
9.59389061045926e-05
9.59379856860525e-05
9.59370652851729e-05
9.59361449019533e-05
9.5935224536393e-05
9.59343041884917e-05
9.59333838582488e-05
9.59324635456639e-05
9.59315432507363e-05
9.59306229734656e-05
9.59297027138513e-05
9.59287824718929e-05
9.59278622475898e-05
9.59269420409416e-05
9.59260218519478e-05
9.59251016806078e-05
9.59241815269211e-05
9.59232613908873e-05
9.59223412725058e-05
9.59214211717761e-05
9.59205010886977e-05
9.59195810232701e-05
9.59186609754928e-05
9.59177409453653e-05
9.5916820932887e-05
9.59159009380575e-05
9.59149809608763e-05
9.59140610013428e-05
9.59131410594566e-05
9.5912221135217e-05
9.59113012286238e-05
9.59103813396762e-05
9.59094614683739e-05
9.59085416147162e-05
9.59076217787028e-05
9.5906701960333e-05
9.59057821596064e-05
9.59048623765225e-05
9.59039426110807e-05
9.59030228632807e-05
9.59021031331217e-05
9.59011834206034e-05
9.59002637257252e-05
9.58993440484867e-05
9.58984243888873e-05
9.58975047469265e-05
9.58965851226038e-05
9.58956655159187e-05
9.58947459268707e-05
9.58938263554592e-05
9.58929068016839e-05
9.58919872655441e-05
9.58910677470394e-05
9.58901482461692e-05
9.58892287629331e-05
9.58883092973305e-05
9.58873898493609e-05
9.58864704190239e-05
9.58855510063189e-05
9.58846316112454e-05
9.58837122338028e-05
9.58827928739908e-05
9.58818735318088e-05
9.58809542072563e-05
9.58800349003327e-05
9.58791156110376e-05
9.58781963393705e-05
9.58772770853308e-05
9.5876357848918e-05
9.58754386301317e-05
9.58745194289714e-05
9.58736002454364e-05
9.58726810795264e-05
9.58717619312408e-05
9.58708428005791e-05
9.58699236875407e-05
9.58690045921253e-05
9.58680855143323e-05
9.58671664541611e-05
9.58662474116113e-05
9.58653283866824e-05
9.58644093793738e-05
9.58634903896851e-05
9.58625714176157e-05
9.58616524631652e-05
9.58607335263329e-05
9.58598146071186e-05
9.58588957055215e-05
9.58579768215412e-05
9.58570579551772e-05
9.58561391064291e-05
9.58552202752962e-05
9.58543014617781e-05
9.58533826658743e-05
9.58524638875842e-05
9.58515451269074e-05
9.58506263838434e-05
9.58497076583916e-05
9.58487889505516e-05
9.58478702603228e-05
9.58469515877048e-05
9.58460329326969e-05
9.58451142952988e-05
9.58441956755099e-05
9.58432770733297e-05
9.58423584887577e-05
9.58414399217934e-05
9.58405213724363e-05
9.58396028406858e-05
9.58386843265416e-05
9.5837765830003e-05
9.58368473510695e-05
9.58359288897408e-05
9.58350104460161e-05
9.58340920198952e-05
9.58331736113773e-05
9.58322552204621e-05
9.5831336847149e-05
9.58304184914376e-05
9.58295001533272e-05
9.58285818328175e-05
9.58276635299078e-05
9.58267452445978e-05
9.58258269768868e-05
9.58249087267744e-05
9.58239904942601e-05
9.58230722793434e-05
9.58221540820238e-05
9.58212359023007e-05
9.58203177401736e-05
9.58193995956421e-05
9.58184814687057e-05
9.58175633593638e-05
9.58166452676159e-05
9.58157271934615e-05
9.58148091369002e-05
9.58138910979314e-05
9.58129730765546e-05
9.58120550727693e-05
9.58111370865749e-05
9.58102191179711e-05
9.58093011669573e-05
9.58083832335329e-05
9.58074653176976e-05
9.58065474194506e-05
9.58056295387917e-05
9.58047116757202e-05
9.58037938302357e-05
9.58028760023376e-05
9.58019581920254e-05
9.58010403992987e-05
9.5800122624157e-05
9.57992048665996e-05
9.57982871266262e-05
9.57973694042362e-05
9.57964516994291e-05
9.57955340122044e-05
9.57946163425616e-05
9.57936986905001e-05
9.57927810560196e-05
9.57918634391195e-05
9.57909458397992e-05
9.57900282580583e-05
9.57891106938963e-05
9.57881931473127e-05
9.57872756183069e-05
9.57863581068784e-05
9.57854406130268e-05
9.57845231367516e-05
9.57836056780521e-05
9.57826882369281e-05
9.57817708133788e-05
9.57808534074039e-05
9.57799360190027e-05
9.57790186481749e-05
9.57781012949199e-05
9.57771839592372e-05
9.57762666411263e-05
9.57753493405867e-05
9.57744320576179e-05
9.57735147922194e-05
9.57725975443906e-05
9.57716803141311e-05
9.57707631014404e-05
9.57698459063179e-05
9.57689287287632e-05
9.57680115687758e-05
9.57670944263551e-05
9.57661773015007e-05
9.57652601942119e-05
9.57643431044885e-05
9.57634260323297e-05
9.57625089777352e-05
9.57615919407044e-05
9.57606749212369e-05
9.5759757919332e-05
9.57588409349893e-05
9.57579239682084e-05
9.57570070189886e-05
9.57560900873296e-05
9.57551731732307e-05
9.57542562766915e-05
9.57533393977115e-05
9.57524225362902e-05
9.5751505692427e-05
9.57505888661215e-05
9.57496720573732e-05
9.57487552661815e-05
9.5747838492546e-05
9.57469217364662e-05
9.57460049979415e-05
9.57450882769714e-05
9.57441715735555e-05
9.57432548876932e-05
9.5742338219384e-05
9.57414215686274e-05
9.5740504935423e-05
9.57395883197702e-05
9.57386717216685e-05
9.57377551411175e-05
9.57368385781165e-05
9.57359220326651e-05
9.57350055047628e-05
9.57340889944091e-05
9.57331725016035e-05
9.57322560263455e-05
9.57313395686346e-05
9.57304231284702e-05
9.5729506705852e-05
9.57285903007792e-05
9.57276739132516e-05
9.57267575432685e-05
9.57258411908295e-05
9.5724924855934e-05
9.57240085385816e-05
9.57230922387717e-05
9.57221759565038e-05
9.57212596917775e-05
9.57203434445923e-05
9.57194272149476e-05
9.57185110028428e-05
9.57175948082777e-05
9.57166786312515e-05
9.57157624717639e-05
9.57148463298142e-05
9.57139302054021e-05
9.5713014098527e-05
9.57120980091884e-05
9.57111819373857e-05
9.57102658831186e-05
9.57093498463865e-05
9.57084338271889e-05
9.57075178255252e-05
9.5706601841395e-05
9.57056858747978e-05
9.57047699257331e-05
9.57038539942003e-05
9.57029380801991e-05
9.57020221837287e-05
9.57011063047889e-05
9.5700190443379e-05
9.56992745994985e-05
9.5698358773147e-05
9.5697442964324e-05
9.56965271730289e-05
9.56956113992612e-05
9.56946956430205e-05
9.56937799043062e-05
9.56928641831179e-05
9.56919484794549e-05
9.56910327933169e-05
9.56901171247034e-05
9.56892014736137e-05
9.56882858400475e-05
9.56873702240041e-05
9.56864546254832e-05
9.56855390444842e-05
9.56846234810066e-05
9.56837079350499e-05
9.56827924066136e-05
9.56818768956972e-05
9.56809614023002e-05
9.5680045926422e-05
9.56791304680623e-05
9.56782150272204e-05
9.5677299603896e-05
9.56763841980884e-05
9.56754688097972e-05
9.56745534390218e-05
9.56736380857618e-05
9.56727227500167e-05
9.5671807431786e-05
9.56708921310691e-05
9.56699768478656e-05
9.56690615821749e-05
9.56681463339966e-05
9.56672311033302e-05
9.56663158901751e-05
9.56654006945308e-05
9.56644855163969e-05
9.56635703557728e-05
9.56626552126581e-05
9.56617400870522e-05
9.56608249789546e-05
9.56599098883649e-05
9.56589948152825e-05
9.56580797597069e-05
9.56571647216377e-05
9.56562497010742e-05
9.56553346980161e-05
9.56544197124628e-05
9.56535047444138e-05
9.56525897938687e-05
9.56516748608268e-05
9.56507599452878e-05
9.5649845047251e-05
9.56489301667161e-05
9.56480153036825e-05
9.56471004581496e-05
9.56461856301171e-05
9.56452708195843e-05
9.56443560265509e-05
9.56434412510162e-05
9.56425264929798e-05
9.56416117524413e-05
9.56406970294e-05
9.56397823238554e-05
9.56388676358072e-05
9.56379529652547e-05
9.56370383121976e-05
9.56361236766351e-05
9.5635209058567e-05
9.56342944579926e-05
9.56333798749115e-05
9.56324653093232e-05
9.56315507612271e-05
9.56306362306228e-05
9.56297217175098e-05
9.56288072218875e-05
9.56278927437555e-05
9.56269782831132e-05
9.56260638399602e-05
9.5625149414296e-05
9.562423500612e-05
9.56233206154317e-05
9.56224062422307e-05
9.56214918865164e-05
9.56205775482884e-05
9.56196632275461e-05
9.56187489242891e-05
9.56178346385168e-05
9.56169203702287e-05
9.56160061194244e-05
9.56150918861033e-05
9.56141776702649e-05
9.56132634719088e-05
9.56123492910344e-05
9.56114351276413e-05
9.56105209817288e-05
9.56096068532966e-05
9.56086927423441e-05
9.56077786488709e-05
9.56068645728763e-05
9.560595051436e-05
9.56050364733214e-05
9.560412244976e-05
9.56032084436754e-05
9.56022944550669e-05
9.56013804839342e-05
9.56004665302767e-05
9.55995525940939e-05
9.55986386753853e-05
9.55977247741504e-05
9.55968108903887e-05
9.55958970240997e-05
9.5594983175283e-05
9.55940693439379e-05
9.55931555300641e-05
9.55922417336609e-05
9.55913279547279e-05
9.55904141932647e-05
9.55895004492707e-05
9.55885867227453e-05
9.55876730136882e-05
9.55867593220987e-05
9.55858456479764e-05
9.55849319913209e-05
9.55840183521315e-05
9.55831047304079e-05
9.55821911261494e-05
9.55812775393556e-05
9.5580363970026e-05
9.55794504181601e-05
9.55785368837574e-05
9.55776233668174e-05
9.55767098673395e-05
9.55757963853234e-05
9.55748829207684e-05
9.55739694736742e-05
9.55730560440401e-05
9.55721426318657e-05
9.55712292371504e-05
9.55703158598939e-05
9.55694025000956e-05
9.55684891577549e-05
9.55675758328714e-05
9.55666625254446e-05
9.5565749235474e-05
9.55648359629591e-05
9.55639227078993e-05
9.55630094702942e-05
9.55620962501433e-05
9.55611830474461e-05
9.55602698622021e-05
9.55593566944107e-05
9.55584435440716e-05
9.55575304111841e-05
9.55566172957477e-05
9.55557041977621e-05
9.55547911172266e-05
9.55538780541408e-05
9.55529650085042e-05
9.55520519803163e-05
9.55511389695765e-05
9.55502259762844e-05
9.55493130004395e-05
9.55484000420413e-05
9.55474871010892e-05
9.55465741775829e-05
9.55456612715217e-05
9.55447483829051e-05
9.55438355117328e-05
9.55429226580041e-05
9.55420098217186e-05
9.55410970028758e-05
9.55401842014751e-05
9.55392714175162e-05
9.55383586509984e-05
9.55374459019213e-05
9.55365331702843e-05
9.5535620456087e-05
9.5534707759329e-05
9.55337950800096e-05
9.55328824181283e-05
9.55319697736848e-05
9.55310571466784e-05
9.55301445371087e-05
9.55292319449752e-05
9.55283193702773e-05
9.55274068130147e-05
9.55264942731867e-05
9.55255817507929e-05
9.55246692458327e-05
9.55237567583058e-05
9.55228442882115e-05
9.55219318355494e-05
9.5521019400319e-05
9.55201069825198e-05
9.55191945821513e-05
9.55182821992129e-05
9.55173698337043e-05
9.55164574856248e-05
9.5515545154974e-05
9.55146328417514e-05
9.55137205459564e-05
9.55128082675887e-05
9.55118960066476e-05
9.55109837631328e-05
9.55100715370436e-05
9.55091593283796e-05
9.55082471371403e-05
9.55073349633252e-05
9.55064228069338e-05
9.55055106679655e-05
9.550459854642e-05
9.55036864422967e-05
9.5502774355595e-05
9.55018622863146e-05
9.55009502344548e-05
9.55000382000153e-05
9.54991261829954e-05
9.54982141833948e-05
9.54973022012128e-05
9.54963902364491e-05
9.5495478289103e-05
9.54945663591742e-05
9.5493654446662e-05
9.54927425515661e-05
9.54918306738858e-05
9.54909188136208e-05
9.54900069707705e-05
9.54890951453344e-05
9.5488183337312e-05
9.54872715467028e-05
9.54863597735064e-05
9.54854480177221e-05
9.54845362793496e-05
9.54836245583882e-05
9.54827128548376e-05
9.54818011686973e-05
9.54808894999666e-05
9.54799778486451e-05
9.54790662147324e-05
9.54781545982279e-05
9.54772429991312e-05
9.54763314174416e-05
9.54754198531588e-05
9.54745083062822e-05
9.54735967768114e-05
9.54726852647458e-05
9.54717737700849e-05
9.54708622928282e-05
9.54699508329753e-05
9.54690393905256e-05
9.54681279654787e-05
9.5467216557834e-05
9.54663051675911e-05
9.54653937947494e-05
9.54644824393085e-05
9.54635711012678e-05
9.54626597806268e-05
9.54617484773851e-05
9.54608371915422e-05
9.54599259230975e-05
9.54590146720506e-05
9.54581034384009e-05
9.5457192222148e-05
9.54562810232913e-05
9.54553698418304e-05
9.54544586777648e-05
9.5453547531094e-05
9.54526364018174e-05
9.54517252899346e-05
9.54508141954451e-05
9.54499031183483e-05
9.54489920586439e-05
9.54480810163312e-05
9.54471699914098e-05
9.54462589838791e-05
9.54453479937388e-05
9.54444370209882e-05
9.5443526065627e-05
9.54426151276545e-05
9.54417042070703e-05
9.54407933038739e-05
9.54398824180649e-05
9.54389715496426e-05
9.54380606986066e-05
9.54371498649564e-05
9.54362390486916e-05
9.54353282498115e-05
9.54344174683158e-05
9.54335067042038e-05
9.54325959574752e-05
9.54316852281294e-05
9.5430774516166e-05
9.54298638215843e-05
9.5428953144384e-05
9.54280424845645e-05
9.54271318421254e-05
9.5426221217066e-05
9.5425310609386e-05
9.54244000190849e-05
9.54234894461621e-05
9.54225788906171e-05
9.54216683524495e-05
9.54207578316587e-05
9.54198473282443e-05
9.54189368422057e-05
9.54180263735425e-05
9.54171159222541e-05
9.54162054883401e-05
9.54152950718e-05
9.54143846726332e-05
9.54134742908394e-05
9.54125639264178e-05
9.54116535793682e-05
9.54107432496899e-05
9.54098329373825e-05
9.54089226424455e-05
9.54080123648784e-05
9.54071021046807e-05
9.54061918618518e-05
9.54052816363914e-05
9.54043714282988e-05
9.54034612375737e-05
9.54025510642155e-05
9.54016409082236e-05
9.54007307695977e-05
9.53998206483372e-05
9.53989105444416e-05
9.53980004579104e-05
9.53970903887431e-05
9.53961803369393e-05
9.53952703024984e-05
9.53943602854199e-05
9.53934502857034e-05
9.53925403033483e-05
9.53916303383541e-05
9.53907203907204e-05
9.53898104604466e-05
9.53889005475323e-05
9.53879906519769e-05
9.538708077378e-05
9.5386170912941e-05
9.53852610694595e-05
9.5384351243335e-05
9.5383441434567e-05
9.53825316431549e-05
9.53816218690983e-05
9.53807121123966e-05
9.53798023730495e-05
9.53788926510563e-05
9.53779829464166e-05
9.537707325913e-05
9.53761635891958e-05
9.53752539366136e-05
9.53743443013829e-05
9.53734346835033e-05
9.53725250829741e-05
9.53716154997949e-05
9.53707059339653e-05
9.53697963854847e-05
9.53688868543526e-05
9.53679773405686e-05
9.53670678441321e-05
9.53661583650426e-05
9.53652489032996e-05
9.53643394589027e-05
9.53634300318514e-05
9.53625206221451e-05
9.53616112297833e-05
9.53607018547657e-05
9.53597924970915e-05
9.53588831567605e-05
9.5357973833772e-05
9.53570645281256e-05
9.53561552398207e-05
9.5355245968857e-05
9.53543367152338e-05
9.53534274789507e-05
9.53525182600072e-05
9.53516090584029e-05
9.53506998741371e-05
9.53497907072094e-05
9.53488815576193e-05
9.53479724253664e-05
9.534706331045e-05
9.53461542128698e-05
9.53452451326252e-05
9.53443360697158e-05
9.5343427024141e-05
9.53425179959003e-05
9.53416089849932e-05
9.53406999914193e-05
9.53397910151781e-05
9.5338882056269e-05
9.53379731146916e-05
9.53370641904453e-05
9.53361552835297e-05
9.53352463939443e-05
9.53343375216886e-05
9.5333428666762e-05
9.53325198291641e-05
9.53316110088944e-05
9.53307022059525e-05
9.53297934203377e-05
9.53288846520496e-05
9.53279759010877e-05
9.53270671674515e-05
9.53261584511406e-05
9.53252497521544e-05
9.53243410704923e-05
9.53234324061541e-05
9.53225237591391e-05
9.53216151294468e-05
9.53207065170767e-05
9.53197979220284e-05
9.53188893443014e-05
9.53179807838951e-05
9.5317072240809e-05
9.53161637150428e-05
9.53152552065958e-05
9.53143467154676e-05
9.53134382416577e-05
9.53125297851656e-05
9.53116213459907e-05
9.53107129241327e-05
9.53098045195909e-05
9.5308896132365e-05
9.53079877624544e-05
9.53070794098586e-05
9.53061710745771e-05
9.53052627566094e-05
9.53043544559551e-05
9.53034461726136e-05
9.53025379065845e-05
9.53016296578671e-05
9.53007214264612e-05
9.52998132123661e-05
9.52989050155814e-05
9.52979968361065e-05
9.5297088673941e-05
9.52961805290844e-05
9.52952724015362e-05
9.52943642912958e-05
9.52934561983629e-05
9.52925481227368e-05
9.52916400644172e-05
9.52907320234034e-05
9.52898239996951e-05
9.52889159932917e-05
9.52880080041927e-05
9.52871000323976e-05
9.5286192077906e-05
9.52852841407173e-05
9.52843762208311e-05
9.52834683182468e-05
9.5282560432964e-05
9.52816525649821e-05
9.52807447143007e-05
9.52798368809193e-05
9.52789290648373e-05
9.52780212660544e-05
9.52771134845699e-05
9.52762057203834e-05
9.52752979734944e-05
9.52743902439024e-05
9.5273482531607e-05
9.52725748366075e-05
9.52716671589036e-05
9.52707594984947e-05
9.52698518553804e-05
9.526894422956e-05
9.52680366210333e-05
9.52671290297996e-05
9.52662214558584e-05
9.52653138992093e-05
9.52644063598518e-05
9.52634988377853e-05
9.52625913330094e-05
9.52616838455237e-05
9.52607763753275e-05
9.52598689224204e-05
9.52589614868019e-05
9.52580540684715e-05
9.52571466674287e-05
9.52562392836731e-05
9.52553319172041e-05
9.52544245680212e-05
9.52535172361239e-05
9.52526099215118e-05
9.52517026241844e-05
9.52507953441411e-05
9.52498880813815e-05
9.52489808359051e-05
9.52480736077113e-05
9.52471663967997e-05
9.52462592031698e-05
9.52453520268211e-05
9.52444448677531e-05
9.52435377259653e-05
9.52426306014572e-05
9.52417234942283e-05
9.52408164042782e-05
9.52399093316063e-05
9.52390022762122e-05
9.52380952380952e-05
9.52371882172551e-05
9.52362812136912e-05
9.5235374227403e-05
9.52344672583902e-05
9.52335603066521e-05
9.52326533721883e-05
9.52317464549982e-05
9.52308395550815e-05
9.52299326724376e-05
9.5229025807066e-05
9.52281189589662e-05
9.52272121281377e-05
9.52263053145801e-05
9.52253985182928e-05
9.52244917392753e-05
9.52235849775272e-05
9.5222678233048e-05
9.52217715058371e-05
9.52208647958941e-05
9.52199581032184e-05
9.52190514278097e-05
9.52181447696673e-05
9.52172381287908e-05
9.52163315051798e-05
9.52154248988336e-05
9.52145183097519e-05
9.52136117379341e-05
9.52127051833797e-05
9.52117986460882e-05
9.52108921260592e-05
9.52099856232922e-05
9.52090791377866e-05
9.5208172669542e-05
9.52072662185578e-05
9.52063597848336e-05
9.52054533683689e-05
9.52045469691632e-05
9.52036405872161e-05
9.52027342225269e-05
9.52018278750952e-05
9.52009215449206e-05
9.52000152320024e-05
9.51991089363404e-05
9.51982026579338e-05
9.51972963967823e-05
9.51963901528854e-05
9.51954839262425e-05
9.51945777168532e-05
9.5193671524717e-05
9.51927653498334e-05
9.51918591922019e-05
9.5190953051822e-05
9.51900469286931e-05
9.51891408228149e-05
9.51882347341869e-05
9.51873286628084e-05
9.51864226086791e-05
9.51855165717984e-05
9.51846105521659e-05
9.51837045497811e-05
9.51827985646434e-05
9.51818925967524e-05
9.51809866461076e-05
9.51800807127084e-05
9.51791747965545e-05
9.51782688976453e-05
9.51773630159803e-05
9.5176457151559e-05
9.51755513043809e-05
9.51746454744456e-05
9.51737396617525e-05
9.51728338663012e-05
9.51719280880911e-05
9.51710223271218e-05
9.51701165833928e-05
9.51692108569036e-05
9.51683051476536e-05
9.51673994556425e-05
9.51664937808696e-05
9.51655881233346e-05
9.51646824830369e-05
9.5163776859976e-05
9.51628712541515e-05
9.51619656655628e-05
9.51610600942095e-05
9.5160154540091e-05
9.51592490032069e-05
9.51583434835566e-05
9.51574379811398e-05
9.51565324959559e-05
9.51556270280043e-05
9.51547215772847e-05
9.51538161437964e-05
9.51529107275392e-05
9.51520053285123e-05
9.51510999467154e-05
9.51501945821479e-05
9.51492892348094e-05
9.51483839046994e-05
9.51474785918173e-05
9.51465732961627e-05
9.51456680177351e-05
9.51447627565341e-05
9.5143857512559e-05
9.51429522858094e-05
9.51420470762849e-05
9.51411418839849e-05
9.51402367089089e-05
9.51393315510565e-05
9.51384264104272e-05
9.51375212870204e-05
9.51366161808357e-05
9.51357110918726e-05
9.51348060201305e-05
9.51339009656091e-05
9.51329959283078e-05
9.51320909082261e-05
9.51311859053635e-05
9.51302809197196e-05
9.51293759512938e-05
9.51284710000856e-05
9.51275660660946e-05
9.51266611493203e-05
9.51257562497622e-05
9.51248513674197e-05
9.51239465022925e-05
9.51230416543799e-05
9.51221368236816e-05
9.5121232010197e-05
9.51203272139256e-05
9.5119422434867e-05
9.51185176730206e-05
9.51176129283859e-05
9.51167082009626e-05
9.511580349075e-05
9.51148987977477e-05
9.51139941219552e-05
9.5113089463372e-05
9.51121848219975e-05
9.51112801978315e-05
9.51103755908732e-05
9.51094710011223e-05
9.51085664285782e-05
9.51076618732405e-05
9.51067573351087e-05
9.51058528141822e-05
9.51049483104606e-05
9.51040438239434e-05
9.51031393546301e-05
9.51022349025202e-05
9.51013304676132e-05
9.51004260499087e-05
9.50995216494061e-05
9.50986172661049e-05
9.50977129000048e-05
9.5096808551105e-05
9.50959042194053e-05
9.5094999904905e-05
9.50940956076037e-05
9.5093191327501e-05
9.50922870645962e-05
9.50913828188889e-05
9.50904785903787e-05
9.50895743790651e-05
9.50886701849475e-05
9.50877660080254e-05
9.50868618482984e-05
9.5085957705766e-05
9.50850535804277e-05
9.5084149472283e-05
9.50832453813314e-05
9.50823413075724e-05
9.50814372510055e-05
9.50805332116302e-05
9.50796291894462e-05
9.50787251844527e-05
9.50778211966495e-05
9.50769172260359e-05
9.50760132726115e-05
9.50751093363757e-05
9.50742054173282e-05
9.50733015154684e-05
9.50723976307959e-05
9.507149376331e-05
9.50705899130104e-05
9.50696860798966e-05
9.5068782263968e-05
9.50678784652242e-05
9.50669746836646e-05
9.50660709192889e-05
9.50651671720965e-05
9.50642634420869e-05
9.50633597292596e-05
9.50624560336141e-05
9.506155235515e-05
9.50606486938667e-05
9.50597450497638e-05
9.50588414228407e-05
9.50579378130971e-05
9.50570342205323e-05
9.5056130645146e-05
9.50552270869375e-05
9.50543235459065e-05
9.50534200220524e-05
9.50525165153747e-05
9.5051613025873e-05
9.50507095535468e-05
9.50498060983956e-05
9.50489026604188e-05
9.5047999239616e-05
9.50470958359867e-05
9.50461924495305e-05
9.50452890802467e-05
9.5044385728135e-05
9.50434823931949e-05
9.50425790754258e-05
9.50416757748273e-05
9.50407724913988e-05
9.50398692251399e-05
9.50389659760502e-05
9.5038062744129e-05
9.5037159529376e-05
9.50362563317906e-05
9.50353531513723e-05
9.50344499881207e-05
9.50335468420352e-05
9.50326437131155e-05
9.50317406013609e-05
9.50308375067709e-05
9.50299344293452e-05
9.50290313690832e-05
9.50281283259845e-05
9.50272253000485e-05
9.50263222912747e-05
9.50254192996627e-05
9.50245163252119e-05
9.50236133679219e-05
9.50227104277922e-05
9.50218075048224e-05
9.50209045990118e-05
9.502000171036e-05
9.50190988388666e-05
9.5018195984531e-05
9.50172931473528e-05
9.50163903273315e-05
9.50154875244665e-05
9.50145847387574e-05
9.50136819702037e-05
9.50127792188049e-05
9.50118764845606e-05
9.50109737674701e-05
9.50100710675332e-05
9.50091683847491e-05
9.50082657191176e-05
9.5007363070638e-05
9.50064604393099e-05
9.50055578251328e-05
9.50046552281062e-05
9.50037526482296e-05
9.50028500855026e-05
9.50019475399246e-05
9.50010450114951e-05
9.50001425002138e-05
9.499924000608e-05
9.49983375290932e-05
9.49974350692531e-05
9.49965326265591e-05
9.49956302010108e-05
9.49947277926075e-05
9.49938254013489e-05
9.49929230272345e-05
9.49920206702637e-05
9.49911183304361e-05
9.49902160077512e-05
9.49893137022085e-05
9.49884114138075e-05
9.49875091425478e-05
9.49866068884287e-05
9.498570465145e-05
9.49848024316109e-05
9.49839002289112e-05
9.49829980433502e-05
9.49820958749276e-05
9.49811937236427e-05
9.49802915894952e-05
9.49793894724845e-05
9.49784873726101e-05
9.49775852898716e-05
9.49766832242684e-05
9.49757811758002e-05
9.49748791444663e-05
9.49739771302663e-05
9.49730751331997e-05
9.49721731532661e-05
9.49712711904649e-05
9.49703692447956e-05
9.49694673162578e-05
9.4968565404851e-05
9.49676635105746e-05
9.49667616334283e-05
9.49658597734115e-05
9.49649579305236e-05
9.49640561047643e-05
9.49631542961331e-05
9.49622525046294e-05
9.49613507302528e-05
9.49604489730027e-05
9.49595472328788e-05
9.49586455098804e-05
9.49577438040072e-05
9.49568421152586e-05
9.49559404436342e-05
9.49550387891334e-05
9.49541371517557e-05
9.49532355315007e-05
9.4952333928368e-05
9.49514323423569e-05
9.4950530773467e-05
9.49496292216979e-05
9.4948727687049e-05
9.49478261695199e-05
9.494692466911e-05
9.49460231858189e-05
9.4945121719646e-05
9.4944220270591e-05
9.49433188386533e-05
9.49424174238325e-05
9.49415160261279e-05
9.49406146455392e-05
9.49397132820659e-05
9.49388119357074e-05
9.49379106064634e-05
9.49370092943332e-05
9.49361079993165e-05
9.49352067214126e-05
9.49343054606212e-05
9.49334042169418e-05
9.49325029903738e-05
9.49316017809168e-05
9.49307005885703e-05
9.49297994133338e-05
9.49288982552069e-05
9.49279971141889e-05
9.49270959902795e-05
9.49261948834781e-05
9.49252937937843e-05
9.49243927211976e-05
9.49234916657174e-05
9.49225906273434e-05
9.4921689606075e-05
9.49207886019117e-05
9.49198876148531e-05
9.49189866448986e-05
9.49180856920478e-05
9.49171847563001e-05
9.49162838376552e-05
9.49153829361125e-05
9.49144820516714e-05
9.49135811843317e-05
9.49126803340926e-05
9.49117795009539e-05
9.49108786849149e-05
9.49099778859752e-05
9.49090771041342e-05
9.49081763393916e-05
9.49072755917469e-05
9.49063748611994e-05
9.49054741477488e-05
9.49045734513946e-05
9.49036727721363e-05
9.49027721099733e-05
9.49018714649053e-05
9.49009708369317e-05
9.4900070226052e-05
9.48991696322657e-05
9.48982690555724e-05
9.48973684959716e-05
9.48964679534628e-05
9.48955674280454e-05
9.48946669197191e-05
9.48937664284833e-05
9.48928659543376e-05
9.48919654972814e-05
9.48910650573142e-05
9.48901646344356e-05
9.48892642286452e-05
9.48883638399423e-05
9.48874634683266e-05
9.48865631137975e-05
9.48856627763545e-05
9.48847624559972e-05
9.48838621527251e-05
9.48829618665376e-05
9.48820615974344e-05
9.48811613454149e-05
9.48802611104786e-05
9.4879360892625e-05
9.48784606918537e-05
9.48775605081642e-05
9.4876660341556e-05
9.48757601920285e-05
9.48748600595814e-05
9.48739599442141e-05
9.48730598459261e-05
9.4872159764717e-05
9.48712597005863e-05
9.48703596535334e-05
9.4869459623558e-05
9.48685596106594e-05
9.48676596148373e-05
9.48667596360911e-05
9.48658596744204e-05
9.48649597298246e-05
9.48640598023033e-05
9.4863159891856e-05
9.48622599984822e-05
9.48613601221814e-05
9.48604602629532e-05
9.4859560420797e-05
9.48586605957124e-05
9.48577607876988e-05
9.48568609967559e-05
9.48559612228831e-05
9.48550614660798e-05
9.48541617263457e-05
9.48532620036803e-05
9.4852362298083e-05
9.48514626095534e-05
9.4850562938091e-05
9.48496632836953e-05
9.48487636463659e-05
9.48478640261021e-05
9.48469644229036e-05
9.48460648367699e-05
9.48451652677005e-05
9.48442657156948e-05
9.48433661807525e-05
9.4842466662873e-05
9.48415671620558e-05
9.48406676783005e-05
9.48397682116065e-05
9.48388687619734e-05
9.48379693294007e-05
9.48370699138879e-05
9.48361705154346e-05
9.48352711340402e-05
9.48343717697042e-05
9.48334724224262e-05
9.48325730922057e-05
9.48316737790422e-05
9.48307744829352e-05
9.48298752038842e-05
9.48289759418888e-05
9.48280766969484e-05
9.48271774690626e-05
9.48262782582309e-05
9.48253790644528e-05
9.48244798877278e-05
9.48235807280555e-05
9.48226815854352e-05
9.48217824598667e-05
9.48208833513493e-05
9.48199842598826e-05
9.48190851854661e-05
9.48181861280994e-05
9.48172870877818e-05
9.48163880645131e-05
9.48154890582926e-05
9.48145900691198e-05
9.48136910969944e-05
9.48127921419158e-05
9.48118932038835e-05
9.4810994282897e-05
9.48100953789559e-05
9.48091964920597e-05
9.48082976222079e-05
9.48073987694e-05
9.48064999336355e-05
9.48056011149139e-05
9.48047023132347e-05
9.48038035285976e-05
9.48029047610019e-05
9.48020060104472e-05
9.4801107276933e-05
9.48002085604588e-05
9.47993098610242e-05
9.47984111786286e-05
9.47975125132717e-05
9.47966138649527e-05
9.47957152336714e-05
9.47948166194272e-05
9.47939180222197e-05
9.47930194420483e-05
9.47921208789125e-05
9.4791222332812e-05
9.47903238037461e-05
9.47894252917145e-05
9.47885267967165e-05
9.47876283187518e-05
9.47867298578199e-05
9.47858314139202e-05
9.47849329870524e-05
9.47840345772158e-05
9.47831361844101e-05
9.47822378086347e-05
9.47813394498891e-05
9.47804411081729e-05
9.47795427834856e-05
9.47786444758267e-05
9.47777461851957e-05
9.47768479115922e-05
9.47759496550155e-05
9.47750514154654e-05
9.47741531929412e-05
9.47732549874425e-05
9.47723567989689e-05
9.47714586275197e-05
9.47705604730946e-05
9.47696623356931e-05
9.47687642153146e-05
9.47678661119588e-05
9.4766968025625e-05
9.47660699563128e-05
9.47651719040218e-05
9.47642738687515e-05
9.47633758505013e-05
9.47624778492708e-05
9.47615798650595e-05
9.47606818978669e-05
9.47597839476926e-05
9.4758886014536e-05
9.47579880983967e-05
9.47570901992742e-05
9.47561923171679e-05
9.47552944520775e-05
9.47543966040024e-05
9.47534987729422e-05
9.47526009588963e-05
9.47517031618643e-05
9.47508053818457e-05
9.47499076188401e-05
9.47490098728468e-05
9.47481121438655e-05
9.47472144318957e-05
9.47463167369369e-05
9.47454190589885e-05
9.47445213980502e-05
9.47436237541213e-05
9.47427261272016e-05
9.47418285172904e-05
9.47409309243873e-05
9.47400333484917e-05
9.47391357896033e-05
9.47382382477215e-05
9.47373407228459e-05
9.47364432149759e-05
9.47355457241111e-05
9.4734648250251e-05
9.47337507933952e-05
9.4732853353543e-05
9.47319559306941e-05
9.4731058524848e-05
9.47301611360041e-05
9.4729263764162e-05
9.47283664093213e-05
9.47274690714814e-05
9.47265717506418e-05
9.47256744468021e-05
9.47247771599617e-05
9.47238798901203e-05
9.47229826372773e-05
9.47220854014322e-05
9.47211881825846e-05
9.47202909807339e-05
9.47193937958797e-05
9.47184966280215e-05
9.47175994771589e-05
9.47167023432912e-05
9.47158052264181e-05
9.47149081265391e-05
9.47140110436537e-05
9.47131139777614e-05
9.47122169288617e-05
9.47113198969541e-05
9.47104228820382e-05
9.47095258841134e-05
9.47086289031794e-05
9.47077319392355e-05
9.47068349922814e-05
9.47059380623165e-05
9.47050411493404e-05
9.47041442533525e-05
9.47032473743525e-05
9.47023505123397e-05
9.47014536673138e-05
9.47005568392742e-05
9.46996600282205e-05
9.46987632341522e-05
9.46978664570687e-05
9.46969696969697e-05
9.46960729538546e-05
9.4695176227723e-05
9.46942795185743e-05
9.46933828264081e-05
9.46924861512239e-05
9.46915894930212e-05
9.46906928517996e-05
9.46897962275585e-05
9.46888996202975e-05
9.46880030300161e-05
9.46871064567138e-05
9.46862099003901e-05
9.46853133610446e-05
9.46844168386767e-05
9.4683520333286e-05
9.4682623844872e-05
9.46817273734342e-05
9.46808309189721e-05
9.46799344814853e-05
9.46790380609733e-05
9.46781416574355e-05
9.46772452708716e-05
9.4676348901281e-05
9.46754525486632e-05
9.46745562130178e-05
9.46736598943442e-05
9.4672763592642e-05
9.46718673079108e-05
9.467097104015e-05
9.46700747893591e-05
9.46691785555377e-05
9.46682823386853e-05
9.46673861388013e-05
9.46664899558854e-05
9.4665593789937e-05
9.46646976409557e-05
9.4663801508941e-05
9.46629053938924e-05
9.46620092958093e-05
9.46611132146914e-05
9.46602171505381e-05
9.4659321103349e-05
9.46584250731236e-05
9.46575290598614e-05
9.46566330635619e-05
9.46557370842247e-05
9.46548411218492e-05
9.4653945176435e-05
9.46530492479815e-05
9.46521533364884e-05
9.46512574419551e-05
9.46503615643812e-05
9.46494657037661e-05
9.46485698601094e-05
9.46476740334106e-05
9.46467782236693e-05
9.46458824308848e-05
9.46449866550569e-05
9.46440908961849e-05
9.46431951542684e-05
9.46422994293069e-05
9.46414037213e-05
9.46405080302471e-05
9.46396123561478e-05
9.46387166990016e-05
9.46378210588079e-05
9.46369254355665e-05
9.46360298292766e-05
9.46351342399379e-05
9.46342386675499e-05
9.46333431121121e-05
9.4632447573624e-05
9.46315520520852e-05
9.46306565474951e-05
9.46297610598533e-05
9.46288655891593e-05
9.46279701354126e-05
9.46270746986128e-05
9.46261792787593e-05
9.46252838758516e-05
9.46243884898894e-05
9.4623493120872e-05
9.46225977687991e-05
9.46217024336702e-05
9.46208071154847e-05
9.46199118142422e-05
9.46190165299422e-05
9.46181212625842e-05
9.46172260121678e-05
9.46163307786924e-05
9.46154355621576e-05
9.46145403625629e-05
9.46136451799078e-05
9.46127500141919e-05
9.46118548654146e-05
9.46109597335755e-05
9.46100646186741e-05
9.46091695207099e-05
9.46082744396825e-05
9.46073793755913e-05
9.46064843284359e-05
9.46055892982157e-05
9.46046942849304e-05
9.46037992885794e-05
9.46029043091623e-05
9.46020093466785e-05
9.46011144011276e-05
9.46002194725092e-05
9.45993245608226e-05
9.45984296660675e-05
9.45975347882434e-05
9.45966399273498e-05
9.45957450833862e-05
9.4594850256352e-05
9.4593955446247e-05
9.45930606530705e-05
9.45921658768221e-05
9.45912711175013e-05
9.45903763751076e-05
9.45894816496406e-05
9.45885869410997e-05
9.45876922494845e-05
9.45867975747945e-05
9.45859029170292e-05
9.45850082761882e-05
9.4584113652271e-05
9.4583219045277e-05
9.45823244552058e-05
9.4581429882057e-05
9.45805353258299e-05
9.45796407865243e-05
9.45787462641395e-05
9.45778517586752e-05
9.45769572701307e-05
9.45760627985057e-05
9.45751683437997e-05
9.45742739060121e-05
9.45733794851425e-05
9.45724850811905e-05
9.45715906941555e-05
9.4570696324037e-05
9.45698019708347e-05
9.45689076345479e-05
9.45680133151763e-05
9.45671190127193e-05
9.45662247271764e-05
9.45653304585473e-05
9.45644362068313e-05
9.45635419720281e-05
9.45626477541371e-05
9.45617535531579e-05
9.45608593690899e-05
9.45599652019328e-05
9.4559071051686e-05
9.4558176918349e-05
9.45572828019214e-05
9.45563887024027e-05
9.45554946197924e-05
9.455460055409e-05
9.4553706505295e-05
9.4552812473407e-05
9.45519184584255e-05
9.455102446035e-05
9.45501304791801e-05
9.45492365149151e-05
9.45483425675548e-05
9.45474486370985e-05
9.45465547235459e-05
9.45456608268963e-05
9.45447669471495e-05
9.45438730843048e-05
9.45429792383618e-05
9.454208540932e-05
9.45411915971789e-05
9.45402978019381e-05
9.4539404023597e-05
9.45385102621553e-05
9.45376165176124e-05
9.45367227899678e-05
9.4535829079221e-05
9.45349353853717e-05
9.45340417084192e-05
9.45331480483632e-05
9.4532254405203e-05
9.45313607789384e-05
9.45304671695688e-05
9.45295735770936e-05
9.45286800015125e-05
9.45277864428249e-05
9.45268929010303e-05
9.45259993761284e-05
9.45251058681186e-05
9.45242123770004e-05
9.45233189027733e-05
9.45224254454369e-05
9.45215320049907e-05
9.45206385814343e-05
9.4519745174767e-05
9.45188517849885e-05
9.45179584120983e-05
9.45170650560959e-05
9.45161717169808e-05
9.45152783947525e-05
9.45143850894106e-05
9.45134918009546e-05
9.4512598529384e-05
9.45117052746983e-05
9.4510812036897e-05
9.45099188159797e-05
9.45090256119459e-05
9.45081324247952e-05
9.45072392545269e-05
9.45063461011407e-05
9.45054529646361e-05
9.45045598450125e-05
9.45036667422696e-05
9.45027736564068e-05
9.45018805874237e-05
9.45009875353197e-05
9.45000945000945e-05
9.44992014817475e-05
9.44983084802782e-05
9.44974154956862e-05
9.4496522527971e-05
9.44956295771321e-05
9.4494736643169e-05
9.44938437260812e-05
9.44929508258684e-05
9.44920579425299e-05
9.44911650760654e-05
9.44902722264743e-05
9.44893793937561e-05
9.44884865779105e-05
9.44875937789368e-05
9.44867009968347e-05
9.44858082316036e-05
9.44849154832431e-05
9.44840227517527e-05
9.44831300371319e-05
9.44822373393802e-05
9.44813446584972e-05
9.44804519944823e-05
9.44795593473352e-05
9.44786667170553e-05
9.44777741036421e-05
9.44768815070952e-05
9.44759889274141e-05
9.44750963645983e-05
9.44742038186473e-05
9.44733112895607e-05
9.4472418777338e-05
9.44715262819786e-05
9.44706338034822e-05
9.44697413418482e-05
9.44688488970762e-05
9.44679564691657e-05
9.44670640581161e-05
9.44661716639271e-05
9.44652792865982e-05
9.44643869261289e-05
9.44634945825186e-05
9.44626022557669e-05
9.44617099458734e-05
9.44608176528376e-05
9.4459925376659e-05
9.4459033117337e-05
9.44581408748713e-05
9.44572486492613e-05
9.44563564405067e-05
9.44554642486068e-05
9.44545720735612e-05
9.44536799153695e-05
9.44527877740311e-05
9.44518956495457e-05
9.44510035419126e-05
9.44501114511315e-05
9.44492193772018e-05
9.44483273201232e-05
9.4447435279895e-05
9.44465432565168e-05
9.44456512499882e-05
9.44447592603086e-05
9.44438672874777e-05
9.44429753314948e-05
9.44420833923596e-05
9.44411914700716e-05
9.44402995646302e-05
9.44394076760351e-05
9.44385158042856e-05
9.44376239493814e-05
9.4436732111322e-05
9.44358402901069e-05
9.44349484857356e-05
9.44340566982076e-05
9.44331649275225e-05
9.44322731736798e-05
9.4431381436679e-05
9.44304897165197e-05
9.44295980132013e-05
9.44287063267233e-05
9.44278146570854e-05
9.4426923004287e-05
9.44260313683276e-05
9.44251397492068e-05
9.44242481469241e-05
9.4423356561479e-05
9.44224649928711e-05
9.44215734410998e-05
9.44206819061647e-05
9.44197903880653e-05
9.44188988868012e-05
9.44180074023718e-05
9.44171159347767e-05
9.44162244840153e-05
9.44153330500873e-05
9.44144416329922e-05
9.44135502327294e-05
9.44126588492985e-05
9.4411767482699e-05
9.44108761329305e-05
9.44099847999924e-05
9.44090934838844e-05
9.44082021846058e-05
9.44073109021563e-05
9.44064196365353e-05
9.44055283877424e-05
9.44046371557771e-05
9.44037459406389e-05
9.44028547423274e-05
9.44019635608421e-05
9.44010723961824e-05
9.4400181248348e-05
9.43992901173383e-05
9.43983990031529e-05
9.43975079057913e-05
9.4396616825253e-05
9.43957257615375e-05
9.43948347146444e-05
9.43939436845732e-05
9.43930526713234e-05
9.43921616748945e-05
9.43912706952861e-05
9.43903797324977e-05
9.43894887865287e-05
9.43885978573788e-05
9.43877069450475e-05
9.43868160495342e-05
9.43859251708385e-05
9.438503430896e-05
9.43841434638981e-05
9.43832526356523e-05
9.43823618242223e-05
9.43814710296075e-05
9.43805802518074e-05
9.43796894908216e-05
9.43787987466495e-05
9.43779080192908e-05
9.4377017308745e-05
9.43761266150115e-05
9.43752359380898e-05
9.43743452779796e-05
9.43734546346804e-05
9.43725640081915e-05
9.43716733985127e-05
9.43707828056434e-05
9.43698922295831e-05
9.43690016703313e-05
9.43681111278877e-05
9.43672206022516e-05
9.43663300934227e-05
9.43654396014004e-05
9.43645491261843e-05
9.43636586677739e-05
9.43627682261687e-05
9.43618778013682e-05
9.43609873933721e-05
9.43600970021797e-05
9.43592066277907e-05
9.43583162702045e-05
9.43574259294206e-05
9.43565356054387e-05
9.43556452982582e-05
9.43547550078786e-05
9.43538647342995e-05
9.43529744775204e-05
9.43520842375408e-05
9.43511940143602e-05
9.43503038079783e-05
9.43494136183944e-05
9.43485234456081e-05
9.43476332896189e-05
9.43467431504264e-05
9.43458530280301e-05
9.43449629224296e-05
9.43440728336242e-05
9.43431827616137e-05
9.43422927063974e-05
9.43414026679749e-05
9.43405126463457e-05
9.43396226415094e-05
9.43387326534655e-05
9.43378426822135e-05
9.4336952727753e-05
9.43360627900834e-05
9.43351728692043e-05
9.43342829651152e-05
9.43333930778156e-05
9.43325032073051e-05
9.43316133535832e-05
9.43307235166494e-05
9.43298336965032e-05
9.43289438931442e-05
9.43280541065718e-05
9.43271643367857e-05
9.43262745837853e-05
9.43253848475702e-05
9.43244951281398e-05
9.43236054254938e-05
9.43227157396316e-05
9.43218260705527e-05
9.43209364182568e-05
9.43200467827432e-05
9.43191571640116e-05
9.43182675620614e-05
9.43173779768922e-05
9.43164884085036e-05
9.43155988568949e-05
9.43147093220659e-05
9.43138198040159e-05
9.43129303027445e-05
9.43120408182513e-05
9.43111513505357e-05
9.43102618995973e-05
9.43093724654356e-05
9.43084830480502e-05
9.43075936474405e-05
9.43067042636061e-05
9.43058148965465e-05
9.43049255462613e-05
9.43040362127499e-05
9.43031468960119e-05
9.43022575960468e-05
9.43013683128542e-05
9.43004790464336e-05
9.42995897967844e-05
9.42987005639062e-05
9.42978113477986e-05
9.42969221484611e-05
9.42960329658931e-05
9.42951438000943e-05
9.42942546510641e-05
9.42933655188021e-05
9.42924764033078e-05
9.42915873045807e-05
9.42906982226203e-05
9.42898091574263e-05
9.4288920108998e-05
9.4288031077335e-05
9.42871420624369e-05
9.42862530643032e-05
9.42853640829334e-05
9.4284475118327e-05
9.42835861704836e-05
9.42826972394026e-05
9.42818083250837e-05
9.42809194275263e-05
9.42800305467299e-05
9.42791416826941e-05
9.42782528354184e-05
9.42773640049024e-05
9.42764751911456e-05
9.42755863941474e-05
9.42746976139074e-05
9.42738088504252e-05
9.42729201037002e-05
9.4272031373732e-05
9.42711426605202e-05
9.42702539640642e-05
9.42693652843635e-05
9.42684766214178e-05
9.42675879752265e-05
9.42666993457891e-05
9.42658107331052e-05
9.42649221371743e-05
9.42640335579959e-05
9.42631449955696e-05
9.42622564498949e-05
9.42613679209713e-05
9.42604794087983e-05
9.42595909133754e-05
9.42587024347023e-05
9.42578139727783e-05
9.42569255276031e-05
9.42560370991762e-05
9.42551486874971e-05
9.42542602925652e-05
9.42533719143802e-05
9.42524835529416e-05
9.42515952082489e-05
9.42507068803016e-05
9.42498185690992e-05
9.42489302746414e-05
9.42480419969275e-05
9.42471537359572e-05
9.42462654917299e-05
9.42453772642452e-05
9.42444890535026e-05
9.42436008595016e-05
9.42427126822418e-05
9.42418245217227e-05
9.42409363779439e-05
9.42400482509047e-05
9.42391601406048e-05
9.42382720470437e-05
9.4237383970221e-05
9.42364959101361e-05
9.42356078667885e-05
9.42347198401779e-05
9.42338318303037e-05
9.42329438371655e-05
9.42320558607627e-05
9.4231167901095e-05
9.42302799581618e-05
9.42293920319626e-05
9.4228504122497e-05
9.42276162297646e-05
9.42267283537648e-05
9.42258404944972e-05
9.42249526519613e-05
9.42240648261566e-05
9.42231770170827e-05
9.4222289224739e-05
9.42214014491252e-05
9.42205136902406e-05
9.4219625948085e-05
9.42187382226577e-05
9.42178505139584e-05
9.42169628219865e-05
9.42160751467415e-05
9.42151874882231e-05
9.42142998464307e-05
9.42134122213638e-05
9.4212524613022e-05
9.42116370214049e-05
9.42107494465118e-05
9.42098618883425e-05
9.42089743468963e-05
9.42080868221728e-05
9.42071993141716e-05
9.42063118228921e-05
9.4205424348334e-05
9.42045368904966e-05
9.42036494493797e-05
9.42027620249826e-05
9.42018746173049e-05
9.42009872263461e-05
9.42000998521058e-05
9.41992124945835e-05
9.41983251537788e-05
9.4197437829691e-05
9.41965505223199e-05
9.41956632316648e-05
9.41947759577254e-05
9.41938887005011e-05
9.41930014599915e-05
9.41921142361961e-05
9.41912270291145e-05
9.41903398387461e-05
9.41894526650906e-05
9.41885655081473e-05
9.41876783679159e-05
9.41867912443959e-05
9.41859041375868e-05
9.41850170474881e-05
9.41841299740994e-05
9.41832429174201e-05
9.41823558774499e-05
9.41814688541882e-05
9.41805818476347e-05
9.41796948577887e-05
9.41788078846498e-05
9.41779209282176e-05
9.41770339884916e-05
9.41761470654713e-05
9.41752601591562e-05
9.41743732695459e-05
9.41734863966399e-05
9.41725995404377e-05
9.41717127009389e-05
9.41708258781429e-05
9.41699390720494e-05
9.41690522826578e-05
9.41681655099677e-05
9.41672787539786e-05
9.416639201469e-05
9.41655052921014e-05
9.41646185862124e-05
9.41637318970225e-05
9.41628452245313e-05
9.41619585687382e-05
9.41610719296428e-05
9.41601853072447e-05
9.41592987015433e-05
9.41584121125381e-05
9.41575255402288e-05
9.41566389846148e-05
9.41557524456957e-05
9.41548659234709e-05
9.41539794179401e-05
9.41530929291027e-05
9.41522064569583e-05
9.41513200015064e-05
9.41504335627466e-05
9.41495471406783e-05
9.4148660735301e-05
9.41477743466144e-05
9.4146887974618e-05
9.41460016193112e-05
9.41451152806937e-05
9.41442289587648e-05
9.41433426535243e-05
9.41424563649715e-05
9.4141570093106e-05
9.41406838379274e-05
9.41397975994352e-05
9.41389113776288e-05
9.41380251725079e-05
9.4137138984072e-05
9.41362528123206e-05
9.41353666572531e-05
9.41344805188693e-05
9.41335943971685e-05
9.41327082921503e-05
9.41318222038142e-05
9.41309361321598e-05
9.41300500771866e-05
9.41291640388942e-05
9.4128278017282e-05
9.41273920123495e-05
9.41265060240964e-05
9.41256200525221e-05
9.41247340976262e-05
9.41238481594082e-05
9.41229622378676e-05
9.41220763330039e-05
9.41211904448168e-05
9.41203045733056e-05
9.411941871847e-05
9.41185328803095e-05
9.41176470588235e-05
9.41167612540117e-05
9.41158754658736e-05
9.41149896944086e-05
9.41141039396164e-05
9.41132182014964e-05
9.41123324800482e-05
9.41114467752713e-05
9.41105610871652e-05
9.41096754157295e-05
9.41087897609637e-05
9.41079041228673e-05
9.41070185014398e-05
9.41061328966809e-05
9.41052473085899e-05
9.41043617371665e-05
9.41034761824102e-05
9.41025906443204e-05
9.41017051228968e-05
9.41008196181389e-05
9.40999341300461e-05
9.40990486586181e-05
9.40981632038543e-05
9.40972777657542e-05
9.40963923443175e-05
9.40955069395436e-05
9.40946215514321e-05
9.40937361799825e-05
9.40928508251943e-05
9.40919654870671e-05
9.40910801656003e-05
9.40901948607936e-05
9.40893095726464e-05
9.40884243011582e-05
9.40875390463287e-05
9.40866538081573e-05
9.40857685866436e-05
9.4084883381787e-05
9.40839981935872e-05
9.40831130220437e-05
9.40822278671559e-05
9.40813427289234e-05
9.40804576073458e-05
9.40795725024225e-05
9.40786874141532e-05
9.40778023425373e-05
9.40769172875743e-05
9.40760322492639e-05
9.40751472276054e-05
9.40742622225985e-05
9.40733772342427e-05
9.40724922625375e-05
9.40716073074825e-05
9.40707223690771e-05
9.40698374473209e-05
9.40689525422134e-05
9.40680676537543e-05
9.40671827819429e-05
9.40662979267788e-05
9.40654130882616e-05
9.40645282663907e-05
9.40636434611658e-05
9.40627586725864e-05
9.40618739006519e-05
9.40609891453619e-05
9.40601044067159e-05
9.40592196847135e-05
9.40583349793542e-05
9.40574502906375e-05
9.4056565618563e-05
9.40556809631302e-05
9.40547963243386e-05
9.40539117021877e-05
9.40530270966771e-05
9.40521425078063e-05
9.40512579355749e-05
9.40503733799823e-05
9.40494888410281e-05
9.40486043187119e-05
9.40477198130331e-05
9.40468353239913e-05
9.40459508515861e-05
9.40450663958169e-05
9.40441819566833e-05
9.40432975341847e-05
9.40424131283209e-05
9.40415287390912e-05
9.40406443664952e-05
9.40397600105325e-05
9.40388756712025e-05
9.40379913485048e-05
9.4037107042439e-05
9.40362227530045e-05
9.40353384802009e-05
9.40344542240277e-05
9.40335699844845e-05
9.40326857615707e-05
9.4031801555286e-05
9.40309173656298e-05
9.40300331926017e-05
9.40291490362012e-05
9.40282648964279e-05
9.40273807732812e-05
9.40264966667607e-05
9.40256125768659e-05
9.40247285035964e-05
9.40238444469517e-05
9.40229604069314e-05
9.40220763835348e-05
9.40211923767617e-05
9.40203083866115e-05
9.40194244130837e-05
9.4018540456178e-05
9.40176565158937e-05
9.40167725922305e-05
9.40158886851878e-05
9.40150047947652e-05
9.40141209209623e-05
9.40132370637786e-05
9.40123532232135e-05
9.40114693992667e-05
9.40105855919377e-05
9.40097018012259e-05
9.40088180271309e-05
9.40079342696524e-05
9.40070505287897e-05
9.40061668045424e-05
9.400528309691e-05
9.40043994058922e-05
9.40035157314884e-05
9.40026320736981e-05
9.40017484325208e-05
9.40008648079562e-05
9.39999812000038e-05
9.3999097608663e-05
9.39982140339334e-05
9.39973304758145e-05
9.39964469343059e-05
9.39955634094071e-05
9.39946799011176e-05
9.3993796409437e-05
9.39929129343647e-05
9.39920294759004e-05
9.39911460340436e-05
9.39902626087937e-05
9.39893792001504e-05
9.39884958081131e-05
9.39876124326814e-05
9.39867290738548e-05
9.39858457316328e-05
9.3984962406015e-05
9.3984079097001e-05
9.39831958045901e-05
9.39823125287821e-05
9.39814292695763e-05
9.39805460269724e-05
9.39796628009699e-05
9.39787795915682e-05
9.3977896398767e-05
9.39770132225658e-05
9.3976130062964e-05
9.39752469199613e-05
9.39743637935571e-05
9.3973480683751e-05
9.39725975905426e-05
9.39717145139313e-05
9.39708314539167e-05
9.39699484104983e-05
9.39690653836757e-05
9.39681823734484e-05
9.39672993798158e-05
9.39664164027776e-05
9.39655334423334e-05
9.39646504984825e-05
9.39637675712245e-05
9.39628846605591e-05
9.39620017664856e-05
9.39611188890037e-05
9.39602360281129e-05
9.39593531838127e-05
9.39584703561026e-05
9.39575875449822e-05
9.3956704750451e-05
9.39558219725085e-05
9.39549392111543e-05
9.39540564663879e-05
9.39531737382089e-05
9.39522910266167e-05
9.39514083316109e-05
9.3950525653191e-05
9.39496429913566e-05
9.39487603461072e-05
9.39478777174424e-05
9.39469951053616e-05
9.39461125098643e-05
9.39452299309503e-05
9.39443473686188e-05
9.39434648228696e-05
9.39425822937021e-05
9.39416997811158e-05
9.39408172851104e-05
9.39399348056852e-05
9.393905234284e-05
9.39381698965741e-05
9.39372874668871e-05
9.39364050537786e-05
9.39355226572481e-05
9.39346402772951e-05
9.39337579139191e-05
9.39328755671197e-05
9.39319932368965e-05
9.39311109232489e-05
9.39302286261765e-05
9.39293463456788e-05
9.39284640817553e-05
9.39275818344057e-05
9.39266996036293e-05
9.39258173894258e-05
9.39249351917947e-05
9.39240530107355e-05
9.39231708462478e-05
9.3922288698331e-05
9.39214065669847e-05
9.39205244522085e-05
9.39196423540019e-05
9.39187602723644e-05
9.39178782072955e-05
9.39169961587949e-05
9.39161141268619e-05
9.39152321114962e-05
9.39143501126972e-05
9.39134681304646e-05
9.39125861647978e-05
9.39117042156964e-05
9.39108222831599e-05
9.39099403671879e-05
9.39090584677798e-05
9.39081765849353e-05
9.39072947186537e-05
9.39064128689348e-05
9.3905531035778e-05
9.39046492191828e-05
9.39037674191489e-05
9.39028856356756e-05
9.39020038687626e-05
9.39011221184093e-05
9.39002403846154e-05
9.38993586673803e-05
9.38984769667036e-05
9.38975952825848e-05
9.38967136150235e-05
9.38958319640191e-05
9.38949503295713e-05
9.38940687116795e-05
9.38931871103433e-05
9.38923055255622e-05
9.38914239573357e-05
9.38905424056635e-05
9.38896608705449e-05
9.38887793519796e-05
9.38878978499671e-05
9.38870163645069e-05
9.38861348955986e-05
9.38852534432417e-05
9.38843720074356e-05
9.38834905881801e-05
9.38826091854745e-05
9.38817277993184e-05
9.38808464297114e-05
9.3879965076653e-05
9.38790837401427e-05
9.38782024201801e-05
9.38773211167646e-05
9.38764398298959e-05
9.38755585595734e-05
9.38746773057968e-05
9.38737960685654e-05
9.38729148478789e-05
9.38720336437369e-05
9.38711524561387e-05
9.3870271285084e-05
9.38693901305723e-05
9.38685089926032e-05
9.38676278711761e-05
9.38667467662906e-05
9.38658656779462e-05
9.38649846061425e-05
9.3864103550879e-05
9.38632225121553e-05
9.38623414899708e-05
9.38614604843251e-05
9.38605794952178e-05
9.38596985226483e-05
9.38588175666163e-05
9.38579366271212e-05
9.38570557041626e-05
9.38561747977399e-05
9.38552939078529e-05
9.38544130345009e-05
9.38535321776835e-05
9.38526513374003e-05
9.38517705136507e-05
9.38508897064344e-05
9.38500089157508e-05
9.38491281415996e-05
9.38482473839801e-05
9.3847366642892e-05
9.38464859183348e-05
9.3845605210308e-05
9.38447245188112e-05
9.38438438438438e-05
9.38429631854055e-05
9.38420825434958e-05
9.38412019181142e-05
9.38403213092602e-05
9.38394407169333e-05
9.38385601411332e-05
9.38376795818593e-05
9.38367990391112e-05
9.38359185128884e-05
9.38350380031904e-05
9.38341575100168e-05
9.38332770333671e-05
9.38323965732409e-05
9.38315161296376e-05
9.38306357025569e-05
9.38297552919982e-05
9.38288748979611e-05
9.38279945204451e-05
9.38271141594498e-05
9.38262338149747e-05
9.38253534870193e-05
9.38244731755831e-05
9.38235928806658e-05
9.38227126022668e-05
9.38218323403856e-05
9.38209520950219e-05
9.3820071866175e-05
9.38191916538447e-05
9.38183114580304e-05
9.38174312787316e-05
9.38165511159479e-05
9.38156709696788e-05
9.38147908399238e-05
9.38139107266825e-05
9.38130306299545e-05
9.38121505497392e-05
9.38112704860362e-05
9.3810390438845e-05
9.38095104081652e-05
9.38086303939962e-05
9.38077503963378e-05
9.38068704151892e-05
9.38059904505502e-05
9.38051105024202e-05
9.38042305707987e-05
9.38033506556854e-05
9.38024707570797e-05
9.38015908749812e-05
9.38007110093895e-05
9.37998311603039e-05
9.37989513277242e-05
9.37980715116497e-05
9.37971917120801e-05
9.37963119290149e-05
9.37954321624537e-05
9.37945524123959e-05
9.37936726788411e-05
9.37927929617888e-05
9.37919132612386e-05
9.379103357719e-05
9.37901539096426e-05
9.37892742585958e-05
9.37883946240492e-05
9.37875150060024e-05
9.37866354044549e-05
9.37857558194062e-05
9.37848762508558e-05
9.37839966988033e-05
9.37831171632483e-05
9.37822376441902e-05
9.37813581416286e-05
9.37804786555631e-05
9.37795991859931e-05
9.37787197329182e-05
9.3777840296338e-05
9.37769608762519e-05
9.37760814726596e-05
9.37752020855605e-05
9.37743227149542e-05
9.37734433608402e-05
9.37725640232181e-05
9.37716847020874e-05
9.37708053974476e-05
9.37699261092982e-05
9.37690468376389e-05
9.37681675824691e-05
9.37672883437884e-05
9.37664091215963e-05
9.37655299158923e-05
9.3764650726676e-05
9.3763771553947e-05
9.37628923977047e-05
9.37620132579487e-05
9.37611341346785e-05
9.37602550278937e-05
9.37593759375938e-05
9.37584968637783e-05
9.37576178064468e-05
9.37567387655988e-05
9.37558597412338e-05
9.37549807333515e-05
9.37541017419512e-05
9.37532227670326e-05
9.37523438085952e-05
9.37514648666385e-05
9.37505859411621e-05
9.37497070321655e-05
9.37488281396483e-05
9.37479492636099e-05
9.37470704040499e-05
9.37461915609678e-05
9.37453127343633e-05
9.37444339242358e-05
9.37435551305848e-05
9.37426763534099e-05
9.37417975927106e-05
9.37409188484865e-05
9.37400401207372e-05
9.3739161409462e-05
9.37382827146607e-05
9.37374040363326e-05
9.37365253744774e-05
9.37356467290946e-05
9.37347681001837e-05
9.37338894877443e-05
9.37330108917759e-05
9.3732132312278e-05
9.37312537492502e-05
9.37303752026919e-05
9.37294966726029e-05
9.37286181589825e-05
9.37277396618303e-05
9.37268611811459e-05
9.37259827169288e-05
9.37251042691785e-05
9.37242258378946e-05
9.37233474230766e-05
9.3722469024724e-05
9.37215906428364e-05
9.37207122774133e-05
9.37198339284543e-05
9.37189555959588e-05
9.37180772799265e-05
9.37171989803569e-05
9.37163206972494e-05
9.37154424306037e-05
9.37145641804193e-05
9.37136859466957e-05
9.37128077294324e-05
9.3711929528629e-05
9.3711051344285e-05
9.37101731764e-05
9.37092950249735e-05
9.37084168900051e-05
9.37075387714942e-05
9.37066606694404e-05
9.37057825838433e-05
9.37049045147023e-05
9.37040264620171e-05
9.37031484257871e-05
9.37022704060119e-05
9.37013924026911e-05
9.37005144158241e-05
9.36996364454106e-05
9.369875849145e-05
9.36978805539419e-05
9.36970026328858e-05
9.36961247282812e-05
9.36952468401278e-05
9.3694368968425e-05
9.36934911131724e-05
9.36926132743694e-05
9.36917354520158e-05
9.36908576461109e-05
9.36899798566543e-05
9.36891020836456e-05
9.36882243270843e-05
9.368734658697e-05
9.36864688633021e-05
9.36855911560802e-05
9.36847134653039e-05
9.36838357909726e-05
9.3682958133086e-05
9.36820804916436e-05
9.36812028666448e-05
9.36803252580893e-05
9.36794476659766e-05
9.36785700903061e-05
9.36776925310776e-05
9.36768149882904e-05
9.36759374619441e-05
9.36750599520384e-05
9.36741824585726e-05
9.36733049815464e-05
9.36724275209592e-05
9.36715500768107e-05
9.36706726491003e-05
9.36697952378276e-05
9.36689178429922e-05
9.36680404645935e-05
9.36671631026311e-05
9.36662857571046e-05
9.36654084280134e-05
9.36645311153572e-05
9.36636538191355e-05
9.36627765393477e-05
9.36618992759935e-05
9.36610220290724e-05
9.36601447985839e-05
9.36592675845275e-05
9.36583903869028e-05
9.36575132057094e-05
9.36566360409467e-05
9.36557588926143e-05
9.36548817607118e-05
9.36540046452386e-05
9.36531275461944e-05
9.36522504635786e-05
9.36513733973909e-05
9.36504963476306e-05
9.36496193142975e-05
9.36487422973909e-05
9.36478652969106e-05
9.36469883128559e-05
9.36461113452264e-05
9.36452343940217e-05
9.36443574592413e-05
9.36434805408847e-05
9.36426036389516e-05
9.36417267534413e-05
9.36408498843535e-05
9.36399730316878e-05
9.36390961954435e-05
9.36382193756204e-05
9.36373425722178e-05
9.36364657852354e-05
9.36355890146727e-05
9.36347122605292e-05
9.36338355228045e-05
9.36329588014981e-05
9.36320820966096e-05
9.36312054081384e-05
9.36303287360842e-05
9.36294520804464e-05
9.36285754412247e-05
9.36276988184184e-05
9.36268222120273e-05
9.36259456220508e-05
9.36250690484884e-05
9.36241924913398e-05
9.36233159506043e-05
9.36224394262817e-05
9.36215629183714e-05
9.36206864268729e-05
9.36198099517858e-05
9.36189334931096e-05
9.3618057050844e-05
9.36171806249883e-05
9.36163042155422e-05
9.36154278225052e-05
9.36145514458767e-05
9.36136750856565e-05
9.3612798741844e-05
9.36119224144387e-05
9.36110461034402e-05
9.3610169808848e-05
9.36092935306617e-05
9.36084172688808e-05
9.36075410235049e-05
9.36066647945334e-05
9.36057885819659e-05
9.3604912385802e-05
9.36040362060412e-05
9.3603160042683e-05
9.36022838957271e-05
9.36014077651728e-05
9.36005316510198e-05
9.35996555532676e-05
9.35987794719157e-05
9.35979034069637e-05
9.35970273584111e-05
9.35961513262575e-05
9.35952753105023e-05
9.35943993111452e-05
9.35935233281857e-05
9.35926473616233e-05
9.35917714114575e-05
9.35908954776879e-05
9.35900195603141e-05
9.35891436593355e-05
9.35882677747518e-05
9.35873919065623e-05
9.35865160547668e-05
9.35856402193647e-05
9.35847644003556e-05
9.3583888597739e-05
9.35830128115145e-05
9.35821370416815e-05
9.35812612882396e-05
9.35803855511885e-05
9.35795098305275e-05
9.35786341262563e-05
9.35777584383744e-05
9.35768827668813e-05
9.35760071117765e-05
9.35751314730597e-05
9.35742558507303e-05
9.3573380244788e-05
9.35725046552321e-05
9.35716290820623e-05
9.35707535252781e-05
9.35698779848791e-05
9.35690024608648e-05
9.35681269532347e-05
9.35672514619883e-05
9.35663759871253e-05
9.35655005286451e-05
9.35646250865473e-05
9.35637496608314e-05
9.3562874251497e-05
9.35619988585436e-05
9.35611234819708e-05
9.3560248121778e-05
9.35593727779649e-05
9.3558497450531e-05
9.35576221394757e-05
9.35567468447987e-05
9.35558715664995e-05
9.35549963045776e-05
9.35541210590327e-05
9.35532458298641e-05
9.35523706170714e-05
9.35514954206543e-05
9.35506202406122e-05
9.35497450769447e-05
9.35488699296512e-05
9.35479947987315e-05
9.35471196841849e-05
9.35462445860111e-05
9.35453695042095e-05
9.35444944387798e-05
9.35436193897214e-05
9.35427443570339e-05
9.35418693407169e-05
9.35409943407698e-05
9.35401193571923e-05
9.35392443899838e-05
9.35383694391439e-05
9.35374945046722e-05
9.35366195865681e-05
9.35357446848313e-05
9.35348697994612e-05
9.35339949304575e-05
9.35331200778196e-05
9.3532245241547e-05
9.35313704216394e-05
9.35304956180963e-05
9.35296208309172e-05
9.35287460601016e-05
9.35278713056491e-05
9.35269965675592e-05
9.35261218458315e-05
9.35252471404656e-05
9.35243724514608e-05
9.35234977788169e-05
9.35226231225333e-05
9.35217484826096e-05
9.35208738590453e-05
9.351999925184e-05
9.35191246609932e-05
9.35182500865044e-05
9.35173755283732e-05
9.35165009865991e-05
9.35156264611817e-05
9.35147519521204e-05
9.3513877459415e-05
9.35130029830648e-05
9.35121285230694e-05
9.35112540794285e-05
9.35103796521414e-05
9.35095052412078e-05
9.35086308466271e-05
9.35077564683991e-05
9.3506882106523e-05
9.35060077609986e-05
9.35051334318254e-05
9.35042591190029e-05
9.35033848225306e-05
9.35025105424081e-05
9.35016362786349e-05
9.35007620312105e-05
9.34998878001346e-05
9.34990135854067e-05
9.34981393870262e-05
9.34972652049927e-05
9.34963910393059e-05
9.34955168899651e-05
9.349464275697e-05
9.34937686403201e-05
9.3492894540015e-05
9.34920204560541e-05
9.3491146388437e-05
9.34902723371633e-05
9.34893983022325e-05
9.34885242836442e-05
9.34876502813978e-05
9.3486776295493e-05
9.34859023259293e-05
9.34850283727061e-05
9.34841544358231e-05
9.34832805152798e-05
9.34824066110758e-05
9.34815327232105e-05
9.34806588516836e-05
9.34797849964945e-05
9.34789111576428e-05
9.34780373351281e-05
9.34771635289499e-05
9.34762897391077e-05
9.3475415965601e-05
9.34745422084295e-05
9.34736684675927e-05
9.347279474309e-05
9.34719210349211e-05
9.34710473430855e-05
9.34701736675827e-05
9.34693000084122e-05
9.34684263655737e-05
9.34675527390666e-05
9.34666791288906e-05
9.3465805535045e-05
9.34649319575295e-05
9.34640583963437e-05
9.3463184851487e-05
9.3462311322959e-05
9.34614378107593e-05
9.34605643148873e-05
9.34596908353427e-05
9.3458817372125e-05
9.34579439252336e-05
9.34570704946683e-05
9.34561970804284e-05
9.34553236825136e-05
9.34544503009233e-05
9.34535769356572e-05
9.34527035867148e-05
9.34518302540955e-05
9.3450956937799e-05
9.34500836378249e-05
9.34492103541725e-05
9.34483370868415e-05
9.34474638358315e-05
9.34465906011419e-05
9.34457173827724e-05
9.34448441807223e-05
9.34439709949914e-05
9.34430978255791e-05
9.3442224672485e-05
9.34413515357086e-05
9.34404784152495e-05
9.34396053111072e-05
9.34387322232812e-05
9.34378591517711e-05
9.34369860965765e-05
9.34361130576968e-05
9.34352400351317e-05
9.34343670288806e-05
9.34334940389431e-05
9.34326210653187e-05
9.34317481080071e-05
9.34308751670077e-05
9.343000224232e-05
9.34291293339437e-05
9.34282564418783e-05
9.34273835661232e-05
9.34265107066781e-05
9.34256378635425e-05
9.34247650367159e-05
9.34238922261979e-05
9.3423019431988e-05
9.34221466540858e-05
9.34212738924908e-05
9.34204011472025e-05
9.34195284182206e-05
9.34186557055444e-05
9.34177830091736e-05
9.34169103291078e-05
9.34160376653464e-05
9.3415165017889e-05
9.34142923867352e-05
9.34134197718844e-05
9.34125471733363e-05
9.34116745910904e-05
9.34108020251462e-05
9.34099294755033e-05
9.34090569421611e-05
9.34081844251193e-05
9.34073119243774e-05
9.3406439439935e-05
9.34055669717915e-05
9.34046945199466e-05
9.34038220843997e-05
9.34029496651504e-05
9.34020772621983e-05
9.34012048755429e-05
9.34003325051837e-05
9.33994601511203e-05
9.33985878133523e-05
9.33977154918791e-05
9.33968431867003e-05
9.33959708978155e-05
9.33950986252242e-05
9.33942263689259e-05
9.33933541289202e-05
9.33924819052066e-05
9.33916096977847e-05
9.33907375066541e-05
9.33898653318142e-05
9.33889931732646e-05
9.33881210310049e-05
9.33872489050345e-05
9.33863767953531e-05
9.33855047019602e-05
9.33846326248553e-05
9.33837605640379e-05
9.33828885195077e-05
9.33820164912641e-05
9.33811444793067e-05
9.33802724836351e-05
9.33794005042488e-05
9.33785285411472e-05
9.33776565943301e-05
9.33767846637969e-05
9.33759127495471e-05
9.33750408515804e-05
9.33741689698962e-05
9.33732971044941e-05
9.33724252553736e-05
9.33715534225343e-05
9.33706816059757e-05
9.33698098056974e-05
9.33689380216989e-05
9.33680662539798e-05
9.33671945025396e-05
9.33663227673778e-05
9.3365451048494e-05
9.33645793458878e-05
9.33637076595586e-05
9.3362835989506e-05
9.33619643357296e-05
9.33610926982289e-05
9.33602210770035e-05
9.33593494720529e-05
9.33584778833766e-05
9.33576063109742e-05
9.33567347548452e-05
9.33558632149892e-05
9.33549916914057e-05
9.33541201840943e-05
9.33532486930545e-05
9.33523772182859e-05
9.33515057597879e-05
9.33506343175602e-05
9.33497628916023e-05
9.33488914819137e-05
9.33480200884939e-05
9.33471487113426e-05
9.33462773504593e-05
9.33454060058434e-05
9.33445346774946e-05
9.33436633654124e-05
9.33427920695964e-05
9.3341920790046e-05
9.33410495267609e-05
9.33401782797405e-05
9.33393070489845e-05
9.33384358344923e-05
9.33375646362635e-05
9.33366934542977e-05
9.33358222885944e-05
9.33349511391531e-05
9.33340800059734e-05
9.33332088890548e-05
9.33323377883969e-05
9.33314667039992e-05
9.33305956358613e-05
9.33297245839828e-05
9.3328853548363e-05
9.33279825290017e-05
9.33271115258983e-05
9.33262405390524e-05
9.33253695684635e-05
9.33244986141312e-05
9.3323627676055e-05
9.33227567542345e-05
9.33218858486692e-05
9.33210149593587e-05
9.33201440863025e-05
9.33192732295001e-05
9.33184023889511e-05
9.3317531564655e-05
9.33166607566115e-05
9.33157899648199e-05
9.331491918928e-05
9.33140484299911e-05
9.3313177686953e-05
9.3312306960165e-05
9.33114362496268e-05
9.33105655553378e-05
9.33096948772977e-05
9.33088242155061e-05
9.33079535699623e-05
9.3307082940666e-05
9.33062123276168e-05
9.33053417308141e-05
9.33044711502575e-05
9.33036005859466e-05
9.33027300378809e-05
9.330185950606e-05
9.33009889904833e-05
9.33001184911505e-05
9.32992480080611e-05
9.32983775412146e-05
9.32975070906105e-05
9.32966366562485e-05
9.32957662381281e-05
9.32948958362488e-05
9.32940254506101e-05
9.32931550812117e-05
9.3292284728053e-05
9.32914143911336e-05
9.3290544070453e-05
9.32896737660108e-05
9.32888034778066e-05
9.32879332058398e-05
9.32870629501101e-05
9.32861927106169e-05
9.32853224873598e-05
9.32844522803384e-05
9.32835820895522e-05
9.32827119150008e-05
9.32818417566836e-05
9.32809716146003e-05
9.32801014887504e-05
9.32792313791334e-05
9.32783612857489e-05
9.32774912085965e-05
9.32766211476756e-05
9.32757511029858e-05
9.32748810745266e-05
9.32740110622977e-05
9.32731410662985e-05
9.32722710865287e-05
9.32714011229877e-05
9.3270531175675e-05
9.32696612445904e-05
9.32687913297332e-05
9.3267921431103e-05
9.32670515486994e-05
9.32661816825219e-05
9.32653118325701e-05
9.32644419988435e-05
9.32635721813417e-05
9.32627023800642e-05
9.32618325950105e-05
9.32609628261802e-05
9.32600930735729e-05
9.32592233371881e-05
9.32583536170252e-05
9.3257483913084e-05
9.32566142253639e-05
9.32557445538645e-05
9.32548748985853e-05
9.32540052595259e-05
9.32531356366858e-05
9.32522660300645e-05
9.32513964396617e-05
9.32505268654768e-05
9.32496573075094e-05
9.32487877657591e-05
9.32479182402253e-05
9.32470487309077e-05
9.32461792378057e-05
9.3245309760919e-05
9.32444403002471e-05
9.32435708557895e-05
9.32427014275458e-05
9.32418320155154e-05
9.32409626196981e-05
9.32400932400932e-05
9.32392238767005e-05
9.32383545295193e-05
9.32374851985492e-05
9.32366158837899e-05
9.32357465852408e-05
9.32348773029015e-05
9.32340080367715e-05
9.32331387868504e-05
9.32322695531377e-05
9.3231400335633e-05
9.32305311343359e-05
9.32296619492458e-05
9.32287927803623e-05
9.3227923627685e-05
9.32270544912133e-05
9.3226185370947e-05
9.32253162668854e-05
9.32244471790282e-05
9.32235781073749e-05
9.32227090519251e-05
9.32218400126782e-05
9.32209709896338e-05
9.32201019827916e-05
9.32192329921509e-05
9.32183640177115e-05
9.32174950594728e-05
9.32166261174343e-05
9.32157571915957e-05
9.32148882819564e-05
9.3214019388516e-05
9.32131505112741e-05
9.32122816502302e-05
9.32114128053839e-05
9.32105439767347e-05
9.3209675164282e-05
9.32088063680256e-05
9.3207937587965e-05
9.32070688240996e-05
9.32062000764291e-05
9.32053313449529e-05
9.32044626296707e-05
9.3203593930582e-05
9.32027252476862e-05
9.32018565809831e-05
9.32009879304721e-05
9.32001192961527e-05
9.31992506780245e-05
9.31983820760872e-05
9.31975134903401e-05
9.31966449207829e-05
9.3195776367415e-05
9.31949078302362e-05
9.31940393092458e-05
9.31931708044435e-05
9.31923023158287e-05
9.31914338434011e-05
9.31905653871602e-05
9.31896969471055e-05
9.31888285232366e-05
9.31879601155531e-05
9.31870917240544e-05
9.31862233487401e-05
9.31853549896098e-05
9.31844866466631e-05
9.31836183198994e-05
9.31827500093183e-05
9.31818817149194e-05
9.31810134367021e-05
9.31801451746662e-05
9.3179276928811e-05
9.31784086991362e-05
9.31775404856413e-05
9.31766722883259e-05
9.31758041071894e-05
9.31749359422315e-05
9.31740677934517e-05
9.31731996608496e-05
9.31723315444246e-05
9.31714634441763e-05
9.31705953601043e-05
9.31697272922082e-05
9.31688592404875e-05
9.31679912049416e-05
9.31671231855703e-05
9.31662551823729e-05
9.31653871953492e-05
9.31645192244985e-05
9.31636512698206e-05
9.31627833313148e-05
9.31619154089808e-05
9.31610475028181e-05
9.31601796128263e-05
9.31593117390049e-05
9.31584438813534e-05
9.31575760398714e-05
9.31567082145585e-05
9.31558404054142e-05
9.31549726124381e-05
9.31541048356296e-05
9.31532370749884e-05
9.31523693305139e-05
9.31515016022058e-05
9.31506338900636e-05
9.31497661940869e-05
9.31488985142751e-05
9.31480308506278e-05
9.31471632031447e-05
9.31462955718251e-05
9.31454279566687e-05
9.31445603576751e-05
9.31436927748438e-05
9.31428252081742e-05
9.31419576576661e-05
9.31410901233188e-05
9.3140222605132e-05
9.31393551031053e-05
9.31384876172381e-05
9.313762014753e-05
9.31367526939806e-05
9.31358852565894e-05
9.31350178353559e-05
9.31341504302798e-05
9.31332830413605e-05
9.31324156685976e-05
9.31315483119907e-05
9.31306809715393e-05
9.31298136472429e-05
9.31289463391011e-05
9.31280790471135e-05
9.31272117712796e-05
9.31263445115989e-05
9.3125477268071e-05
9.31246100406955e-05
9.31237428294718e-05
9.31228756343996e-05
9.31220084554784e-05
9.31211412927077e-05
9.31202741460871e-05
9.31194070156161e-05
9.31185399012944e-05
9.31176728031213e-05
9.31168057210965e-05
9.31159386552196e-05
9.31150716054901e-05
9.31142045719074e-05
9.31133375544713e-05
9.31124705531812e-05
9.31116035680367e-05
9.31107365990372e-05
9.31098696461825e-05
9.3109002709472e-05
9.31081357889052e-05
9.31072688844818e-05
9.31064019962013e-05
9.31055351240631e-05
9.3104668268067e-05
9.31038014282123e-05
9.31029346044987e-05
9.31020677969258e-05
9.3101201005493e-05
9.31003342301999e-05
9.30994674710461e-05
9.30986007280311e-05
9.30977340011544e-05
9.30968672904157e-05
9.30960005958144e-05
9.30951339173501e-05
9.30942672550224e-05
9.30934006088308e-05
9.30925339787749e-05
9.30916673648542e-05
9.30908007670682e-05
9.30899341854165e-05
9.30890676198987e-05
9.30882010705143e-05
9.30873345372629e-05
9.30864680201439e-05
9.3085601519157e-05
9.30847350343017e-05
9.30838685655776e-05
9.30830021129841e-05
9.3082135676521e-05
9.30812692561876e-05
9.30804028519835e-05
9.30795364639084e-05
9.30786700919617e-05
9.3077803736143e-05
9.30769373964519e-05
9.30760710728879e-05
9.30752047654505e-05
9.30743384741393e-05
9.30734721989539e-05
9.30726059398937e-05
9.30717396969584e-05
9.30708734701475e-05
9.30700072594606e-05
9.30691410648971e-05
9.30682748864567e-05
9.30674087241389e-05
9.30665425779432e-05
9.30656764478693e-05
9.30648103339165e-05
9.30639442360846e-05
9.3063078154373e-05
9.30622120887813e-05
9.30613460393091e-05
9.30604800059559e-05
9.30596139887212e-05
9.30587479876046e-05
9.30578820026056e-05
9.30570160337239e-05
9.30561500809588e-05
9.30552841443101e-05
9.30544182237773e-05
9.30535523193598e-05
9.30526864310573e-05
9.30518205588692e-05
9.30509547027953e-05
9.30500888628349e-05
9.30492230389876e-05
9.30483572312531e-05
9.30474914396308e-05
9.30466256641203e-05
9.30457599047211e-05
9.30448941614329e-05
9.30440284342551e-05
9.30431627231873e-05
9.3042297028229e-05
9.30414313493799e-05
9.30405656866394e-05
9.30397000400071e-05
9.30388344094825e-05
9.30379687950653e-05
9.30371031967549e-05
9.30362376145509e-05
9.30353720484528e-05
9.30345064984603e-05
9.30336409645728e-05
9.30327754467899e-05
9.30319099451112e-05
9.30310444595361e-05
9.30301789900644e-05
9.30293135366954e-05
9.30284480994288e-05
9.30275826782641e-05
9.30267172732009e-05
9.30258518842386e-05
9.3024986511377e-05
9.30241211546154e-05
9.30232558139535e-05
9.30223904893908e-05
9.30215251809269e-05
9.30206598885612e-05
9.30197946122935e-05
9.30189293521232e-05
9.30180641080498e-05
9.30171988800729e-05
9.30163336681921e-05
9.3015468472407e-05
9.3014603292717e-05
9.30137381291217e-05
9.30128729816207e-05
9.30120078502135e-05
9.30111427348996e-05
9.30102776356787e-05
9.30094125525503e-05
9.30085474855139e-05
9.30076824345691e-05
9.30068173997154e-05
9.30059523809524e-05
9.30050873782796e-05
9.30042223916966e-05
9.30033574212029e-05
9.30024924667981e-05
9.30016275284817e-05
9.30007626062534e-05
9.29998977001125e-05
9.29990328100588e-05
9.29981679360917e-05
9.29973030782107e-05
9.29964382364155e-05
9.29955734107056e-05
9.29947086010806e-05
9.29938438075399e-05
9.29929790300832e-05
9.299211426871e-05
9.29912495234198e-05
9.29903847942123e-05
9.29895200810869e-05
9.29886553840431e-05
9.29877907030807e-05
9.2986926038199e-05
9.29860613893977e-05
9.29851967566763e-05
9.29843321400344e-05
9.29834675394715e-05
9.29826029549871e-05
9.29817383865809e-05
9.29808738342523e-05
9.29800092980009e-05
9.29791447778263e-05
9.29782802737281e-05
9.29774157857057e-05
9.29765513137587e-05
9.29756868578867e-05
9.29748224180892e-05
9.29739579943658e-05
9.2973093586716e-05
9.29722291951394e-05
9.29713648196355e-05
9.2970500460204e-05
9.29696361168442e-05
9.29687717895559e-05
9.29679074783385e-05
9.29670431831916e-05
9.29661789041147e-05
9.29653146411074e-05
9.29644503941693e-05
9.29635861632998e-05
9.29627219484986e-05
9.29618577497653e-05
9.29609935670992e-05
9.29601294005001e-05
9.29592652499675e-05
9.29584011155008e-05
9.29575369970997e-05
9.29566728947637e-05
9.29558088084924e-05
9.29549447382854e-05
9.2954080684142e-05
9.2953216646062e-05
9.29523526240449e-05
9.29514886180902e-05
9.29506246281975e-05
9.29497606543663e-05
9.29488966965962e-05
9.29480327548867e-05
9.29471688292375e-05
9.29463049196479e-05
9.29454410261177e-05
9.29445771486463e-05
9.29437132872333e-05
9.29428494418782e-05
9.29419856125806e-05
9.29411217993401e-05
9.29402580021562e-05
9.29393942210285e-05
9.29385304559564e-05
9.29376667069397e-05
9.29368029739777e-05
9.29359392570701e-05
9.29350755562164e-05
9.29342118714162e-05
9.2933348202669e-05
9.29324845499744e-05
9.2931620913332e-05
9.29307572927412e-05
9.29298936882016e-05
9.29290300997128e-05
9.29281665272744e-05
9.29273029708859e-05
9.29264394305468e-05
9.29255759062567e-05
9.29247123980151e-05
9.29238489058217e-05
9.29229854296759e-05
9.29221219695773e-05
9.29212585255255e-05
9.292039509752e-05
9.29195316855603e-05
9.29186682896461e-05
9.29178049097768e-05
9.29169415459521e-05
9.29160781981714e-05
9.29152148664344e-05
9.29143515507405e-05
9.29134882510894e-05
9.29126249674806e-05
9.29117616999136e-05
9.2910898448388e-05
9.29100352129033e-05
9.29091719934592e-05
9.29083087900551e-05
9.29074456026906e-05
9.29065824313653e-05
9.29057192760786e-05
9.29048561368303e-05
9.29039930136197e-05
9.29031299064465e-05
9.29022668153103e-05
9.29014037402105e-05
9.29005406811468e-05
9.28996776381186e-05
9.28988146111256e-05
9.28979516001672e-05
9.28970886052431e-05
9.28962256263528e-05
9.28953626634958e-05
9.28944997166718e-05
9.28936367858802e-05
9.28927738711206e-05
9.28919109723925e-05
9.28910480896956e-05
9.28901852230293e-05
9.28893223723933e-05
9.2888459537787e-05
9.28875967192101e-05
9.2886733916662e-05
9.28858711301424e-05
9.28850083596508e-05
9.28841456051867e-05
9.28832828667496e-05
9.28824201443393e-05
9.28815574379551e-05
9.28806947475967e-05
9.28798320732636e-05
9.28789694149554e-05
9.28781067726715e-05
9.28772441464117e-05
9.28763815361753e-05
9.28755189419621e-05
9.28746563637715e-05
9.2873793801603e-05
9.28729312554563e-05
9.28720687253309e-05
9.28712062112263e-05
9.28703437131421e-05
9.28694812310778e-05
9.28686187650331e-05
9.28677563150074e-05
9.28668938810004e-05
9.28660314630115e-05
9.28651690610403e-05
9.28643066750864e-05
9.28634443051493e-05
9.28625819512286e-05
9.28617196133238e-05
9.28608572914345e-05
9.28599949855603e-05
9.28591326957006e-05
9.28582704218551e-05
9.28574081640233e-05
9.28565459222048e-05
9.28556836963991e-05
9.28548214866057e-05
9.28539592928242e-05
9.28530971150543e-05
9.28522349532953e-05
9.2851372807547e-05
9.28505106778087e-05
9.28496485640802e-05
9.28487864663609e-05
9.28479243846504e-05
9.28470623189482e-05
9.2846200269254e-05
9.28453382355672e-05
9.28444762178874e-05
9.28436142162142e-05
9.28427522305471e-05
9.28418902608857e-05
9.28410283072295e-05
9.28401663695781e-05
9.28393044479311e-05
9.28384425422879e-05
9.28375806526482e-05
9.28367187790115e-05
9.28358569213773e-05
9.28349950797453e-05
9.28341332541149e-05
9.28332714444857e-05
9.28324096508573e-05
9.28315478732292e-05
9.28306861116011e-05
9.28298243659723e-05
9.28289626363425e-05
9.28281009227113e-05
9.28272392250782e-05
9.28263775434427e-05
9.28255158778045e-05
9.2824654228163e-05
9.28237925945178e-05
9.28229309768685e-05
9.28220693752147e-05
9.28212077895558e-05
9.28203462198914e-05
9.28194846662211e-05
9.28186231285445e-05
9.28177616068611e-05
9.28169001011704e-05
9.28160386114721e-05
9.28151771377656e-05
9.28143156800505e-05
9.28134542383264e-05
9.28125928125928e-05
9.28117314028493e-05
9.28108700090955e-05
9.28100086313308e-05
9.28091472695549e-05
9.28082859237673e-05
9.28074245939675e-05
9.28065632801552e-05
9.28057019823298e-05
9.28048407004909e-05
9.28039794346382e-05
9.2803118184771e-05
9.2802256950889e-05
9.28013957329918e-05
9.28005345310789e-05
9.27996733451498e-05
9.27988121752042e-05
9.27979510212415e-05
9.27970898832613e-05
9.27962287612631e-05
9.27953676552467e-05
9.27945065652113e-05
9.27936454911568e-05
9.27927844330825e-05
9.2791923390988e-05
9.2791062364873e-05
9.27902013547369e-05
9.27893403605794e-05
9.27884793823999e-05
9.2787618420198e-05
9.27867574739733e-05
9.27858965437254e-05
9.27850356294537e-05
9.27841747311579e-05
9.27833138488374e-05
9.2782452982492e-05
9.2781592132121e-05
9.27807312977241e-05
9.27798704793008e-05
9.27790096768507e-05
9.27781488903733e-05
9.27772881198683e-05
9.2776427365335e-05
9.27755666267732e-05
9.27747059041823e-05
9.27738451975619e-05
9.27729845069116e-05
9.27721238322309e-05
9.27712631735194e-05
9.27704025307766e-05
9.27695419040021e-05
9.27686812931954e-05
9.27678206983562e-05
9.27669601194838e-05
9.2766099556578e-05
9.27652390096383e-05
9.27643784786642e-05
9.27635179636552e-05
9.27626574646111e-05
9.27617969815311e-05
9.2760936514415e-05
9.27600760632624e-05
9.27592156280726e-05
9.27583552088454e-05
9.27574948055803e-05
9.27566344182768e-05
9.27557740469344e-05
9.27549136915528e-05
9.27540533521315e-05
9.275319302867e-05
9.27523327211679e-05
9.27514724296248e-05
9.27506121540402e-05
9.27497518944137e-05
9.27488916507448e-05
9.2748031423033e-05
9.2747171211278e-05
9.27463110154794e-05
9.27454508356365e-05
9.27445906717491e-05
9.27437305238166e-05
9.27428703918386e-05
9.27420102758147e-05
9.27411501757445e-05
9.27402900916274e-05
9.27394300234631e-05
9.2738569971251e-05
9.27377099349909e-05
9.27368499146821e-05
9.27359899103243e-05
9.2735129921917e-05
9.27342699494598e-05
9.27334099929523e-05
9.27325500523939e-05
9.27316901277843e-05
9.2730830219123e-05
9.27299703264095e-05
9.27291104496435e-05
9.27282505888244e-05
9.27273907439519e-05
9.27265309150254e-05
9.27256711020446e-05
9.2724811305009e-05
9.27239515239181e-05
9.27230917587716e-05
9.27222320095689e-05
9.27213722763097e-05
9.27205125589934e-05
9.27196528576197e-05
9.27187931721881e-05
9.27179335026981e-05
9.27170738491493e-05
9.27162142115413e-05
9.27153545898736e-05
9.27144949841458e-05
9.27136353943575e-05
9.27127758205081e-05
9.27119162625972e-05
9.27110567206245e-05
9.27101971945894e-05
9.27093376844916e-05
9.27084781903305e-05
9.27076187121058e-05
9.27067592498169e-05
9.27058998034635e-05
9.27050403730451e-05
9.27041809585612e-05
9.27033215600115e-05
9.27024621773954e-05
9.27016028107126e-05
9.27007434599625e-05
9.26998841251448e-05
9.2699024806259e-05
9.26981655033047e-05
9.26973062162814e-05
9.26964469451886e-05
9.26955876900259e-05
9.2694728450793e-05
9.26938692274893e-05
9.26930100201144e-05
9.26921508286678e-05
9.26912916531492e-05
9.2690432493558e-05
9.26895733498939e-05
9.26887142221563e-05
9.26878551103449e-05
9.26869960144592e-05
9.26861369344987e-05
9.26852778704631e-05
9.26844188223518e-05
9.26835597901644e-05
9.26827007739006e-05
9.26818417735597e-05
9.26809827891415e-05
9.26801238206454e-05
9.26792648680711e-05
9.2678405931418e-05
9.26775470106857e-05
9.26766881058739e-05
9.26758292169819e-05
9.26749703440095e-05
9.26741114869561e-05
9.26732526458214e-05
9.26723938206048e-05
9.26715350113059e-05
9.26706762179244e-05
9.26698174404596e-05
9.26689586789113e-05
9.2668099933279e-05
9.26672412035621e-05
9.26663824897604e-05
9.26655237918732e-05
9.26646651099003e-05
9.26638064438411e-05
9.26629477936952e-05
9.26620891594622e-05
9.26612305411416e-05
9.2660371938733e-05
9.26595133522359e-05
9.26586547816499e-05
9.26577962269745e-05
9.26569376882094e-05
9.2656079165354e-05
9.2655220658408e-05
9.26543621673708e-05
9.26535036922421e-05
9.26526452330214e-05
9.26517867897082e-05
9.26509283623022e-05
9.26500699508028e-05
9.26492115552097e-05
9.26483531755223e-05
9.26474948117403e-05
9.26466364638632e-05
9.26457781318905e-05
9.26449198158219e-05
9.26440615156568e-05
9.26432032313949e-05
9.26423449630357e-05
9.26414867105787e-05
9.26406284740236e-05
9.26397702533698e-05
9.26389120486169e-05
9.26380538597645e-05
9.26371956868122e-05
9.26363375297594e-05
9.26354793886058e-05
9.2634621263351e-05
9.26337631539944e-05
9.26329050605356e-05
9.26320469829742e-05
9.26311889213098e-05
9.26303308755419e-05
9.262947284567e-05
9.26286148316938e-05
9.26277568336128e-05
9.26268988514265e-05
9.26260408851344e-05
9.26251829347363e-05
9.26243250002316e-05
9.26234670816198e-05
9.26226091789006e-05
9.26217512920734e-05
9.26208934211379e-05
9.26200355660937e-05
9.26191777269401e-05
9.2618319903677e-05
9.26174620963036e-05
9.26166043048198e-05
9.26157465292249e-05
9.26148887695186e-05
9.26140310257004e-05
9.26131732977699e-05
9.26123155857266e-05
9.26114578895701e-05
9.26106002093e-05
9.26097425449157e-05
9.2608884896417e-05
9.26080272638032e-05
9.26071696470741e-05
9.26063120462291e-05
9.26054544612678e-05
9.26045968921897e-05
9.26037393389945e-05
9.26028818016817e-05
9.26020242802508e-05
9.26011667747014e-05
9.2600309285033e-05
9.25994518112453e-05
9.25985943533377e-05
9.25977369113099e-05
9.25968794851614e-05
9.25960220748917e-05
9.25951646805004e-05
9.25943073019871e-05
9.25934499393513e-05
9.25925925925926e-05
9.25917352617105e-05
9.25908779467047e-05
9.25900206475746e-05
9.25891633643198e-05
9.258830609694e-05
9.25874488454345e-05
9.25865916098031e-05
9.25857343900452e-05
9.25848771861604e-05
9.25840199981483e-05
9.25831628260085e-05
9.25823056697404e-05
9.25814485293437e-05
9.25805914048179e-05
9.25797342961626e-05
9.25788772033773e-05
9.25780201264616e-05
9.2577163065415e-05
9.25763060202372e-05
9.25754489909276e-05
9.25745919774859e-05
9.25737349799115e-05
9.25728779982041e-05
9.25720210323632e-05
9.25711640823883e-05
9.25703071482791e-05
9.25694502300351e-05
9.25685933276558e-05
9.25677364411408e-05
9.25668795704897e-05
9.2566022715702e-05
9.25651658767772e-05
9.25643090537151e-05
9.2563452246515e-05
9.25625954551766e-05
9.25617386796994e-05
9.25608819200829e-05
9.25600251763269e-05
9.25591684484307e-05
9.25583117363939e-05
9.25574550402162e-05
9.25565983598971e-05
9.25557416954361e-05
9.25548850468328e-05
9.25540284140867e-05
9.25531717971975e-05
9.25523151961646e-05
9.25514586109877e-05
9.25506020416663e-05
9.25497454881999e-05
9.25488889505881e-05
9.25480324288306e-05
9.25471759229267e-05
9.25463194328762e-05
9.25454629586784e-05
9.25446065003332e-05
9.25437500578398e-05
9.25428936311981e-05
9.25420372204074e-05
9.25411808254673e-05
9.25403244463775e-05
9.25394680831375e-05
9.25386117357467e-05
9.25377554042049e-05
9.25368990885116e-05
9.25360427886662e-05
9.25351865046684e-05
9.25343302365177e-05
9.25334739842138e-05
9.25326177477561e-05
9.25317615271442e-05
9.25309053223777e-05
9.25300491334561e-05
9.2529192960379e-05
9.2528336803146e-05
9.25274806617565e-05
9.25266245362103e-05
9.25257684265068e-05
9.25249123326456e-05
9.25240562546262e-05
9.25232001924483e-05
9.25223441461113e-05
9.25214881156149e-05
9.25206321009585e-05
9.25197761021418e-05
9.25189201191644e-05
9.25180641520257e-05
9.25172082007253e-05
9.25163522652629e-05
9.25154963456379e-05
9.25146404418499e-05
9.25137845538985e-05
9.25129286817833e-05
9.25120728255037e-05
9.25112169850594e-05
9.251036116045e-05
9.25095053516749e-05
9.25086495587337e-05
9.25077937816261e-05
9.25069380203515e-05
9.25060822749096e-05
9.25052265452998e-05
9.25043708315218e-05
9.25035151335751e-05
9.25026594514592e-05
9.25018037851738e-05
9.25009481347184e-05
9.25000925000925e-05
9.24992368812957e-05
9.24983812783276e-05
9.24975256911878e-05
9.24966701198757e-05
9.2495814564391e-05
9.24949590247331e-05
9.24941035009018e-05
9.24932479928965e-05
9.24923925007168e-05
9.24915370243623e-05
9.24906815638324e-05
9.24898261191269e-05
9.24889706902452e-05
9.24881152771869e-05
9.24872598799515e-05
9.24864044985387e-05
9.2485549132948e-05
9.24846937831789e-05
9.2483838449231e-05
9.24829831311039e-05
9.24821278287971e-05
9.24812725423102e-05
9.24804172716427e-05
9.24795620167943e-05
9.24787067777644e-05
9.24778515545527e-05
9.24769963471586e-05
9.24761411555819e-05
9.24752859798219e-05
9.24744308198783e-05
9.24735756757507e-05
9.24727205474385e-05
9.24718654349414e-05
9.2471010338259e-05
9.24701552573907e-05
9.24693001923361e-05
9.24684451430949e-05
9.24675901096666e-05
9.24667350920506e-05
9.24658800902467e-05
9.24650251042543e-05
9.2464170134073e-05
9.24633151797025e-05
9.24624602411421e-05
9.24616053183915e-05
9.24607504114503e-05
9.24598955203181e-05
9.24590406449943e-05
9.24581857854785e-05
9.24573309417704e-05
9.24564761138694e-05
9.24556213017751e-05
9.24547665054872e-05
9.24539117250051e-05
9.24530569603284e-05
9.24522022114567e-05
9.24513474783895e-05
9.24504927611264e-05
9.2449638059667e-05
9.24487833740108e-05
9.24479287041574e-05
9.24470740501063e-05
9.24462194118571e-05
9.24453647894095e-05
9.24445101827628e-05
9.24436555919167e-05
9.24428010168708e-05
9.24419464576246e-05
9.24410919141777e-05
9.24402373865296e-05
9.24393828746799e-05
9.24385283786282e-05
9.2437673898374e-05
9.24368194339169e-05
9.24359649852565e-05
9.24351105523922e-05
9.24342561353238e-05
9.24334017340506e-05
9.24325473485724e-05
9.24316929788886e-05
9.24308386249988e-05
9.24299842869027e-05
9.24291299645996e-05
9.24282756580893e-05
9.24274213673713e-05
9.24265670924451e-05
9.24257128333102e-05
9.24248585899664e-05
9.2424004362413e-05
9.24231501506497e-05
9.24222959546761e-05
9.24214417744917e-05
9.2420587610096e-05
9.24197334614887e-05
9.24188793286693e-05
9.24180252116373e-05
9.24171711103923e-05
9.24163170249339e-05
9.24154629552617e-05
9.24146089013751e-05
9.24137548632739e-05
9.24129008409574e-05
9.24120468344253e-05
9.24111928436772e-05
9.24103388687126e-05
9.24094849095311e-05
9.24086309661322e-05
9.24077770385156e-05
9.24069231266807e-05
9.24060692306271e-05
9.24052153503544e-05
9.24043614858621e-05
9.24035076371499e-05
9.24026538042173e-05
9.24017999870637e-05
9.24009461856889e-05
9.24000924000924e-05
9.23992386302737e-05
9.23983848762324e-05
9.2397531137968e-05
9.23966774154801e-05
9.23958237087684e-05
9.23949700178322e-05
9.23941163426713e-05
9.23932626832851e-05
9.23924090396733e-05
9.23915554118354e-05
9.23907017997709e-05
9.23898482034794e-05
9.23889946229605e-05
9.23881410582138e-05
9.23872875092387e-05
9.2386433976035e-05
9.2385580458602e-05
9.23847269569395e-05
9.23838734710469e-05
9.23830200009238e-05
9.23821665465699e-05
9.23813131079845e-05
9.23804596851674e-05
9.2379606278118e-05
9.2378752886836e-05
9.23778995113209e-05
9.23770461515723e-05
9.23761928075896e-05
9.23753394793726e-05
9.23744861669207e-05
9.23736328702335e-05
9.23727795893106e-05
9.23719263241516e-05
9.23710730747559e-05
9.23702198411232e-05
9.23693666232531e-05
9.2368513421145e-05
9.23676602347986e-05
9.23668070642134e-05
9.2365953909389e-05
9.23651007703249e-05
9.23642476470208e-05
9.23633945394761e-05
9.23625414476905e-05
9.23616883716634e-05
9.23608353113946e-05
9.23599822668834e-05
9.23591292381295e-05
9.23582762251325e-05
9.23574232278919e-05
9.23565702464073e-05
9.23557172806783e-05
9.23548643307043e-05
9.2354011396485e-05
9.23531584780199e-05
9.23523055753087e-05
9.23514526883508e-05
9.23505998171458e-05
9.23497469616933e-05
9.23488941219929e-05
9.23480412980441e-05
9.23471884898464e-05
9.23463356973995e-05
9.23454829207029e-05
9.23446301597562e-05
9.23437774145589e-05
9.23429246851106e-05
9.23420719714109e-05
9.23412192734593e-05
9.23403665912554e-05
9.23395139247987e-05
9.23386612740889e-05
9.23378086391254e-05
9.23369560199078e-05
9.23361034164358e-05
9.23352508287089e-05
9.23343982567266e-05
9.23335457004884e-05
9.23326931599941e-05
9.23318406352431e-05
9.23309881262349e-05
9.23301356329692e-05
9.23292831554456e-05
9.23284306936635e-05
9.23275782476226e-05
9.23267258173223e-05
9.23258734027624e-05
9.23250210039423e-05
9.23241686208616e-05
9.23233162535198e-05
9.23224639019166e-05
9.23216115660515e-05
9.2320759245924e-05
9.23199069415338e-05
9.23190546528804e-05
9.23182023799633e-05
9.23173501227821e-05
9.23164978813364e-05
9.23156456556257e-05
9.23147934456497e-05
9.23139412514078e-05
9.23130890728996e-05
9.23122369101248e-05
9.23113847630828e-05
9.23105326317733e-05
9.23096805161957e-05
9.23088284163497e-05
9.23079763322349e-05
9.23071242638507e-05
9.23062722111967e-05
9.23054201742726e-05
9.23045681530779e-05
9.23037161476121e-05
9.23028641578748e-05
9.23020121838656e-05
9.2301160225584e-05
9.23003082830297e-05
9.22994563562021e-05
9.22986044451008e-05
9.22977525497254e-05
9.22969006700755e-05
9.22960488061506e-05
9.22951969579503e-05
9.22943451254742e-05
9.22934933087217e-05
9.22926415076926e-05
9.22917897223863e-05
9.22909379528024e-05
9.22900861989405e-05
9.22892344608002e-05
9.22883827383809e-05
9.22875310316823e-05
9.2286679340704e-05
9.22858276654454e-05
9.22849760059062e-05
9.2284124362086e-05
9.22832727339842e-05
9.22824211216005e-05
9.22815695249345e-05
9.22807179439856e-05
9.22798663787535e-05
9.22790148292377e-05
9.22781632954378e-05
9.22773117773533e-05
9.22764602749839e-05
9.2275608788329e-05
9.22747573173883e-05
9.22739058621612e-05
9.22730544226475e-05
9.22722029988466e-05
9.22713515907581e-05
9.22705001983816e-05
9.22696488217166e-05
9.22687974607627e-05
9.22679461155195e-05
9.22670947859865e-05
9.22662434721633e-05
9.22653921740494e-05
9.22645408916445e-05
9.22636896249481e-05
9.22628383739597e-05
9.2261987138679e-05
9.22611359191054e-05
9.22602847152386e-05
9.22594335270781e-05
9.22585823546235e-05
9.22577311978744e-05
9.22568800568302e-05
9.22560289314907e-05
9.22551778218553e-05
9.22543267279235e-05
9.22534756496951e-05
9.22526245871695e-05
9.22517735403463e-05
9.22509225092251e-05
9.22500714938054e-05
9.22492204940868e-05
9.22483695100689e-05
9.22475185417512e-05
9.22466675891333e-05
9.22458166522148e-05
9.22449657309952e-05
9.22441148254741e-05
9.22432639356511e-05
9.22424130615257e-05
9.22415622030975e-05
9.2240711360366e-05
9.22398605333309e-05
9.22390097219916e-05
9.22381589263478e-05
9.22373081463991e-05
9.22364573821449e-05
9.22356066335848e-05
9.22347559007185e-05
9.22339051835455e-05
9.22330544820653e-05
9.22322037962775e-05
9.22313531261817e-05
9.22305024717775e-05
9.22296518330643e-05
9.22288012100419e-05
9.22279506027097e-05
9.22271000110673e-05
9.22262494351142e-05
9.22253988748501e-05
9.22245483302746e-05
9.2223697801387e-05
9.22228472881872e-05
9.22219967906745e-05
9.22211463088486e-05
9.22202958427091e-05
9.22194453922554e-05
9.22185949574872e-05
9.22177445384041e-05
9.22168941350055e-05
9.22160437472911e-05
9.22151933752605e-05
9.22143430189132e-05
9.22134926782487e-05
9.22126423532666e-05
9.22117920439666e-05
9.22109417503481e-05
9.22100914724107e-05
9.22092412101541e-05
9.22083909635777e-05
9.22075407326811e-05
9.22066905174639e-05
9.22058403179257e-05
9.22049901340661e-05
9.22041399658845e-05
9.22032898133805e-05
9.22024396765538e-05
9.22015895554039e-05
9.22007394499304e-05
9.21998893601328e-05
9.21990392860106e-05
9.21981892275636e-05
9.21973391847911e-05
9.21964891576929e-05
9.21956391462684e-05
9.21947891505172e-05
9.21939391704389e-05
9.21930892060331e-05
9.21922392572993e-05
9.21913893242371e-05
9.21905394068461e-05
9.21896895051257e-05
9.21888396190757e-05
9.21879897486955e-05
9.21871398939848e-05
9.2186290054943e-05
9.21854402315698e-05
9.21845904238647e-05
9.21837406318274e-05
9.21828908554572e-05
9.21820410947539e-05
9.2181191349717e-05
9.2180341620346e-05
9.21794919066406e-05
9.21786422086003e-05
9.21777925262246e-05
9.21769428595131e-05
9.21760932084654e-05
9.21752435730811e-05
9.21743939533598e-05
9.21735443493009e-05
9.2172694760904e-05
9.21718451881688e-05
9.21709956310948e-05
9.21701460896816e-05
9.21692965639286e-05
9.21684470538356e-05
9.2167597559402e-05
9.21667480806275e-05
9.21658986175115e-05
9.21650491700537e-05
9.21641997382537e-05
9.21633503221109e-05
9.2162500921625e-05
9.21616515367955e-05
9.21608021676221e-05
9.21599528141042e-05
9.21591034762414e-05
9.21582541540333e-05
9.21574048474795e-05
9.21565555565795e-05
9.21557062813329e-05
9.21548570217393e-05
9.21540077777983e-05
9.21531585495093e-05
9.2152309336872e-05
9.21514601398859e-05
9.21506109585507e-05
9.21497617928658e-05
9.21489126428308e-05
9.21480635084454e-05
9.2147214389709e-05
9.21463652866213e-05
9.21455161991818e-05
9.214466712739e-05
9.21438180712456e-05
9.21429690307481e-05
9.21421200058971e-05
9.21412709966921e-05
9.21404220031328e-05
9.21395730252186e-05
9.21387240629492e-05
9.21378751163241e-05
9.21370261853428e-05
9.21361772700051e-05
9.21353283703103e-05
9.21344794862581e-05
9.21336306178481e-05
9.21327817650798e-05
9.21319329279528e-05
9.21310841064667e-05
9.2130235300621e-05
9.21293865104152e-05
9.21285377358491e-05
9.2127688976922e-05
9.21268402336337e-05
9.21259915059836e-05
9.21251427939713e-05
9.21242940975965e-05
9.21234454168586e-05
9.21225967517572e-05
9.2121748102292e-05
9.21208994684624e-05
9.21200508502681e-05
9.21192022477085e-05
9.21183536607834e-05
9.21175050894922e-05
9.21166565338344e-05
9.21158079938098e-05
9.21149594694178e-05
9.21141109606581e-05
9.21132624675301e-05
9.21124139900334e-05
9.21115655281677e-05
9.21107170819325e-05
9.21098686513273e-05
9.21090202363517e-05
9.21081718370054e-05
9.21073234532878e-05
9.21064750851985e-05
9.21056267327371e-05
9.21047783959032e-05
9.21039300746963e-05
9.2103081769116e-05
9.21022334791619e-05
9.21013852048335e-05
9.21005369461304e-05
9.20996887030522e-05
9.20988404755984e-05
9.20979922637687e-05
9.20971440675625e-05
9.20962958869794e-05
9.20954477220191e-05
9.20945995726811e-05
9.20937514389649e-05
9.20929033208701e-05
9.20920552183963e-05
9.20912071315431e-05
9.209035906031e-05
9.20895110046966e-05
9.20886629647024e-05
9.20878149403271e-05
9.20869669315702e-05
9.20861189384312e-05
9.20852709609098e-05
9.20844229990055e-05
9.20835750527179e-05
9.20827271220464e-05
9.20818792069909e-05
9.20810313075506e-05
9.20801834237254e-05
9.20793355555146e-05
9.2078487702918e-05
9.2077639865935e-05
9.20767920445652e-05
9.20759442388082e-05
9.20750964486635e-05
9.20742486741308e-05
9.20734009152096e-05
9.20725531718995e-05
9.20717054441999e-05
9.20708577321106e-05
9.20700100356311e-05
9.20691623547609e-05
9.20683146894996e-05
9.20674670398468e-05
9.2066619405802e-05
9.20657717873649e-05
9.20649241845349e-05
9.20640765973117e-05
9.20632290256948e-05
9.20623814696839e-05
9.20615339292783e-05
9.20606864044778e-05
9.20598388952819e-05
9.20589914016902e-05
9.20581439237022e-05
9.20572964613175e-05
9.20564490145357e-05
9.20556015833563e-05
9.2054754167779e-05
9.20539067678032e-05
9.20530593834286e-05
9.20522120146547e-05
9.20513646614811e-05
9.20505173239074e-05
9.2049670001933e-05
9.20488226955577e-05
9.2047975404781e-05
9.20471281296024e-05
9.20462808700214e-05
9.20454336260378e-05
9.2044586397651e-05
9.20437391848606e-05
9.20428919876662e-05
9.20420448060674e-05
9.20411976400637e-05
9.20403504896547e-05
9.20395033548399e-05
9.2038656235619e-05
9.20378091319914e-05
9.20369620439569e-05
9.20361149715148e-05
9.20352679146649e-05
9.20344208734066e-05
9.20335738477396e-05
9.20327268376635e-05
9.20318798431777e-05
9.20310328642818e-05
9.20301859009755e-05
9.20293389532583e-05
9.20284920211297e-05
9.20276451045894e-05
9.20267982036369e-05
9.20259513182718e-05
9.20251044484935e-05
9.20242575943019e-05
9.20234107556962e-05
9.20225639326763e-05
9.20217171252416e-05
9.20208703333916e-05
9.2020023557126e-05
9.20191767964444e-05
9.20183300513462e-05
9.20174833218311e-05
9.20166366078987e-05
9.20157899095485e-05
9.201494322678e-05
9.20140965595929e-05
9.20132499079867e-05
9.20124032719611e-05
9.20115566515154e-05
9.20107100466494e-05
9.20098634573626e-05
9.20090168836546e-05
9.20081703255249e-05
9.20073237829731e-05
9.20064772559988e-05
9.20056307446016e-05
9.20047842487809e-05
9.20039377685365e-05
9.20030913038678e-05
9.20022448547745e-05
9.2001398421256e-05
9.2000552003312e-05
9.19997056009421e-05
9.19988592141458e-05
9.19980128429226e-05
9.19971664872722e-05
9.19963201471941e-05
9.19954738226879e-05
9.19946275137532e-05
9.19937812203895e-05
9.19929349425964e-05
9.19920886803735e-05
9.19912424337203e-05
9.19903962026364e-05
9.19895499871215e-05
9.19887037871749e-05
9.19878576027964e-05
9.19870114339855e-05
9.19861652807418e-05
9.19853191430648e-05
9.19844730209541e-05
9.19836269144092e-05
9.19827808234299e-05
9.19819347480155e-05
9.19810886881657e-05
9.19802426438801e-05
9.19793966151582e-05
9.19785506019996e-05
9.19777046044039e-05
9.19768586223706e-05
9.19760126558993e-05
9.19751667049897e-05
9.19743207696411e-05
9.19734748498533e-05
9.19726289456258e-05
9.19717830569581e-05
9.19709371838499e-05
9.19700913263007e-05
9.196924548431e-05
9.19683996578776e-05
9.19675538470028e-05
9.19667080516853e-05
9.19658622719247e-05
9.19650165077205e-05
9.19641707590723e-05
9.19633250259796e-05
9.19624793084422e-05
9.19616336064594e-05
9.19607879200309e-05
9.19599422491563e-05
9.19590965938351e-05
9.19582509540669e-05
9.19574053298512e-05
9.19565597211877e-05
9.19557141280759e-05
9.19548685505154e-05
9.19540229885057e-05
9.19531774420465e-05
9.19523319111373e-05
9.19514863957776e-05
9.1950640895967e-05
9.19497954117052e-05
9.19489499429917e-05
9.19481044898259e-05
9.19472590522077e-05
9.19464136301364e-05
9.19455682236116e-05
9.1944722832633e-05
9.19438774572001e-05
9.19430320973125e-05
9.19421867529697e-05
9.19413414241714e-05
9.1940496110917e-05
9.19396508132062e-05
9.19388055310385e-05
9.19379602644136e-05
9.19371150133309e-05
9.193626977779e-05
9.19354245577906e-05
9.19345793533322e-05
9.19337341644143e-05
9.19328889910365e-05
9.19320438331985e-05
9.19311986908997e-05
9.19303535641398e-05
9.19295084529183e-05
9.19286633572348e-05
9.19278182770888e-05
9.192697321248e-05
9.19261281634079e-05
9.1925283129872e-05
9.1924438111872e-05
9.19235931094075e-05
9.19227481224779e-05
9.19219031510828e-05
9.19210581952219e-05
9.19202132548948e-05
9.19193683301008e-05
9.19185234208398e-05
9.19176785271111e-05
9.19168336489145e-05
9.19159887862494e-05
9.19151439391154e-05
9.19142991075122e-05
9.19134542914392e-05
9.19126094908961e-05
9.19117647058824e-05
9.19109199363976e-05
9.19100751824415e-05
9.19092304440135e-05
9.19083857211132e-05
9.19075410137402e-05
9.1906696321894e-05
9.19058516455743e-05
9.19050069847805e-05
9.19041623395123e-05
9.19033177097693e-05
9.1902473095551e-05
9.1901628496857e-05
9.19007839136868e-05
9.189993934604e-05
9.18990947939163e-05
9.18982502573151e-05
9.18974057362361e-05
9.18965612306788e-05
9.18957167406427e-05
9.18948722661275e-05
9.18940278071328e-05
9.18931833636581e-05
9.18923389357029e-05
9.18914945232669e-05
9.18906501263496e-05
9.18898057449507e-05
9.18889613790695e-05
9.18881170287058e-05
9.18872726938592e-05
9.18864283745291e-05
9.18855840707152e-05
9.18847397824169e-05
9.1883895509634e-05
9.1883051252366e-05
9.18822070106124e-05
9.18813627843728e-05
9.18805185736468e-05
9.1879674378434e-05
9.18788301987339e-05
9.18779860345461e-05
9.18771418858702e-05
9.18762977527058e-05
9.18754536350523e-05
9.18746095329095e-05
9.18737654462768e-05
9.18729213751539e-05
9.18720773195403e-05
9.18712332794355e-05
9.18703892548393e-05
9.1869545245751e-05
9.18687012521704e-05
9.18678572740969e-05
9.18670133115302e-05
9.18661693644698e-05
9.18653254329153e-05
9.18644815168663e-05
9.18636376163223e-05
9.1862793731283e-05
9.18619498617478e-05
9.18611060077163e-05
9.18602621691882e-05
9.1859418346163e-05
9.18585745386403e-05
9.18577307466196e-05
9.18568869701006e-05
9.18560432090827e-05
9.18551994635656e-05
9.18543557335489e-05
9.1853512019032e-05
9.18526683200147e-05
9.18518246364964e-05
9.18509809684767e-05
9.18501373159553e-05
9.18492936789316e-05
9.18484500574053e-05
9.18476064513759e-05
9.1846762860843e-05
9.18459192858061e-05
9.18450757262649e-05
9.1844232182219e-05
9.18433886536678e-05
9.18425451406109e-05
9.1841701643048e-05
9.18408581609787e-05
9.18400146944024e-05
9.18391712433187e-05
9.18383278077273e-05
9.18374843876277e-05
9.18366409830194e-05
9.18357975939021e-05
9.18349542202753e-05
9.18341108621386e-05
9.18332675194916e-05
9.18324241923338e-05
9.18315808806649e-05
9.18307375844843e-05
9.18298943037917e-05
9.18290510385866e-05
9.18282077888686e-05
9.18273645546373e-05
9.18265213358922e-05
9.1825678132633e-05
9.18248349448592e-05
9.18239917725703e-05
9.1823148615766e-05
9.18223054744459e-05
9.18214623486094e-05
9.18206192382561e-05
9.18197761433858e-05
9.18189330639978e-05
9.18180900000918e-05
9.18172469516674e-05
9.18164039187241e-05
9.18155609012615e-05
9.18147178992793e-05
9.18138749127768e-05
9.18130319417538e-05
9.18121889862098e-05
9.18113460461444e-05
9.18105031215571e-05
9.18096602124476e-05
9.18088173188153e-05
9.18079744406599e-05
9.1807131577981e-05
9.18062887307781e-05
9.18054458990507e-05
9.18046030827986e-05
9.18037602820212e-05
9.1802917496718e-05
9.18020747268888e-05
9.18012319725331e-05
9.18003892336504e-05
9.17995465102402e-05
9.17987038023023e-05
9.17978611098361e-05
9.17970184328413e-05
9.17961757713174e-05
9.17953331252639e-05
9.17944904946805e-05
9.17936478795667e-05
9.17928052799222e-05
9.17919626957464e-05
9.17911201270389e-05
9.17902775737994e-05
9.17894350360274e-05
9.17885925137224e-05
9.17877500068841e-05
9.1786907515512e-05
9.17860650396057e-05
9.17852225791648e-05
9.17843801341888e-05
9.17835377046773e-05
9.17826952906299e-05
9.17818528920462e-05
9.17810105089257e-05
9.1780168141268e-05
9.17793257890728e-05
9.17784834523394e-05
9.17776411310677e-05
9.1776798825257e-05
9.1775956534907e-05
9.17751142600173e-05
9.17742720005874e-05
9.17734297566169e-05
9.17725875281054e-05
9.17717453150524e-05
9.17709031174576e-05
9.17700609353205e-05
9.17692187686406e-05
9.17683766174176e-05
9.17675344816511e-05
9.17666923613405e-05
9.17658502564856e-05
9.17650081670857e-05
9.17641660931406e-05
9.17633240346498e-05
9.17624819916129e-05
9.17616399640294e-05
9.1760797951899e-05
9.17599559552211e-05
9.17591139739955e-05
9.17582720082215e-05
9.17574300578989e-05
9.17565881230272e-05
9.1755746203606e-05
9.17549042996348e-05
9.17540624111133e-05
9.17532205380409e-05
9.17523786804173e-05
9.1751536838242e-05
9.17506950115147e-05
9.17498532002349e-05
9.17490114044021e-05
9.1748169624016e-05
9.17473278590761e-05
9.1746486109582e-05
9.17456443755333e-05
9.17448026569295e-05
9.17439609537702e-05
9.1743119266055e-05
9.17422775937835e-05
9.17414359369553e-05
9.17405942955698e-05
9.17397526696268e-05
9.17389110591257e-05
9.17380694640662e-05
9.17372278844478e-05
9.17363863202701e-05
9.17355447715326e-05
9.1734703238235e-05
9.17338617203768e-05
9.17330202179576e-05
9.1732178730977e-05
9.17313372594346e-05
9.17304958033298e-05
9.17296543626624e-05
9.17288129374318e-05
9.17279715276376e-05
9.17271301332795e-05
9.1726288754357e-05
9.17254473908697e-05
9.17246060428171e-05
9.17237647101988e-05
9.17229233930144e-05
9.17220820912635e-05
9.17212408049456e-05
9.17203995340604e-05
9.17195582786073e-05
9.17187170385861e-05
9.17178758139961e-05
9.17170346048372e-05
9.17161934111087e-05
9.17153522328102e-05
9.17145110699415e-05
9.17136699225019e-05
9.17128287904912e-05
9.17119876739089e-05
9.17111465727545e-05
9.17103054870276e-05
9.17094644167278e-05
9.17086233618547e-05
9.17077823224079e-05
9.17069412983869e-05
9.17061002897913e-05
9.17052592966207e-05
9.17044183188746e-05
9.17035773565527e-05
9.17027364096545e-05
9.17018954781795e-05
9.17010545621275e-05
9.17002136614978e-05
9.16993727762902e-05
9.16985319065042e-05
9.16976910521393e-05
9.16968502131952e-05
9.16960093896714e-05
9.16951685815674e-05
9.1694327788883e-05
9.16934870116176e-05
9.16926462497708e-05
9.16918055033422e-05
9.16909647723313e-05
9.16901240567378e-05
9.16892833565613e-05
9.16884426718012e-05
9.16876020024572e-05
9.16867613485289e-05
9.16859207100158e-05
9.16850800869175e-05
9.16842394792335e-05
9.16833988869635e-05
9.16825583101071e-05
9.16817177486637e-05
9.16808772026331e-05
9.16800366720147e-05
9.16791961568081e-05
9.16783556570129e-05
9.16775151726288e-05
9.16766747036551e-05
9.16758342500917e-05
9.16749938119379e-05
9.16741533891935e-05
9.16733129818579e-05
9.16724725899307e-05
9.16716322134116e-05
9.16707918523e-05
9.16699515065956e-05
9.1669111176298e-05
9.16682708614067e-05
9.16674305619214e-05
9.16665902778414e-05
9.16657500091666e-05
9.16649097558963e-05
9.16640695180303e-05
9.16632292955681e-05
9.16623890885092e-05
9.16615488968533e-05
9.16607087205998e-05
9.16598685597485e-05
9.16590284142988e-05
9.16581882842504e-05
9.16573481696028e-05
9.16565080703555e-05
9.16556679865083e-05
9.16548279180606e-05
9.1653987865012e-05
9.16531478273621e-05
9.16523078051105e-05
9.16514677982568e-05
9.16506278068005e-05
9.16497878307412e-05
9.16489478700784e-05
9.16481079248119e-05
9.16472679949411e-05
9.16464280804656e-05
9.1645588181385e-05
9.16447482976988e-05
9.16439084294067e-05
9.16430685765082e-05
9.16422287390029e-05
9.16413889168904e-05
9.16405491101703e-05
9.1639709318842e-05
9.16388695429053e-05
9.16380297823597e-05
9.16371900372047e-05
9.163635030744e-05
9.1635510593065e-05
9.16346708940795e-05
9.16338312104829e-05
9.16329915422749e-05
9.1632151889455e-05
9.16313122520228e-05
9.16304726299778e-05
9.16296330233197e-05
9.16287934320481e-05
9.16279538561624e-05
9.16271142956624e-05
9.16262747505475e-05
9.16254352208173e-05
9.16245957064714e-05
9.16237562075095e-05
9.1622916723931e-05
9.16220772557355e-05
9.16212378029227e-05
9.16203983654921e-05
9.16195589434433e-05
9.16187195367758e-05
9.16178801454892e-05
9.16170407695831e-05
9.16162014090572e-05
9.16153620639109e-05
9.16145227341438e-05
9.16136834197556e-05
9.16128441207457e-05
9.16120048371139e-05
9.16111655688595e-05
9.16103263159823e-05
9.16094870784818e-05
9.16086478563576e-05
9.16078086496093e-05
9.16069694582364e-05
9.16061302822385e-05
9.16052911216152e-05
9.16044519763661e-05
9.16036128464907e-05
9.16027737319886e-05
9.16019346328594e-05
9.16010955491028e-05
9.16002564807182e-05
9.15994174277052e-05
9.15985783900634e-05
9.15977393677924e-05
9.15969003608918e-05
9.15960613693611e-05
9.15952223932e-05
9.15943834324079e-05
9.15935444869846e-05
9.15927055569295e-05
9.15918666422422e-05
9.15910277429223e-05
9.15901888589694e-05
9.15893499903831e-05
9.1588511137163e-05
9.15876722993085e-05
9.15868334768194e-05
9.15859946696951e-05
9.15851558779353e-05
9.15843171015395e-05
9.15834783405074e-05
9.15826395948384e-05
9.15818008645322e-05
9.15809621495883e-05
9.15801234500064e-05
9.1579284765786e-05
9.15784460969266e-05
9.15776074434279e-05
9.15767688052895e-05
9.15759301825108e-05
9.15750915750916e-05
9.15742529830313e-05
9.15734144063295e-05
9.15725758449859e-05
9.1571737299e-05
9.15708987683714e-05
9.15700602530996e-05
9.15692217531843e-05
9.1568383268625e-05
9.15675447994213e-05
9.15667063455728e-05
9.1565867907079e-05
9.15650294839395e-05
9.15641910761539e-05
9.15633526837219e-05
9.15625143066429e-05
9.15616759449165e-05
9.15608375985423e-05
9.155999926752e-05
9.1559160951849e-05
9.1558322651529e-05
9.15574843665595e-05
9.15566460969402e-05
9.15558078426705e-05
9.15549696037501e-05
9.15541313801785e-05
9.15532931719554e-05
9.15524549790803e-05
9.15516168015527e-05
9.15507786393723e-05
9.15499404925387e-05
9.15491023610513e-05
9.15482642449099e-05
9.1547426144114e-05
9.15465880586631e-05
9.15457499885568e-05
9.15449119337947e-05
9.15440738943764e-05
9.15432358703015e-05
9.15423978615696e-05
9.15415598681801e-05
9.15407218901328e-05
9.15398839274272e-05
9.15390459800628e-05
9.15382080480392e-05
9.15373701313561e-05
9.1536532230013e-05
9.15356943440095e-05
9.15348564733451e-05
9.15340186180194e-05
9.1533180778032e-05
9.15323429533826e-05
9.15315051440706e-05
9.15306673500956e-05
9.15298295714573e-05
9.15289918081552e-05
9.15281540601889e-05
9.1527316327558e-05
9.1526478610262e-05
9.15256409083005e-05
9.15248032216731e-05
9.15239655503794e-05
9.15231278944189e-05
9.15222902537913e-05
9.15214526284961e-05
9.15206150185329e-05
9.15197774239013e-05
9.15189398446008e-05
9.15181022806311e-05
9.15172647319917e-05
9.15164271986822e-05
9.15155896807021e-05
9.15147521780511e-05
9.15139146907287e-05
9.15130772187346e-05
9.15122397620682e-05
9.15114023207292e-05
9.15105648947171e-05
9.15097274840315e-05
9.15088900886721e-05
9.15080527086384e-05
9.15072153439299e-05
9.15063779945462e-05
9.1505540660487e-05
9.15047033417518e-05
9.15038660383401e-05
9.15030287502516e-05
9.15021914774859e-05
9.15013542200425e-05
9.15005169779209e-05
9.14996797511209e-05
9.14988425396419e-05
9.14980053434835e-05
9.14971681626454e-05
9.1496330997127e-05
9.1495493846928e-05
9.1494656712048e-05
9.14938195924865e-05
9.14929824882432e-05
9.14921453993175e-05
9.14913083257091e-05
9.14904712674175e-05
9.14896342244424e-05
9.14887971967833e-05
9.14879601844397e-05
9.14871231874114e-05
9.14862862056978e-05
9.14854492392985e-05
9.14846122882131e-05
9.14837753524412e-05
9.14829384319824e-05
9.14821015268363e-05
9.14812646370023e-05
9.14804277624802e-05
9.14795909032695e-05
9.14787540593697e-05
9.14779172307805e-05
9.14770804175014e-05
9.1476243619532e-05
9.14754068368719e-05
9.14745700695207e-05
9.14737333174779e-05
9.14728965807431e-05
9.1472059859316e-05
9.1471223153196e-05
9.14703864623828e-05
9.1469549786876e-05
9.1468713126675e-05
9.14678764817796e-05
9.14670398521893e-05
9.14662032379036e-05
9.14653666389222e-05
9.14645300552446e-05
9.14636934868704e-05
9.14628569337992e-05
9.14620203960306e-05
9.14611838735641e-05
9.14603473663993e-05
9.14595108745358e-05
9.14586743979733e-05
9.14578379367112e-05
9.14570014907491e-05
9.14561650600867e-05
9.14553286447235e-05
9.14544922446591e-05
9.1453655859893e-05
9.14528194904249e-05
9.14519831362543e-05
9.14511467973808e-05
9.14503104738041e-05
9.14494741655235e-05
9.14486378725389e-05
9.14478015948497e-05
9.14469653324554e-05
9.14461290853558e-05
9.14452928535504e-05
9.14444566370387e-05
9.14436204358203e-05
9.14427842498948e-05
9.14419480792619e-05
9.1441111923921e-05
9.14402757838718e-05
9.14394396591138e-05
9.14386035496466e-05
9.14377674554698e-05
9.1436931376583e-05
9.14360953129858e-05
9.14352592646776e-05
9.14344232316582e-05
9.14335872139272e-05
9.1432751211484e-05
9.14319152243282e-05
9.14310792524595e-05
9.14302432958774e-05
9.14294073545815e-05
9.14285714285714e-05
9.14277355178467e-05
9.14268996224069e-05
9.14260637422516e-05
9.14252278773805e-05
9.1424392027793e-05
9.14235561934888e-05
9.14227203744675e-05
9.14218845707285e-05
9.14210487822716e-05
9.14202130090963e-05
9.14193772512022e-05
9.14185415085888e-05
9.14177057812557e-05
9.14168700692026e-05
9.14160343724289e-05
9.14151986909344e-05
9.14143630247184e-05
9.14135273737808e-05
9.14126917381209e-05
9.14118561177385e-05
9.1411020512633e-05
9.14101849228041e-05
9.14093493482513e-05
9.14085137889743e-05
9.14076782449726e-05
9.14068427162457e-05
9.14060072027934e-05
9.1405171704615e-05
9.14043362217104e-05
9.14035007540789e-05
9.14026653017202e-05
9.14018298646339e-05
9.14009944428195e-05
9.14001590362767e-05
9.1399323645005e-05
9.1398488269004e-05
9.13976529082733e-05
9.13968175628125e-05
9.13959822326211e-05
9.13951469176987e-05
9.13943116180449e-05
9.13934763336593e-05
9.13926410645415e-05
9.1391805810691e-05
9.13909705721075e-05
9.13901353487904e-05
9.13893001407395e-05
9.13884649479543e-05
9.13876297704343e-05
9.13867946081791e-05
9.13859594611884e-05
9.13851243294616e-05
9.13842892129985e-05
9.13834541117985e-05
9.13826190258613e-05
9.13817839551864e-05
9.13809488997734e-05
9.13801138596219e-05
9.13792788347314e-05
9.13784438251017e-05
9.13776088307321e-05
9.13767738516224e-05
9.13759388877721e-05
9.13751039391807e-05
9.13742690058479e-05
9.13734340877733e-05
9.13725991849564e-05
9.13717642973968e-05
9.13709294250941e-05
9.13700945680479e-05
9.13692597262577e-05
9.13684248997231e-05
9.13675900884438e-05
9.13667552924193e-05
9.13659205116492e-05
9.1365085746133e-05
9.13642509958703e-05
9.13634162608608e-05
9.1362581541104e-05
9.13617468365995e-05
9.13609121473469e-05
9.13600774733457e-05
9.13592428145956e-05
9.1358408171096e-05
9.13575735428467e-05
9.13567389298472e-05
9.1355904332097e-05
9.13550697495958e-05
9.1354235182343e-05
9.13534006303385e-05
9.13525660935816e-05
9.1351731572072e-05
9.13508970658092e-05
9.13500625747929e-05
9.13492280990226e-05
9.13483936384979e-05
9.13475591932184e-05
9.13467247631836e-05
9.13458903483932e-05
9.13450559488468e-05
9.13442215645438e-05
9.1343387195484e-05
9.13425528416668e-05
9.13417185030919e-05
9.13408841797589e-05
9.13400498716672e-05
9.13392155788166e-05
9.13383813012066e-05
9.13375470388367e-05
9.13367127917066e-05
9.13358785598159e-05
9.1335044343164e-05
9.13342101417507e-05
9.13333759555754e-05
9.13325417846379e-05
9.13317076289375e-05
9.1330873488474e-05
9.1330039363247e-05
9.13292052532559e-05
9.13283711585004e-05
9.13275370789801e-05
9.13267030146945e-05
9.13258689656432e-05
9.13250349318259e-05
9.1324200913242e-05
9.13233669098912e-05
9.13225329217731e-05
9.13216989488872e-05
9.13208649912332e-05
9.13200310488106e-05
9.13191971216189e-05
9.13183632096578e-05
9.13175293129269e-05
9.13166954314257e-05
9.13158615651539e-05
9.13150277141109e-05
9.13141938782964e-05
9.131336005771e-05
9.13125262523513e-05
9.13116924622198e-05
9.13108586873151e-05
9.13100249276368e-05
9.13091911831845e-05
9.13083574539578e-05
9.13075237399562e-05
9.13066900411793e-05
9.13058563576268e-05
9.13050226892981e-05
9.1304189036193e-05
9.13033553983109e-05
9.13025217756514e-05
9.13016881682142e-05
9.13008545759988e-05
9.13000209990048e-05
9.12991874372318e-05
9.12983538906794e-05
9.1297520359347e-05
9.12966868432345e-05
9.12958533423412e-05
9.12950198566668e-05
9.12941863862109e-05
9.12933529309731e-05
9.12925194909529e-05
9.129168606615e-05
9.12908526565638e-05
9.12900192621941e-05
9.12891858830403e-05
9.12883525191021e-05
9.1287519170379e-05
9.12866858368707e-05
9.12858525185767e-05
9.12850192154965e-05
9.12841859276299e-05
9.12833526549763e-05
9.12825193975354e-05
9.12816861553067e-05
9.12808529282898e-05
9.12800197164843e-05
9.12791865198897e-05
9.12783533385058e-05
9.1277520172332e-05
9.12766870213679e-05
9.12758538856131e-05
9.12750207650672e-05
9.12741876597298e-05
9.12733545696005e-05
9.12725214946788e-05
9.12716884349644e-05
9.12708553904567e-05
9.12700223611555e-05
9.12691893470602e-05
9.12683563481705e-05
9.1267523364486e-05
9.12666903960062e-05
9.12658574427307e-05
9.12650245046591e-05
9.1264191581791e-05
9.12633586741259e-05
9.12625257816635e-05
9.12616929044034e-05
9.1260860042345e-05
9.12600271954881e-05
9.12591943638322e-05
9.12583615473768e-05
9.12575287461215e-05
9.12566959600661e-05
9.12558631892099e-05
9.12550304335526e-05
9.12541976930939e-05
9.12533649678332e-05
9.12525322577702e-05
9.12516995629044e-05
9.12508668832354e-05
9.12500342187628e-05
9.12492015694863e-05
9.12483689354053e-05
9.12475363165194e-05
9.12467037128284e-05
9.12458711243316e-05
9.12450385510288e-05
9.12442059929195e-05
9.12433734500032e-05
9.12425409222796e-05
9.12417084097483e-05
9.12408759124088e-05
9.12400434302607e-05
9.12392109633036e-05
9.12383785115371e-05
9.12375460749608e-05
9.12367136535742e-05
9.1235881247377e-05
9.12350488563687e-05
9.12342164805489e-05
9.12333841199172e-05
9.12325517744731e-05
9.12317194442164e-05
9.12308871291464e-05
9.12300548292629e-05
9.12292225445655e-05
9.12283902750536e-05
9.12275580207269e-05
9.1226725781585e-05
9.12258935576274e-05
9.12250613488538e-05
9.12242291552636e-05
9.12233969768566e-05
9.12225648136323e-05
9.12217326655903e-05
9.12209005327301e-05
9.12200684150513e-05
9.12192363125536e-05
9.12184042252365e-05
9.12175721530996e-05
9.12167400961424e-05
9.12159080543647e-05
9.12150760277659e-05
9.12142440163456e-05
9.12134120201034e-05
9.1212580039039e-05
9.12117480731518e-05
9.12109161224415e-05
9.12100841869077e-05
9.12092522665499e-05
9.12084203613678e-05
9.12075884713608e-05
9.12067565965287e-05
9.12059247368709e-05
9.12050928923871e-05
9.12042610630769e-05
9.12034292489398e-05
9.12025974499754e-05
9.12017656661833e-05
9.12009338975631e-05
9.12001021441144e-05
9.11992704058368e-05
9.11984386827298e-05
9.1197606974793e-05
9.1196775282026e-05
9.11959436044285e-05
9.11951119419999e-05
9.11942802947399e-05
9.11934486626481e-05
9.1192617045724e-05
9.11917854439672e-05
9.11909538573773e-05
9.1190122285954e-05
9.11892907296967e-05
9.11884591886051e-05
9.11876276626787e-05
9.11867961519172e-05
9.11859646563201e-05
9.1185133175887e-05
9.11843017106175e-05
9.11834702605112e-05
9.11826388255676e-05
9.11818074057864e-05
9.11809760011671e-05
9.11801446117094e-05
9.11793132374127e-05
9.11784818782767e-05
9.1177650534301e-05
9.11768192054852e-05
9.11759878918288e-05
9.11751565933314e-05
9.11743253099927e-05
9.11734940418122e-05
9.11726627887894e-05
9.1171831550924e-05
9.11710003282156e-05
9.11701691206637e-05
9.1169337928268e-05
9.11685067510279e-05
9.11676755889432e-05
9.11668444420133e-05
9.11660133102379e-05
9.11651821936166e-05
9.11643510921489e-05
9.11635200058345e-05
9.11626889346728e-05
9.11618578786636e-05
9.11610268378063e-05
9.11601958121006e-05
9.11593648015461e-05
9.11585338061423e-05
9.11577028258888e-05
9.11568718607852e-05
9.11560409108312e-05
9.11552099760262e-05
9.11543790563699e-05
9.11535481518618e-05
9.11527172625016e-05
9.11518863882888e-05
9.1151055529223e-05
9.11502246853038e-05
9.11493938565308e-05
9.11485630429036e-05
9.11477322444218e-05
9.11469014610848e-05
9.11460706928924e-05
9.11452399398441e-05
9.11444092019396e-05
9.11435784791782e-05
9.11427477715598e-05
9.11419170790838e-05
9.11410864017499e-05
9.11402557395576e-05
9.11394250925065e-05
9.11385944605962e-05
9.11377638438263e-05
9.11369332421964e-05
9.1136102655706e-05
9.11352720843548e-05
9.11344415281423e-05
9.11336109870681e-05
9.11327804611319e-05
9.11319499503331e-05
9.11311194546714e-05
9.11302889741463e-05
9.11294585087575e-05
9.11286280585046e-05
9.1127797623387e-05
9.11269672034045e-05
9.11261367985566e-05
9.11253064088428e-05
9.11244760342628e-05
9.11236456748162e-05
9.11228153305025e-05
9.11219850013213e-05
9.11211546872722e-05
9.11203243883548e-05
9.11194941045687e-05
9.11186638359135e-05
9.11178335823887e-05
9.1117003343994e-05
9.11161731207289e-05
9.11153429125931e-05
9.1114512719586e-05
9.11136825417073e-05
9.11128523789566e-05
9.11120222313334e-05
9.11111920988374e-05
9.11103619814682e-05
9.11095318792252e-05
9.11087017921082e-05
9.11078717201166e-05
9.11070416632502e-05
9.11062116215084e-05
9.11053815948908e-05
9.11045515833971e-05
9.11037215870268e-05
9.11028916057796e-05
9.11020616396549e-05
9.11012316886524e-05
9.11004017527717e-05
9.10995718320124e-05
9.1098741926374e-05
9.10979120358561e-05
9.10970821604584e-05
9.10962523001804e-05
9.10954224550216e-05
9.10945926249818e-05
9.10937628100604e-05
9.10929330102571e-05
9.10921032255714e-05
9.10912734560029e-05
9.10904437015513e-05
9.1089613962216e-05
9.10887842379968e-05
9.10879545288931e-05
9.10871248349046e-05
9.10862951560308e-05
9.10854654922714e-05
9.10846358436259e-05
9.10838062100939e-05
9.1082976591675e-05
9.10821469883688e-05
9.10813174001749e-05
9.10804878270928e-05
9.10796582691222e-05
9.10788287262626e-05
9.10779991985136e-05
9.10771696858748e-05
9.10763401883459e-05
9.10755107059263e-05
9.10746812386157e-05
9.10738517864136e-05
9.10730223493197e-05
9.10721929273335e-05
9.10713635204546e-05
9.10705341286827e-05
9.10697047520172e-05
9.10688753904578e-05
9.10680460440041e-05
9.10672167126556e-05
9.1066387396412e-05
9.10655580952728e-05
9.10647288092376e-05
9.1063899538306e-05
9.10630702824776e-05
9.1062241041752e-05
9.10614118161288e-05
9.10605826056075e-05
9.10597534101878e-05
9.10589242298691e-05
9.10580950646512e-05
9.10572659145336e-05
9.10564367795159e-05
9.10556076595977e-05
9.10547785547786e-05
9.1053949465058e-05
9.10531203904358e-05
9.10522913309113e-05
9.10514622864843e-05
9.10506332571543e-05
9.10498042429209e-05
9.10489752437836e-05
9.10481462597422e-05
9.1047317290796e-05
9.10464883369448e-05
9.10456593981882e-05
9.10448304745257e-05
9.10440015659568e-05
9.10431726724813e-05
9.10423437940986e-05
9.10415149308085e-05
9.10406860826103e-05
9.10398572495038e-05
9.10390284314886e-05
9.10381996285641e-05
9.10373708407301e-05
9.10365420679861e-05
9.10357133103316e-05
9.10348845677664e-05
9.10340558402899e-05
9.10332271279017e-05
9.10323984306015e-05
9.10315697483887e-05
9.10307410812631e-05
9.10299124292242e-05
9.10290837922716e-05
9.10282551704049e-05
9.10274265636236e-05
9.10265979719274e-05
9.10257693953158e-05
9.10249408337885e-05
9.10241122873449e-05
9.10232837559848e-05
9.10224552397076e-05
9.10216267385131e-05
9.10207982524007e-05
9.101996978137e-05
9.10191413254207e-05
9.10183128845524e-05
9.10174844587645e-05
9.10166560480568e-05
9.10158276524288e-05
9.101499927188e-05
9.10141709064101e-05
9.10133425560187e-05
9.10125142207054e-05
9.10116859004696e-05
9.10108575953111e-05
9.10100293052294e-05
9.10092010302242e-05
9.10083727702949e-05
9.10075445254412e-05
9.10067162956626e-05
9.10058880809588e-05
9.10050598813294e-05
9.10042316967739e-05
9.10034035272919e-05
9.10025753728831e-05
9.10017472335469e-05
9.1000919109283e-05
9.1000091000091e-05
9.09992629059705e-05
9.0998434826921e-05
9.09976067629421e-05
9.09967787140335e-05
9.09959506801947e-05
9.09951226614253e-05
9.0994294657725e-05
9.09934666690932e-05
9.09926386955295e-05
9.09918107370337e-05
9.09909827936052e-05
9.09901548652436e-05
9.09893269519485e-05
9.09884990537196e-05
9.09876711705564e-05
9.09868433024585e-05
9.09860154494254e-05
9.09851876114569e-05
9.09843597885524e-05
9.09835319807115e-05
9.09827041879339e-05
9.09818764102191e-05
9.09810486475667e-05
9.09802208999763e-05
9.09793931674476e-05
9.097856544998e-05
9.09777377475732e-05
9.09769100602267e-05
9.09760823879402e-05
9.09752547307133e-05
9.09744270885454e-05
9.09735994614363e-05
9.09727718493855e-05
9.09719442523926e-05
9.09711166704571e-05
9.09702891035788e-05
9.09694615517571e-05
9.09686340149916e-05
9.0967806493282e-05
9.09669789866279e-05
9.09661514950287e-05
9.09653240184842e-05
9.09644965569938e-05
9.09636691105572e-05
9.09628416791741e-05
9.09620142628438e-05
9.09611868615662e-05
9.09603594753406e-05
9.09595321041669e-05
9.09587047480444e-05
9.09578774069728e-05
9.09570500809518e-05
9.09562227699808e-05
9.09553954740595e-05
9.09545681931875e-05
9.09537409273643e-05
9.09529136765896e-05
9.0952086440863e-05
9.09512592201839e-05
9.09504320145521e-05
9.0949604823967e-05
9.09487776484284e-05
9.09479504879357e-05
9.09471233424887e-05
9.09462962120868e-05
9.09454690967296e-05
9.09446419964168e-05
9.09438149111479e-05
9.09429878409225e-05
9.09421607857403e-05
9.09413337456007e-05
9.09405067205034e-05
9.09396797104481e-05
9.09388527154341e-05
9.09380257354613e-05
9.09371987705291e-05
9.09363718206371e-05
9.0935544885785e-05
9.09347179659722e-05
9.09338910611985e-05
9.09330641714634e-05
9.09322372967665e-05
9.09314104371073e-05
9.09305835924855e-05
9.09297567629007e-05
9.09289299483524e-05
9.09281031488402e-05
9.09272763643638e-05
9.09264495949227e-05
9.09256228405165e-05
9.09247961011447e-05
9.09239693768071e-05
9.09231426675032e-05
9.09223159732325e-05
9.09214892939946e-05
9.09206626297892e-05
9.09198359806159e-05
9.09190093464742e-05
9.09181827273636e-05
9.09173561232839e-05
9.09165295342346e-05
9.09157029602153e-05
9.09148764012255e-05
9.09140498572649e-05
9.09132233283331e-05
9.09123968144296e-05
9.09115703155541e-05
9.0910743831706e-05
9.09099173628851e-05
9.09090909090909e-05
9.0908264470323e-05
9.0907438046581e-05
9.09066116378644e-05
9.09057852441729e-05
9.09049588655061e-05
9.09041325018635e-05
9.09033061532448e-05
9.09024798196495e-05
9.09016535010772e-05
9.09008271975275e-05
9.0900000909e-05
9.08991746354943e-05
9.089834837701e-05
9.08975221335466e-05
9.08966959051039e-05
9.08958696916812e-05
9.08950434932783e-05
9.08942173098947e-05
9.08933911415301e-05
9.0892564988184e-05
9.08917388498559e-05
9.08909127265456e-05
9.08900866182525e-05
9.08892605249764e-05
9.08884344467167e-05
9.0887608383473e-05
9.0886782335245e-05
9.08859563020322e-05
9.08851302838343e-05
9.08843042806507e-05
9.08834782924812e-05
9.08826523193253e-05
9.08818263611826e-05
9.08810004180526e-05
9.0880174489935e-05
9.08793485768294e-05
9.08785226787353e-05
9.08776967956524e-05
9.08768709275802e-05
9.08760450745184e-05
9.08752192364664e-05
9.0874393413424e-05
9.08735676053906e-05
9.0872741812366e-05
9.08719160343496e-05
9.08710902713411e-05
9.087026452334e-05
9.0869438790346e-05
9.08686130723587e-05
9.08677873693776e-05
9.08669616814023e-05
9.08661360084324e-05
9.08653103504675e-05
9.08644847075072e-05
9.08636590795511e-05
9.08628334665988e-05
9.08620078686499e-05
9.08611822857039e-05
9.08603567177605e-05
9.08595311648192e-05
9.08587056268796e-05
9.08578801039414e-05
9.08570545960041e-05
9.08562291030673e-05
9.08554036251306e-05
9.08545781621936e-05
9.08537527142559e-05
9.0852927281317e-05
9.08521018633766e-05
9.08512764604343e-05
9.08504510724896e-05
9.08496256995421e-05
9.08488003415915e-05
9.08479749986373e-05
9.08471496706791e-05
9.08463243577165e-05
9.08454990597491e-05
9.08446737767765e-05
9.08438485087982e-05
9.0843023255814e-05
9.08421980178232e-05
9.08413727948257e-05
9.08405475868208e-05
9.08397223938084e-05
9.08388972157878e-05
9.08380720527588e-05
9.08372469047208e-05
9.08364217716736e-05
9.08355966536166e-05
9.08347715505496e-05
9.0833946462472e-05
9.08331213893834e-05
9.08322963312836e-05
9.08314712881719e-05
9.08306462600481e-05
9.08298212469118e-05
9.08289962487625e-05
9.08281712655997e-05
9.08273462974232e-05
9.08265213442325e-05
9.08256964060272e-05
9.08248714828069e-05
9.08240465745711e-05
9.08232216813195e-05
9.08223968030516e-05
9.08215719397671e-05
9.08207470914656e-05
9.08199222581465e-05
9.08190974398096e-05
9.08182726364545e-05
9.08174478480806e-05
9.08166230746876e-05
9.08157983162751e-05
9.08149735728427e-05
9.081414884439e-05
9.08133241309165e-05
9.08124994324219e-05
9.08116747489057e-05
9.08108500803676e-05
9.08100254268071e-05
9.08092007882239e-05
9.08083761646174e-05
9.08075515559874e-05
9.08067269623334e-05
9.08059023836549e-05
9.08050778199517e-05
9.08042532712232e-05
9.08034287374691e-05
9.0802604218689e-05
9.08017797148824e-05
9.0800955226049e-05
9.08001307521883e-05
9.07993062932999e-05
9.07984818493835e-05
9.07976574204386e-05
9.07968330064647e-05
9.07960086074616e-05
9.07951842234288e-05
9.07943598543658e-05
9.07935355002724e-05
9.0792711161148e-05
9.07918868369922e-05
9.07910625278048e-05
9.07902382335851e-05
9.07894139543329e-05
9.07885896900478e-05
9.07877654407292e-05
9.07869412063769e-05
9.07861169869903e-05
9.07852927825692e-05
9.07844685931131e-05
9.07836444186215e-05
9.07828202590942e-05
9.07819961145306e-05
9.07811719849303e-05
9.0780347870293e-05
9.07795237706183e-05
9.07786996859057e-05
9.07778756161548e-05
9.07770515613653e-05
9.07762275215367e-05
9.07754034966685e-05
9.07745794867605e-05
9.07737554918122e-05
9.07729315118232e-05
9.0772107546793e-05
9.07712835967213e-05
9.07704596616077e-05
9.07696357414518e-05
9.07688118362531e-05
9.07679879460112e-05
9.07671640707258e-05
9.07663402103964e-05
9.07655163650226e-05
9.0764692534604e-05
9.07638687191403e-05
9.07630449186309e-05
9.07622211330756e-05
9.07613973624738e-05
9.07605736068252e-05
9.07597498661294e-05
9.07589261403859e-05
9.07581024295944e-05
9.07572787337544e-05
9.07564550528656e-05
9.07556313869276e-05
9.07548077359398e-05
9.0753984099902e-05
9.07531604788137e-05
9.07523368726745e-05
9.0751513281484e-05
9.07506897052418e-05
9.07498661439474e-05
9.07490425976006e-05
9.07482190662008e-05
9.07473955497477e-05
9.07465720482409e-05
9.07457485616799e-05
9.07449250900643e-05
9.07441016333938e-05
9.0743278191668e-05
9.07424547648863e-05
9.07416313530485e-05
9.0740807956154e-05
9.07399845742026e-05
9.07391612071938e-05
9.07383378551272e-05
9.07375145180023e-05
9.07366911958188e-05
9.07358678885764e-05
9.07350445962744e-05
9.07342213189126e-05
9.07333980564906e-05
9.07325748090079e-05
9.07317515764642e-05
9.0730928358859e-05
9.07301051561919e-05
9.07292819684625e-05
9.07284587956704e-05
9.07276356378153e-05
9.07268124948966e-05
9.0725989366914e-05
9.07251662538672e-05
9.07243431557556e-05
9.07235200725788e-05
9.07226970043365e-05
9.07218739510283e-05
9.07210509126538e-05
9.07202278892125e-05
9.0719404880704e-05
9.07185818871279e-05
9.07177589084839e-05
9.07169359447715e-05
9.07161129959903e-05
9.071529006214e-05
9.071446714322e-05
9.071364423923e-05
9.07128213501696e-05
9.07119984760384e-05
9.0711175616836e-05
9.07103527725619e-05
9.07095299432158e-05
9.07087071287973e-05
9.07078843293059e-05
9.07070615447413e-05
9.0706238775103e-05
9.07054160203906e-05
9.07045932806037e-05
9.0703770555742e-05
9.0702947845805e-05
9.07021251507923e-05
9.07013024707035e-05
9.07004798055382e-05
9.0699657155296e-05
9.06988345199764e-05
9.06980118995792e-05
9.06971892941038e-05
9.06963667035499e-05
9.0695544127917e-05
9.06947215672048e-05
9.06938990214128e-05
9.06930764905407e-05
9.0692253974588e-05
9.06914314735544e-05
9.06906089874393e-05
9.06897865162425e-05
9.06889640599635e-05
9.06881416186019e-05
9.06873191921574e-05
9.06864967806294e-05
9.06856743840176e-05
9.06848520023215e-05
9.06840296355409e-05
9.06832072836752e-05
9.06823849467241e-05
9.06815626246871e-05
9.0680740317564e-05
9.06799180253541e-05
9.06790957480572e-05
9.06782734856728e-05
9.06774512382006e-05
9.06766290056401e-05
9.06758067879909e-05
9.06749845852526e-05
9.06741623974249e-05
9.06733402245072e-05
9.06725180664992e-05
9.06716959234006e-05
9.06708737952108e-05
9.06700516819295e-05
9.06692295835562e-05
9.06684075000907e-05
9.06675854315324e-05
9.06667633778809e-05
9.0665941339136e-05
9.0665119315297e-05
9.06642973063637e-05
9.06634753123357e-05
9.06626533332124e-05
9.06618313689937e-05
9.06610094196789e-05
9.06601874852677e-05
9.06593655657598e-05
9.06585436611546e-05
9.06577217714519e-05
9.06568998966511e-05
9.0656078036752e-05
9.0655256191754e-05
9.06544343616568e-05
9.065361254646e-05
9.06527907461631e-05
9.06519689607658e-05
9.06511471902677e-05
9.06503254346683e-05
9.06495036939673e-05
9.06486819681642e-05
9.06478602572586e-05
9.06470385612502e-05
9.06462168801385e-05
9.06453952139231e-05
9.06445735626037e-05
9.06437519261797e-05
9.06429303046509e-05
9.06421086980168e-05
9.06412871062769e-05
9.0640465529431e-05
9.06396439674785e-05
9.06388224204191e-05
9.06380008882524e-05
9.0637179370978e-05
9.06363578685954e-05
9.06355363811043e-05
9.06347149085042e-05
9.06338934507949e-05
9.06330720079757e-05
9.06322505800464e-05
9.06314291670065e-05
9.06306077688557e-05
9.06297863855935e-05
9.06289650172195e-05
9.06281436637333e-05
9.06273223251346e-05
9.06265010014228e-05
9.06256796925977e-05
9.06248583986587e-05
9.06240371196056e-05
9.06232158554378e-05
9.06223946061551e-05
9.06215733717569e-05
9.06207521522429e-05
9.06199309476126e-05
9.06191097578657e-05
9.06182885830018e-05
9.06174674230205e-05
9.06166462779212e-05
9.06158251477038e-05
9.06150040323677e-05
9.06141829319125e-05
9.06133618463379e-05
9.06125407756433e-05
9.06117197198286e-05
9.06108986788931e-05
9.06100776528366e-05
9.06092566416585e-05
9.06084356453586e-05
9.06076146639364e-05
9.06067936973914e-05
9.06059727457234e-05
9.06051518089319e-05
9.06043308870164e-05
9.06035099799766e-05
9.06026890878121e-05
9.06018682105225e-05
9.06010473481074e-05
9.06002265005662e-05
9.05994056678988e-05
9.05985848501046e-05
9.05977640471833e-05
9.05969432591344e-05
9.05961224859576e-05
9.05953017276524e-05
9.05944809842184e-05
9.05936602556553e-05
9.05928395419626e-05
9.05920188431399e-05
9.05911981591869e-05
9.0590377490103e-05
9.0589556835888e-05
9.05887361965413e-05
9.05879155720627e-05
9.05870949624516e-05
9.05862743677078e-05
9.05854537878307e-05
9.05846332228201e-05
9.05838126726754e-05
9.05829921373963e-05
9.05821716169824e-05
9.05813511114332e-05
9.05805306207484e-05
9.05797101449275e-05
9.05788896839703e-05
9.05780692378761e-05
9.05772488066447e-05
9.05764283902757e-05
9.05756079887686e-05
9.05747876021231e-05
9.05739672303387e-05
9.0573146873415e-05
9.05723265313516e-05
9.05715062041482e-05
9.05706858918043e-05
9.05698655943195e-05
9.05690453116934e-05
9.05682250439256e-05
9.05674047910157e-05
9.05665845529633e-05
9.05657643297681e-05
9.05649441214295e-05
9.05641239279472e-05
9.05633037493208e-05
9.05624835855499e-05
9.0561663436634e-05
9.05608433025728e-05
9.05600231833659e-05
9.05592030790129e-05
9.05583829895133e-05
9.05575629148668e-05
9.0556742855073e-05
9.05559228101314e-05
9.05551027800417e-05
9.05542827648034e-05
9.05534627644161e-05
9.05526427788795e-05
9.05518228081931e-05
9.05510028523566e-05
9.05501829113695e-05
9.05493629852314e-05
9.05485430739419e-05
9.05477231775007e-05
9.05469032959073e-05
9.05460834291613e-05
9.05452635772623e-05
9.05444437402099e-05
9.05436239180037e-05
9.05428041106433e-05
9.05419843181283e-05
9.05411645404583e-05
9.05403447776329e-05
9.05395250296517e-05
9.05387052965143e-05
9.05378855782202e-05
9.05370658747691e-05
9.05362461861606e-05
9.05354265123943e-05
9.05346068534697e-05
9.05337872093865e-05
9.05329675801443e-05
9.05321479657426e-05
9.05313283661811e-05
9.05305087814593e-05
9.05296892115769e-05
9.05288696565335e-05
9.05280501163285e-05
9.05272305909618e-05
9.05264110804327e-05
9.0525591584741e-05
9.05247721038862e-05
9.0523952637868e-05
9.05231331866859e-05
9.05223137503395e-05
9.05214943288284e-05
9.05206749221522e-05
9.05198555303106e-05
9.0519036153303e-05
9.05182167911292e-05
9.05173974437887e-05
9.05165781112811e-05
9.0515758793606e-05
9.05149394907629e-05
9.05141202027516e-05
9.05133009295716e-05
9.05124816712225e-05
9.05116624277038e-05
9.05108431990152e-05
9.05100239851564e-05
9.05092047861267e-05
9.0508385601926e-05
9.05075664325538e-05
9.05067472780096e-05
9.05059281382931e-05
9.05051090134038e-05
9.05042899033414e-05
9.05034708081055e-05
9.05026517276956e-05
9.05018326621114e-05
9.05010136113524e-05
9.05001945754183e-05
9.04993755543087e-05
9.04985565480231e-05
9.04977375565611e-05
9.04969185799224e-05
9.04960996181065e-05
9.0495280671113e-05
9.04944617389416e-05
9.04936428215918e-05
9.04928239190632e-05
9.04920050313555e-05
9.04911861584682e-05
9.04903673004009e-05
9.04895484571532e-05
9.04887296287247e-05
9.04879108151151e-05
9.04870920163239e-05
9.04862732323507e-05
9.0485454463195e-05
9.04846357088566e-05
9.0483816969335e-05
9.04829982446298e-05
9.04821795347406e-05
9.0481360839667e-05
9.04805421594086e-05
9.0479723493965e-05
9.04789048433358e-05
9.04780862075205e-05
9.04772675865189e-05
9.04764489803304e-05
9.04756303889547e-05
9.04748118123914e-05
9.04739932506401e-05
9.04731747037004e-05
9.04723561715718e-05
9.0471537654254e-05
9.04707191517465e-05
9.04699006640491e-05
9.04690821911612e-05
9.04682637330824e-05
9.04674452898125e-05
9.04666268613508e-05
9.04658084476972e-05
9.04649900488511e-05
9.04641716648121e-05
9.046335329558e-05
9.04625349411541e-05
9.04617166015342e-05
9.04608982767199e-05
9.04600799667107e-05
9.04592616715062e-05
9.04584433911061e-05
9.045762512551e-05
9.04568068747173e-05
9.04559886387278e-05
9.04551704175411e-05
9.04543522111566e-05
9.04535340195741e-05
9.04527158427932e-05
9.04518976808133e-05
9.04510795336342e-05
9.04502614012554e-05
9.04494432836766e-05
9.04486251808972e-05
9.0447807092917e-05
9.04469890197355e-05
9.04461709613524e-05
9.04453529177671e-05
9.04445348889793e-05
9.04437168749887e-05
9.04428988757948e-05
9.04420808913971e-05
9.04412629217954e-05
9.04404449669892e-05
9.04396270269781e-05
9.04388091017617e-05
9.04379911913397e-05
9.04371732957115e-05
9.04363554148768e-05
9.04355375488352e-05
9.04347196975863e-05
9.04339018611297e-05
9.0433084039465e-05
9.04322662325918e-05
9.04314484405097e-05
9.04306306632182e-05
9.04298129007171e-05
9.04289951530059e-05
9.04281774200841e-05
9.04273597019514e-05
9.04265419986074e-05
9.04257243100517e-05
9.04249066362839e-05
9.04240889773036e-05
9.04232713331103e-05
9.04224537037037e-05
9.04216360890834e-05
9.0420818489249e-05
9.04200009042e-05
9.04191833339361e-05
9.04183657784569e-05
9.0417548237762e-05
9.04167307118509e-05
9.04159132007233e-05
9.04150957043788e-05
9.04142782228169e-05
9.04134607560374e-05
9.04126433040396e-05
9.04118258668234e-05
9.04110084443882e-05
9.04101910367337e-05
9.04093736438594e-05
9.0408556265765e-05
9.04077389024501e-05
9.04069215539142e-05
9.04061042201569e-05
9.0405286901178e-05
9.04044695969769e-05
9.04036523075532e-05
9.04028350329066e-05
9.04020177730367e-05
9.0401200527943e-05
9.04003832976252e-05
9.03995660820828e-05
9.03987488813155e-05
9.03979316953228e-05
9.03971145241044e-05
9.03962973676598e-05
9.03954802259887e-05
9.03946630990906e-05
9.03938459869652e-05
9.0393028889612e-05
9.03922118070307e-05
9.03913947392208e-05
9.0390577686182e-05
9.03897606479138e-05
9.03889436244159e-05
9.03881266156878e-05
9.03873096217291e-05
9.03864926425395e-05
9.03856756781185e-05
9.03848587284658e-05
9.03840417935809e-05
9.03832248734635e-05
9.03824079681131e-05
9.03815910775293e-05
9.03807742017118e-05
9.03799573406601e-05
9.03791404943739e-05
9.03783236628527e-05
9.03775068460961e-05
9.03766900441038e-05
9.03758732568753e-05
9.03750564844103e-05
9.03742397267083e-05
9.03734229837689e-05
9.03726062555918e-05
9.03717895421765e-05
9.03709728435227e-05
9.03701561596298e-05
9.03693394904977e-05
9.03685228361257e-05
9.03677061965136e-05
9.03668895716609e-05
9.03660729615673e-05
9.03652563662323e-05
9.03644397856555e-05
9.03636232198366e-05
9.03628066687751e-05
9.03619901324707e-05
9.03611736109229e-05
9.03603571041313e-05
9.03595406120955e-05
9.03587241348152e-05
9.03579076722899e-05
9.03570912245193e-05
9.03562747915029e-05
9.03554583732403e-05
9.03546419697312e-05
9.03538255809751e-05
9.03530092069716e-05
9.03521928477204e-05
9.0351376503221e-05
9.03505601734731e-05
9.03497438584762e-05
9.03489275582299e-05
9.03481112727338e-05
9.03472950019876e-05
9.03464787459909e-05
9.03456625047432e-05
9.03448462782441e-05
9.03440300664932e-05
9.03432138694902e-05
9.03423976872346e-05
9.03415815197261e-05
9.03407653669642e-05
9.03399492289485e-05
9.03391331056787e-05
9.03383169971543e-05
9.0337500903375e-05
9.03366848243403e-05
9.03358687600499e-05
9.03350527105033e-05
9.03342366757001e-05
9.033342065564e-05
9.03326046503225e-05
9.03317886597472e-05
9.03309726839139e-05
9.03301567228219e-05
9.0329340776471e-05
9.03285248448608e-05
9.03277089279908e-05
9.03268930258606e-05
9.03260771384699e-05
9.03252612658182e-05
9.03244454079052e-05
9.03236295647304e-05
9.03228137362935e-05
9.03219979225941e-05
9.03211821236316e-05
9.03203663394059e-05
9.03195505699164e-05
9.03187348151627e-05
9.03179190751445e-05
9.03171033498614e-05
9.03162876393129e-05
9.03154719434986e-05
9.03146562624183e-05
9.03138405960713e-05
9.03130249444575e-05
9.03122093075763e-05
9.03113936854274e-05
9.03105780780103e-05
9.03097624853247e-05
9.03089469073701e-05
9.03081313441462e-05
9.03073157956526e-05
9.03065002618889e-05
9.03056847428546e-05
9.03048692385493e-05
9.03040537489728e-05
9.03032382741245e-05
9.03024228140041e-05
9.03016073686112e-05
9.03007919379453e-05
9.02999765220061e-05
9.02991611207932e-05
9.02983457343061e-05
9.02975303625446e-05
9.02967150055081e-05
9.02958996631963e-05
9.02950843356088e-05
9.02942690227451e-05
9.0293453724605e-05
9.02926384411879e-05
9.02918231724935e-05
9.02910079185214e-05
9.02901926792712e-05
9.02893774547424e-05
9.02885622449348e-05
9.02877470498479e-05
9.02869318694812e-05
9.02861167038344e-05
9.02853015529072e-05
9.0284486416699e-05
9.02836712952096e-05
9.02828561884384e-05
9.02820410963851e-05
9.02812260190493e-05
9.02804109564307e-05
9.02795959085287e-05
9.02787808753431e-05
9.02779658568733e-05
9.02771508531191e-05
9.02763358640799e-05
9.02755208897555e-05
9.02747059301454e-05
9.02738909852493e-05
9.02730760550666e-05
9.0272261139597e-05
9.02714462388402e-05
9.02706313527957e-05
9.02698164814631e-05
9.0269001624842e-05
9.02681867829321e-05
9.02673719557329e-05
9.0266557143244e-05
9.02657423454651e-05
9.02649275623956e-05
9.02641127940353e-05
9.02632980403838e-05
9.02624833014406e-05
9.02616685772053e-05
9.02608538676776e-05
9.0260039172857e-05
9.02592244927432e-05
9.02584098273357e-05
9.02575951766341e-05
9.02567805406381e-05
9.02559659193473e-05
9.02551513127612e-05
9.02543367208794e-05
9.02535221437017e-05
9.02527075812274e-05
9.02518930334564e-05
9.02510785003881e-05
9.02502639820222e-05
9.02494494783582e-05
9.02486349893958e-05
9.02478205151346e-05
9.02470060555741e-05
9.0246191610714e-05
9.02453771805539e-05
9.02445627650934e-05
9.02437483643321e-05
9.02429339782695e-05
9.02421196069053e-05
9.02413052502391e-05
9.02404909082705e-05
9.02396765809991e-05
9.02388622684245e-05
9.02380479705463e-05
9.02372336873641e-05
9.02364194188775e-05
9.0235605165086e-05
9.02347909259894e-05
9.02339767015872e-05
9.0233162491879e-05
9.02323482968644e-05
9.02315341165431e-05
9.02307199509145e-05
9.02299057999784e-05
9.02290916637342e-05
9.02282775421817e-05
9.02274634353204e-05
9.022664934315e-05
9.022583526567e-05
9.022502120288e-05
9.02242071547796e-05
9.02233931213685e-05
9.02225791026462e-05
9.02217650986124e-05
9.02209511092666e-05
9.02201371346084e-05
9.02193231746375e-05
9.02185092293535e-05
9.02176952987559e-05
9.02168813828444e-05
9.02160674816185e-05
9.02152535950779e-05
9.02144397232221e-05
9.02136258660508e-05
9.02128120235636e-05
9.021199819576e-05
9.02111843826398e-05
9.02103705842024e-05
9.02095568004474e-05
9.02087430313746e-05
9.02079292769834e-05
9.02071155372736e-05
9.02063018122446e-05
9.02054881018961e-05
9.02046744062277e-05
9.0203860725239e-05
9.02030470589296e-05
9.02022334072992e-05
9.02014197703472e-05
9.02006061480733e-05
9.01997925404772e-05
9.01989789475583e-05
9.01981653693164e-05
9.0197351805751e-05
9.01965382568617e-05
9.01957247226481e-05
9.01949112031099e-05
9.01940976982466e-05
9.01932842080579e-05
9.01924707325432e-05
9.01916572717024e-05
9.01908438255348e-05
9.01900303940402e-05
9.01892169772182e-05
9.01884035750683e-05
9.01875901875902e-05
9.01867768147834e-05
9.01859634566476e-05
9.01851501131824e-05
9.01843367843873e-05
9.0183523470262e-05
9.01827101708061e-05
9.01818968860191e-05
9.01810836159007e-05
9.01802703604505e-05
9.01794571196681e-05
9.01786438935531e-05
9.01778306821051e-05
9.01770174853237e-05
9.01762043032085e-05
9.0175391135759e-05
9.0174577982975e-05
9.0173764844856e-05
9.01729517214016e-05
9.01721386126115e-05
9.01713255184851e-05
9.01705124390222e-05
9.01696993742223e-05
9.0168886324085e-05
9.016807328861e-05
9.01672602677968e-05
9.0166447261645e-05
9.01656342701543e-05
9.01648212933242e-05
9.01640083311544e-05
9.01631953836444e-05
9.01623824507939e-05
9.01615695326024e-05
9.01607566290696e-05
9.01599437401951e-05
9.01591308659785e-05
9.01583180064193e-05
9.01575051615172e-05
9.01566923312717e-05
9.01558795156826e-05
9.01550667147494e-05
9.01542539284716e-05
9.0153441156849e-05
9.0152628399881e-05
9.01518156575673e-05
9.01510029299076e-05
9.01501902169014e-05
9.01493775185482e-05
9.01485648348478e-05
9.01477521657997e-05
9.01469395114036e-05
9.0146126871659e-05
9.01453142465655e-05
9.01445016361227e-05
9.01436890403303e-05
9.01428764591878e-05
9.01420638926949e-05
9.01412513408511e-05
9.01404388036561e-05
9.01396262811094e-05
9.01388137732107e-05
9.01380012799596e-05
9.01371888013557e-05
9.01363763373985e-05
9.01355638880877e-05
9.01347514534229e-05
9.01339390334036e-05
9.01331266280296e-05
9.01323142373004e-05
9.01315018612155e-05
9.01306894997747e-05
9.01298771529774e-05
9.01290648208234e-05
9.01282525033122e-05
9.01274402004434e-05
9.01266279122167e-05
9.01258156386315e-05
9.01250033796876e-05
9.01241911353846e-05
9.01233789057219e-05
9.01225666906993e-05
9.01217544903164e-05
9.01209423045727e-05
9.01201301334679e-05
9.01193179770015e-05
9.01185058351732e-05
9.01176937079826e-05
9.01168815954293e-05
9.01160694975128e-05
9.01152574142328e-05
9.01144453455889e-05
9.01136332915807e-05
9.01128212522078e-05
9.01120092274697e-05
9.01111972173662e-05
9.01103852218968e-05
9.01095732410611e-05
9.01087612748588e-05
9.01079493232893e-05
9.01071373863524e-05
9.01063254640476e-05
9.01055135563745e-05
9.01047016633328e-05
9.0103889784922e-05
9.01030779211418e-05
9.01022660719917e-05
9.01014542374714e-05
9.01006424175804e-05
9.00998306123184e-05
9.0099018821685e-05
9.00982070456798e-05
9.00973952843023e-05
9.00965835375523e-05
9.00957718054292e-05
9.00949600879327e-05
9.00941483850624e-05
9.00933366968179e-05
9.00925250231988e-05
9.00917133642048e-05
9.00909017198353e-05
9.00900900900901e-05
9.00892784749687e-05
9.00884668744707e-05
9.00876552885958e-05
9.00868437173435e-05
9.00860321607135e-05
9.00852206187053e-05
9.00844090913186e-05
9.00835975785529e-05
9.00827860804079e-05
9.00819745968832e-05
9.00811631279783e-05
9.00803516736929e-05
9.00795402340267e-05
9.0078728808979e-05
9.00779173985497e-05
9.00771060027384e-05
9.00762946215444e-05
9.00754832549677e-05
9.00746719030076e-05
9.00738605656638e-05
9.0073049242936e-05
9.00722379348237e-05
9.00714266413266e-05
9.00706153624442e-05
9.00698040981761e-05
9.0068992848522e-05
9.00681816134814e-05
9.0067370393054e-05
9.00665591872394e-05
9.00657479960371e-05
9.00649368194468e-05
9.00641256574681e-05
9.00633145101006e-05
9.00625033773439e-05
9.00616922591975e-05
9.00608811556612e-05
9.00600700667345e-05
9.0059258992417e-05
9.00584479327083e-05
9.00576368876081e-05
9.00568258571158e-05
9.00560148412313e-05
9.00552038399539e-05
9.00543928532834e-05
9.00535818812193e-05
9.00527709237613e-05
9.0051959980909e-05
9.00511490526619e-05
9.00503381390197e-05
9.0049527239982e-05
9.00487163555484e-05
9.00479054857184e-05
9.00470946304917e-05
9.0046283789868e-05
9.00454729638467e-05
9.00446621524276e-05
9.00438513556102e-05
9.00430405733941e-05
9.00422298057789e-05
9.00414190527643e-05
9.00406083143498e-05
9.0039797590535e-05
9.00389868813196e-05
9.00381761867032e-05
9.00373655066853e-05
9.00365548412656e-05
9.00357441904436e-05
9.0034933554219e-05
9.00341229325914e-05
9.00333123255605e-05
9.00325017331257e-05
9.00316911552867e-05
9.00308805920431e-05
9.00300700433945e-05
9.00292595093405e-05
9.00284489898808e-05
9.00276384850149e-05
9.00268279947424e-05
9.0026017519063e-05
9.00252070579762e-05
9.00243966114817e-05
9.00235861795791e-05
9.00227757622679e-05
9.00219653595477e-05
9.00211549714183e-05
9.00203445978791e-05
9.00195342389298e-05
9.00187238945701e-05
9.00179135647994e-05
9.00171032496174e-05
9.00162929490238e-05
9.0015482663018e-05
9.00146723915998e-05
9.00138621347688e-05
9.00130518925244e-05
9.00122416648664e-05
9.00114314517944e-05
9.00106212533079e-05
9.00098110694066e-05
9.000900090009e-05
9.00081907453578e-05
9.00073806052096e-05
9.0006570479645e-05
9.00057603686636e-05
9.0004950272265e-05
9.00041401904488e-05
9.00033301232146e-05
9.0002520070562e-05
9.00017100324906e-05
9.00009000090001e-05
9.000009000009e-05
8.999928000576e-05
8.99984700260096e-05
8.99976600608384e-05
8.99968501102461e-05
8.99960401742323e-05
8.99952302527966e-05
8.99944203459386e-05
8.99936104536578e-05
8.99928005759539e-05
8.99919907128266e-05
8.99911808642753e-05
8.99903710302998e-05
8.99895612108995e-05
8.99887514060742e-05
8.99879416158235e-05
8.99871318401469e-05
8.9986322079044e-05
8.99855123325145e-05
8.99847026005579e-05
8.99838928831739e-05
8.99830831803621e-05
8.9982273492122e-05
8.99814638184534e-05
8.99806541593557e-05
8.99798445148287e-05
8.99790348848718e-05
8.99782252694848e-05
8.99774156686672e-05
8.99766060824186e-05
8.99757965107386e-05
8.99749869536269e-05
8.9974177411083e-05
8.99733678831066e-05
8.99725583696972e-05
8.99717488708546e-05
8.99709393865781e-05
8.99701299168676e-05
8.99693204617226e-05
8.99685110211426e-05
8.99677015951273e-05
8.99668921836764e-05
8.99660827867894e-05
8.99652734044659e-05
8.99644640367055e-05
8.99636546835079e-05
8.99628453448726e-05
8.99620360207992e-05
8.99612267112874e-05
8.99604174163368e-05
8.9959608135947e-05
8.99587988701175e-05
8.9957989618848e-05
8.99571803821381e-05
8.99563711599874e-05
8.99555619523955e-05
8.9954752759362e-05
8.99539435808866e-05
8.99531344169688e-05
8.99523252676082e-05
8.99515161328044e-05
8.99507070125571e-05
8.99498979068659e-05
8.99490888157303e-05
8.994827973915e-05
8.99474706771246e-05
8.99466616296536e-05
8.99458525967368e-05
8.99450435783736e-05
8.99442345745638e-05
8.99434255853068e-05
8.99426166106024e-05
8.99418076504502e-05
8.99409987048496e-05
8.99401897738004e-05
8.99393808573022e-05
8.99385719553545e-05
8.9937763067957e-05
8.99369541951092e-05
8.99361453368109e-05
8.99353364930615e-05
8.99345276638607e-05
8.99337188492081e-05
8.99329100491034e-05
8.9932101263546e-05
8.99312924925357e-05
8.9930483736072e-05
8.99296749941546e-05
8.9928866266783e-05
8.99280575539568e-05
8.99272488556758e-05
8.99264401719393e-05
8.99256315027472e-05
8.9924822848099e-05
8.99240142079942e-05
8.99232055824326e-05
8.99223969714137e-05
8.99215883749371e-05
8.99207797930024e-05
8.99199712256092e-05
8.99191626727572e-05
8.99183541344459e-05
8.9917545610675e-05
8.99167371014441e-05
8.99159286067527e-05
8.99151201266005e-05
8.99143116609871e-05
8.99135032099121e-05
8.99126947733751e-05
8.99118863513757e-05
8.99110779439135e-05
8.99102695509881e-05
8.99094611725992e-05
8.99086528087463e-05
8.99078444594291e-05
8.99070361246471e-05
8.99062278044e-05
8.99054194986874e-05
8.99046112075088e-05
8.9903802930864e-05
8.99029946687524e-05
8.99021864211738e-05
8.99013781881276e-05
8.99005699696136e-05
8.98997617656313e-05
8.98989535761804e-05
8.98981454012604e-05
8.98973372408709e-05
8.98965290950116e-05
8.98957209636821e-05
8.9894912846882e-05
8.98941047446108e-05
8.98932966568683e-05
8.98924885836539e-05
8.98916805249674e-05
8.98908724808083e-05
8.98900644511762e-05
8.98892564360708e-05
8.98884484354916e-05
8.98876404494382e-05
8.98868324779103e-05
8.98860245209075e-05
8.98852165784293e-05
8.98844086504755e-05
8.98836007370455e-05
8.98827928381391e-05
8.98819849537557e-05
8.98811770838951e-05
8.98803692285568e-05
8.98795613877404e-05
8.98787535614456e-05
8.98779457496719e-05
8.9877137952419e-05
8.98763301696865e-05
8.9875522401474e-05
8.9874714647781e-05
8.98739069086072e-05
8.98730991839523e-05
8.98722914738157e-05
8.98714837781972e-05
8.98706760970963e-05
8.98698684305126e-05
8.98690607784458e-05
8.98682531408955e-05
8.98674455178612e-05
8.98666379093425e-05
8.98658303153392e-05
8.98650227358508e-05
8.98642151708768e-05
8.9863407620417e-05
8.98626000844708e-05
8.98617925630381e-05
8.98609850561182e-05
8.98601775637109e-05
8.98593700858157e-05
8.98585626224323e-05
8.98577551735603e-05
8.98569477391992e-05
8.98561403193487e-05
8.98553329140084e-05
8.9854525523178e-05
8.98537181468569e-05
8.98529107850449e-05
8.98521034377415e-05
8.98512961049463e-05
8.9850488786659e-05
8.98496814828791e-05
8.98488741936063e-05
8.98480669188402e-05
8.98472596585804e-05
8.98464524128265e-05
8.9845645181578e-05
8.98448379648347e-05
8.98440307625961e-05
8.98432235748619e-05
8.98424164016315e-05
8.98416092429048e-05
8.98408020986811e-05
8.98399949689603e-05
8.98391878537418e-05
8.98383807530253e-05
8.98375736668104e-05
8.98367665950967e-05
8.98359595378838e-05
8.98351524951714e-05
8.98343454669589e-05
8.98335384532461e-05
8.98327314540326e-05
8.98319244693179e-05
8.98311174991017e-05
8.98303105433835e-05
8.98295036021631e-05
8.98286966754399e-05
8.98278897632137e-05
8.98270828654839e-05
8.98262759822503e-05
8.98254691135124e-05
8.98246622592699e-05
8.98238554195223e-05
8.98230485942693e-05
8.98222417835104e-05
8.98214349872454e-05
8.98206282054737e-05
8.9819821438195e-05
8.98190146854089e-05
8.9818207947115e-05
8.9817401223313e-05
8.98165945140024e-05
8.98157878191829e-05
8.9814981138854e-05
8.98141744730153e-05
8.98133678216666e-05
8.98125611848073e-05
8.98117545624371e-05
8.98109479545557e-05
8.98101413611625e-05
8.98093347822573e-05
8.98085282178396e-05
8.9807721667909e-05
8.98069151324652e-05
8.98061086115078e-05
8.98053021050363e-05
8.98044956130504e-05
8.98036891355497e-05
8.98028826725338e-05
8.98020762240023e-05
8.98012697899548e-05
8.9800463370391e-05
8.97996569653104e-05
8.97988505747126e-05
8.97980441985974e-05
8.97972378369641e-05
8.97964314898126e-05
8.97956251571423e-05
8.9794818838953e-05
8.97940125352442e-05
8.97932062460154e-05
8.97923999712664e-05
8.97915937109968e-05
8.97907874652061e-05
8.97899812338939e-05
8.97891750170599e-05
8.97883688147037e-05
8.97875626268249e-05
8.97867564534231e-05
8.97859502944979e-05
8.97851441500489e-05
8.97843380200758e-05
8.97835319045781e-05
8.97827258035554e-05
8.97819197170074e-05
8.97811136449336e-05
8.97803075873338e-05
8.97795015442074e-05
8.97786955155542e-05
8.97778895013736e-05
8.97770835016654e-05
8.97762775164291e-05
8.97754715456643e-05
8.97746655893707e-05
8.97738596475478e-05
8.97730537201953e-05
8.97722478073128e-05
8.97714419088999e-05
8.97706360249562e-05
8.97698301554813e-05
8.97690243004749e-05
8.97682184599364e-05
8.97674126338657e-05
8.97666068222621e-05
8.97658010251255e-05
8.97649952424553e-05
8.97641894742511e-05
8.97633837205127e-05
8.97625779812396e-05
8.97617722564314e-05
8.97609665460878e-05
8.97601608502082e-05
8.97593551687925e-05
8.975854950184e-05
8.97577438493506e-05
8.97569382113237e-05
8.97561325877591e-05
8.97553269786562e-05
8.97545213840147e-05
8.97537158038343e-05
8.97529102381145e-05
8.97521046868549e-05
8.97512991500552e-05
8.9750493627715e-05
8.97496881198338e-05
8.97488826264113e-05
8.97480771474471e-05
8.97472716829408e-05
8.97464662328921e-05
8.97456607973005e-05
8.97448553761656e-05
8.9744049969487e-05
8.97432445772644e-05
8.97424391994974e-05
8.97416338361856e-05
8.97408284873286e-05
8.9740023152926e-05
8.97392178329774e-05
8.97384125274824e-05
8.97376072364407e-05
8.97368019598518e-05
8.97359966977153e-05
8.9735191450031e-05
8.97343862167983e-05
8.97335809980169e-05
8.97327757936864e-05
8.97319706038064e-05
8.97311654283766e-05
8.97303602673965e-05
8.97295551208657e-05
8.97287499887839e-05
8.97279448711507e-05
8.97271397679656e-05
8.97263346792284e-05
8.97255296049385e-05
8.97247245450956e-05
8.97239194996994e-05
8.97231144687494e-05
8.97223094522453e-05
8.97215044501866e-05
8.9720699462573e-05
8.97198944894041e-05
8.97190895306794e-05
8.97182845863987e-05
8.97174796565615e-05
8.97166747411674e-05
8.9715869840216e-05
8.9715064953707e-05
8.971426008164e-05
8.97134552240145e-05
8.97126503808302e-05
8.97118455520867e-05
8.97110407377836e-05
8.97102359379205e-05
8.97094311524971e-05
8.97086263815128e-05
8.97078216249675e-05
8.97070168828606e-05
8.97062121551917e-05
8.97054074419606e-05
8.97046027431667e-05
8.97037980588098e-05
8.97029933888894e-05
8.97021887334051e-05
8.97013840923565e-05
8.97005794657433e-05
8.96997748535651e-05
8.96989702558215e-05
8.9698165672512e-05
8.96973611036363e-05
8.96965565491941e-05
8.96957520091849e-05
8.96949474836083e-05
8.96941429724639e-05
8.96933384757514e-05
8.96925339934704e-05
8.96917295256204e-05
8.96909250722012e-05
8.96901206332123e-05
8.96893162086532e-05
8.96885117985237e-05
8.96877074028234e-05
8.96869030215518e-05
8.96860986547085e-05
8.96852943022932e-05
8.96844899643056e-05
8.96836856407451e-05
8.96828813316114e-05
8.96820770369042e-05
8.9681272756623e-05
8.96804684907674e-05
8.96796642393371e-05
8.96788600023317e-05
8.96780557797507e-05
8.96772515715938e-05
8.96764473778607e-05
8.96756431985508e-05
8.96748390336639e-05
8.96740348831996e-05
8.96732307471574e-05
8.96724266255369e-05
8.96716225183379e-05
8.96708184255598e-05
8.96700143472023e-05
8.9669210283265e-05
8.96684062337476e-05
8.96676021986496e-05
8.96667981779707e-05
8.96659941717104e-05
8.96651901798684e-05
8.96643862024443e-05
8.96635822394376e-05
8.96627782908481e-05
8.96619743566753e-05
8.96611704369189e-05
8.96603665315784e-05
8.96595626406534e-05
8.96587587641437e-05
8.96579549020487e-05
8.96571510543681e-05
8.96563472211015e-05
8.96555434022486e-05
8.96547395978088e-05
8.9653935807782e-05
8.96531320321675e-05
8.96523282709652e-05
8.96515245241745e-05
8.96507207917952e-05
8.96499170738267e-05
8.96491133702688e-05
8.9648309681121e-05
8.96475060063829e-05
8.96467023460542e-05
8.96458987001345e-05
8.96450950686233e-05
8.96442914515204e-05
8.96434878488252e-05
8.96426842605375e-05
8.96418806866568e-05
8.96410771271828e-05
8.9640273582115e-05
8.96394700514531e-05
8.96386665351966e-05
8.96378630333453e-05
8.96370595458987e-05
8.96362560728564e-05
8.9635452614218e-05
8.96346491699832e-05
8.96338457401515e-05
8.96330423247226e-05
8.96322389236961e-05
8.96314355370716e-05
8.96306321648487e-05
8.9629828807027e-05
8.96290254636061e-05
8.96282221345857e-05
8.96274188199654e-05
8.96266155197447e-05
8.96258122339234e-05
8.96250089625009e-05
8.96242057054769e-05
8.96234024628511e-05
8.9622599234623e-05
8.96217960207923e-05
8.96209928213585e-05
8.96201896363213e-05
8.96193864656803e-05
8.96185833094351e-05
8.96177801675852e-05
8.96169770401305e-05
8.96161739270704e-05
8.96153708284045e-05
8.96145677441325e-05
8.9613764674254e-05
8.96129616187685e-05
8.96121585776758e-05
8.96113555509754e-05
8.9610552538667e-05
8.960974954075e-05
8.96089465572243e-05
8.96081435880893e-05
8.96073406333447e-05
8.96065376929901e-05
8.96057347670251e-05
8.96049318554493e-05
8.96041289582624e-05
8.96033260754639e-05
8.96025232070535e-05
8.96017203530308e-05
8.96009175133953e-05
8.96001146881468e-05
8.95993118772848e-05
8.95985090808089e-05
8.95977062987187e-05
8.9596903531014e-05
8.95961007776942e-05
8.95952980387589e-05
8.95944953142079e-05
8.95936926040407e-05
8.95928899082569e-05
8.95920872268561e-05
8.9591284559838e-05
8.95904819072022e-05
8.95896792689482e-05
8.95888766450757e-05
8.95880740355844e-05
8.95872714404737e-05
8.95864688597434e-05
8.95856662933931e-05
8.95848637414222e-05
8.95840612038306e-05
8.95832586806178e-05
8.95824561717833e-05
8.95816536773269e-05
8.95808511972481e-05
8.95800487315465e-05
8.95792462802218e-05
8.95784438432736e-05
8.95776414207014e-05
8.95768390125049e-05
8.95760366186838e-05
8.95752342392375e-05
8.95744318741658e-05
8.95736295234683e-05
8.95728271871445e-05
8.95720248651941e-05
8.95712225576167e-05
8.95704202644119e-05
8.95696179855793e-05
8.95688157211185e-05
8.95680134710292e-05
8.9567211235311e-05
8.95664090139634e-05
8.95656068069861e-05
8.95648046143787e-05
8.95640024361409e-05
8.95632002722721e-05
8.95623981227721e-05
8.95615959876405e-05
8.95607938668768e-05
8.95599917604808e-05
8.95591896684519e-05
8.95583875907898e-05
8.95575855274942e-05
8.95567834785646e-05
8.95559814440006e-05
8.9555179423802e-05
8.95543774179682e-05
8.95535754264989e-05
8.95527734493937e-05
8.95519714866523e-05
8.95511695382742e-05
8.9550367604259e-05
8.95495656846064e-05
8.9548763779316e-05
8.95479618883874e-05
8.95471600118202e-05
8.95463581496141e-05
8.95455563017685e-05
8.95447544682833e-05
8.95439526491578e-05
8.95431508443919e-05
8.95423490539851e-05
8.9541547277937e-05
8.95407455162472e-05
8.95399437689153e-05
8.9539142035941e-05
8.95383403173239e-05
8.95375386130635e-05
8.95367369231596e-05
8.95359352476116e-05
8.95351335864193e-05
8.95343319395822e-05
8.95335303071e-05
8.95327286889722e-05
8.95319270851986e-05
8.95311254957786e-05
8.95303239207119e-05
8.95295223599982e-05
8.9528720813637e-05
8.9527919281628e-05
8.95271177639707e-05
8.95263162606648e-05
8.95255147717099e-05
8.95247132971057e-05
8.95239118368516e-05
8.95231103909474e-05
8.95223089593927e-05
8.9521507542187e-05
8.952070613933e-05
8.95199047508213e-05
8.95191033766606e-05
8.95183020168473e-05
8.95175006713813e-05
8.95166993402619e-05
8.9515898023489e-05
8.9515096721062e-05
8.95142954329806e-05
8.95134941592445e-05
8.95126928998532e-05
8.95118916548063e-05
8.95110904241036e-05
8.95102892077444e-05
8.95094880057286e-05
8.95086868180557e-05
8.95078856447253e-05
8.9507084485737e-05
8.95062833410905e-05
8.95054822107854e-05
8.95046810948213e-05
8.95038799931977e-05
8.95030789059144e-05
8.95022778329708e-05
8.95014767743668e-05
8.95006757301018e-05
8.94998747001754e-05
8.94990736845874e-05
8.94982726833372e-05
8.94974716964246e-05
8.94966707238491e-05
8.94958697656103e-05
8.94950688217079e-05
8.94942678921415e-05
8.94934669769107e-05
8.94926660760151e-05
8.94918651894543e-05
8.94910643172279e-05
8.94902634593356e-05
8.9489462615777e-05
8.94886617865516e-05
8.94878609716592e-05
8.94870601710993e-05
8.94862593848715e-05
8.94854586129754e-05
8.94846578554107e-05
8.9483857112177e-05
8.94830563832738e-05
8.94822556687009e-05
8.94814549684578e-05
8.94806542825441e-05
8.94798536109595e-05
8.94790529537035e-05
8.94782523107759e-05
8.94774516821761e-05
8.94766510679038e-05
8.94758504679587e-05
8.94750498823403e-05
8.94742493110483e-05
8.94734487540822e-05
8.94726482114418e-05
8.94718476831265e-05
8.94710471691361e-05
8.94702466694701e-05
8.94694461841281e-05
8.94686457131098e-05
8.94678452564148e-05
8.94670448140428e-05
8.94662443859932e-05
8.94654439722657e-05
8.946464357286e-05
8.94638431877757e-05
8.94630428170123e-05
8.94622424605695e-05
8.94614421184469e-05
8.94606417906442e-05
8.94598414771609e-05
8.94590411779967e-05
8.94582408931511e-05
8.94574406226238e-05
8.94566403664144e-05
8.94558401245225e-05
8.94550398969478e-05
8.94542396836898e-05
8.94534394847482e-05
8.94526393001225e-05
8.94518391298125e-05
8.94510389738177e-05
8.94502388321377e-05
8.94494387047721e-05
8.94486385917206e-05
8.94478384929828e-05
8.94470384085583e-05
8.94462383384467e-05
8.94454382826476e-05
8.94446382411606e-05
8.94438382139854e-05
8.94430382011216e-05
8.94422382025688e-05
8.94414382183265e-05
8.94406382483945e-05
8.94398382927724e-05
8.94390383514596e-05
8.9438238424456e-05
8.9437438511761e-05
8.94366386133744e-05
8.94358387292956e-05
8.94350388595244e-05
8.94342390040603e-05
8.9433439162903e-05
8.94326393360521e-05
8.94318395235072e-05
8.94310397252678e-05
8.94302399413338e-05
8.94294401717045e-05
8.94286404163798e-05
8.9427840675359e-05
8.94270409486421e-05
8.94262412362284e-05
8.94254415381176e-05
8.94246418543094e-05
8.94238421848033e-05
8.9423042529599e-05
8.94222428886961e-05
8.94214432620942e-05
8.9420643649793e-05
8.9419844051792e-05
8.94190444680908e-05
8.94182448986891e-05
8.94174453435865e-05
8.94166458027826e-05
8.94158462762771e-05
8.94150467640695e-05
8.94142472661594e-05
8.94134477825465e-05
8.94126483132304e-05
8.94118488582107e-05
8.9411049417487e-05
8.9410249991059e-05
8.94094505789262e-05
8.94086511810883e-05
8.94078517975449e-05
8.94070524282955e-05
8.94062530733399e-05
8.94054537326777e-05
8.94046544063084e-05
8.94038550942317e-05
8.94030557964471e-05
8.94022565129544e-05
8.94014572437531e-05
8.94006579888428e-05
8.93998587482232e-05
8.93990595218938e-05
8.93982603098544e-05
8.93974611121044e-05
8.93966619286436e-05
8.93958627594715e-05
8.93950636045877e-05
8.9394264463992e-05
8.93934653376838e-05
8.93926662256628e-05
8.93918671279287e-05
8.9391068044481e-05
8.93902689753193e-05
8.93894699204434e-05
8.93886708798527e-05
8.93878718535469e-05
8.93870728415257e-05
8.93862738437885e-05
8.93854748603352e-05
8.93846758911652e-05
8.93838769362782e-05
8.93830779956739e-05
8.93822790693517e-05
8.93814801573114e-05
8.93806812595526e-05
8.93798823760748e-05
8.93790835068777e-05
8.9378284651961e-05
8.93774858113241e-05
8.93766869849668e-05
8.93758881728887e-05
8.93750893750894e-05
8.93742905915684e-05
8.93734918223255e-05
8.93726930673602e-05
8.93718943266721e-05
8.9371095600261e-05
8.93702968881263e-05
8.93694981902677e-05
8.93686995066848e-05
8.93679008373772e-05
8.93671021823446e-05
8.93663035415866e-05
8.93655049151028e-05
8.93647063028927e-05
8.93639077049561e-05
8.93631091212925e-05
8.93623105519016e-05
8.9361511996783e-05
8.93607134559362e-05
8.9359914929361e-05
8.93591164170569e-05
8.93583179190235e-05
8.93575194352605e-05
8.93567209657674e-05
8.9355922510544e-05
8.93551240695898e-05
8.93543256429044e-05
8.93535272304874e-05
8.93527288323385e-05
8.93519304484573e-05
8.93511320788434e-05
8.93503337234965e-05
8.9349535382416e-05
8.93487370556017e-05
8.93479387430532e-05
8.93471404447701e-05
8.93463421607519e-05
8.93455438909984e-05
8.93447456355092e-05
8.93439473942838e-05
8.93431491673218e-05
8.9342350954623e-05
8.93415527561869e-05
8.93407545720131e-05
8.93399564021013e-05
8.9339158246451e-05
8.93383601050619e-05
8.93375619779336e-05
8.93367638650658e-05
8.93359657664579e-05
8.93351676821097e-05
8.93343696120208e-05
8.93335715561908e-05
8.93327735146193e-05
8.93319754873059e-05
8.93311774742503e-05
8.9330379475452e-05
8.93295814909107e-05
8.9328783520626e-05
8.93279855645975e-05
8.93271876228249e-05
8.93263896953077e-05
8.93255917820456e-05
8.93247938830381e-05
8.9323995998285e-05
8.93231981277858e-05
8.93224002715401e-05
8.93216024295476e-05
8.93208046018078e-05
8.93200067883205e-05
8.93192089890852e-05
8.93184112041015e-05
8.93176134333691e-05
8.93168156768875e-05
8.93160179346564e-05
8.93152202066754e-05
8.93144224929442e-05
8.93136247934622e-05
8.93128271082293e-05
8.93120294372449e-05
8.93112317805087e-05
8.93104341380203e-05
8.93096365097794e-05
8.93088388957855e-05
8.93080412960383e-05
8.93072437105374e-05
8.93064461392823e-05
8.93056485822728e-05
8.93048510395085e-05
8.93040535109889e-05
8.93032559967136e-05
8.93024584966824e-05
8.93016610108948e-05
8.93008635393504e-05
8.93000660820489e-05
8.92992686389899e-05
8.92984712101729e-05
8.92976737955976e-05
8.92968763952637e-05
8.92960790091707e-05
8.92952816373183e-05
8.9294484279706e-05
8.92936869363336e-05
8.92928896072006e-05
8.92920922923066e-05
8.92912949916513e-05
8.92904977052342e-05
8.9289700433055e-05
8.92889031751134e-05
8.92881059314089e-05
8.92873087019411e-05
8.92865114867097e-05
8.92857142857143e-05
8.92849170989545e-05
8.92841199264299e-05
8.92833227681401e-05
8.92825256240849e-05
8.92817284942637e-05
8.92809313786761e-05
8.9280134277322e-05
8.92793371902007e-05
8.9278540117312e-05
8.92777430586555e-05
8.92769460142307e-05
8.92761489840374e-05
8.92753519680751e-05
8.92745549663435e-05
8.92737579788421e-05
8.92729610055706e-05
8.92721640465286e-05
8.92713671017158e-05
8.92705701711317e-05
8.92697732547759e-05
8.92689763526482e-05
8.9268179464748e-05
8.9267382591075e-05
8.92665857316289e-05
8.92657888864093e-05
8.92649920554157e-05
8.92641952386478e-05
8.92633984361053e-05
8.92626016477876e-05
8.92618048736945e-05
8.92610081138256e-05
8.92602113681805e-05
8.92594146367588e-05
8.92586179195601e-05
8.92578212165841e-05
8.92570245278303e-05
8.92562278532985e-05
8.92554311929881e-05
8.92546345468989e-05
8.92538379150304e-05
8.92530412973822e-05
8.92522446939541e-05
8.92514481047455e-05
8.92506515297562e-05
8.92498549689857e-05
8.92490584224336e-05
8.92482618900997e-05
8.92474653719834e-05
8.92466688680845e-05
8.92458723784025e-05
8.92450759029371e-05
8.92442794416878e-05
8.92434829946543e-05
8.92426865618363e-05
8.92418901432332e-05
8.92410937388449e-05
8.92402973486708e-05
8.92395009727106e-05
8.92387046109639e-05
8.92379082634303e-05
8.92371119301095e-05
8.9236315611001e-05
8.92355193061046e-05
8.92347230154198e-05
8.92339267389462e-05
8.92331304766834e-05
8.92323342286311e-05
8.92315379947889e-05
8.92307417751564e-05
8.92299455697332e-05
8.9229149378519e-05
8.92283532015133e-05
8.92275570387158e-05
8.92267608901262e-05
8.92259647557439e-05
8.92251686355687e-05
8.92243725296002e-05
8.92235764378379e-05
8.92227803602816e-05
8.92219842969308e-05
8.92211882477851e-05
8.92203922128442e-05
8.92195961921076e-05
8.92188001855751e-05
8.92180041932462e-05
8.92172082151205e-05
8.92164122511977e-05
8.92156163014774e-05
8.92148203659592e-05
8.92140244446427e-05
8.92132285375275e-05
8.92124326446134e-05
8.92116367658997e-05
8.92108409013863e-05
8.92100450510728e-05
8.92092492149586e-05
8.92084533930435e-05
8.92076575853271e-05
8.9206861791809e-05
8.92060660124889e-05
8.92052702473662e-05
8.92044744964407e-05
8.9203678759712e-05
8.92028830371798e-05
8.92020873288435e-05
8.92012916347029e-05
8.92004959547575e-05
8.9199700289007e-05
8.91989046374511e-05
8.91981090000892e-05
8.91973133769211e-05
8.91965177679463e-05
8.91957221731646e-05
8.91949265925754e-05
8.91941310261785e-05
8.91933354739734e-05
8.91925399359598e-05
8.91917444121372e-05
8.91909489025054e-05
8.91901534070639e-05
8.91893579258123e-05
8.91885624587503e-05
8.91877670058775e-05
8.91869715671935e-05
8.91861761426979e-05
8.91853807323904e-05
8.91845853362705e-05
8.91837899543379e-05
8.91829945865922e-05
8.91821992330331e-05
8.91814038936601e-05
8.91806085684729e-05
8.9179813257471e-05
8.91790179606542e-05
8.9178222678022e-05
8.91774274095741e-05
8.917663215531e-05
8.91758369152294e-05
8.9175041689332e-05
8.91742464776173e-05
8.91734512800849e-05
8.91726560967345e-05
8.91718609275657e-05
8.91710657725781e-05
8.91702706317714e-05
8.91694755051451e-05
8.91686803926989e-05
8.91678852944324e-05
8.91670902103452e-05
8.91662951404369e-05
8.91655000847072e-05
8.91647050431557e-05
8.9163910015782e-05
8.91631150025857e-05
8.91623200035665e-05
8.91615250187239e-05
8.91607300480576e-05
8.91599350915673e-05
8.91591401492524e-05
8.91583452211127e-05
8.91575503071478e-05
8.91567554073572e-05
8.91559605217407e-05
8.91551656502978e-05
8.91543707930281e-05
8.91535759499313e-05
8.91527811210071e-05
8.91519863062549e-05
8.91511915056745e-05
8.91503967192654e-05
8.91496019470273e-05
8.91488071889598e-05
8.91480124450625e-05
8.91472177153351e-05
8.91464229997771e-05
8.91456282983883e-05
8.91448336111681e-05
8.91440389381162e-05
8.91432442792323e-05
8.9142449634516e-05
8.91416550039668e-05
8.91408603875845e-05
8.91400657853685e-05
8.91392711973187e-05
8.91384766234345e-05
8.91376820637156e-05
8.91368875181616e-05
8.91360929867722e-05
8.91352984695469e-05
8.91345039664854e-05
8.91337094775873e-05
8.91329150028523e-05
8.91321205422798e-05
8.91313260958697e-05
8.91305316636214e-05
8.91297372455346e-05
8.91289428416089e-05
8.91281484518441e-05
8.91273540762395e-05
8.9126559714795e-05
8.91257653675101e-05
8.91249710343844e-05
8.91241767154176e-05
8.91233824106092e-05
8.9122588119959e-05
8.91217938434665e-05
8.91209995811313e-05
8.91202053329531e-05
8.91194110989315e-05
8.9118616879066e-05
8.91178226733564e-05
8.91170284818023e-05
8.91162343044032e-05
8.91154401411589e-05
8.91146459920688e-05
8.91138518571327e-05
8.91130577363501e-05
8.91122636297207e-05
8.91114695372441e-05
8.911067545892e-05
8.91098813947479e-05
8.91090873447274e-05
8.91082933088583e-05
8.910749928714e-05
8.91067052795723e-05
8.91059112861547e-05
8.91051173068869e-05
8.91043233417685e-05
8.91035293907992e-05
8.91027354539784e-05
8.9101941531306e-05
8.91011476227814e-05
8.91003537284043e-05
8.90995598481744e-05
8.90987659820911e-05
8.90979721301543e-05
8.90971782923635e-05
8.90963844687183e-05
8.90955906592183e-05
8.90947968638632e-05
8.90940030826525e-05
8.9093209315586e-05
8.90924155626631e-05
8.90916218238837e-05
8.90908280992472e-05
8.90900343887533e-05
8.90892406924016e-05
8.90884470101917e-05
8.90876533421233e-05
8.9086859688196e-05
8.90860660484094e-05
8.90852724227631e-05
8.90844788112567e-05
8.90836852138899e-05
8.90828916306623e-05
8.90820980615735e-05
8.90813045066232e-05
8.90805109658109e-05
8.90797174391363e-05
8.9078923926599e-05
8.90781304281986e-05
8.90773369439347e-05
8.9076543473807e-05
8.90757500178151e-05
8.90749565759587e-05
8.90741631482372e-05
8.90733697346504e-05
8.90725763351979e-05
8.90717829498793e-05
8.90709895786942e-05
8.90701962216423e-05
8.90694028787231e-05
8.90686095499363e-05
8.90678162352815e-05
8.90670229347584e-05
8.90662296483665e-05
8.90654363761055e-05
8.9064643117975e-05
8.90638498739746e-05
8.9063056644104e-05
8.90622634283628e-05
8.90614702267505e-05
8.90606770392669e-05
8.90598838659114e-05
8.90590907066839e-05
8.90582975615838e-05
8.90575044306108e-05
8.90567113137646e-05
8.90559182110447e-05
8.90551251224508e-05
8.90543320479825e-05
8.90535389876394e-05
8.90527459414211e-05
8.90519529093273e-05
8.90511598913576e-05
8.90503668875116e-05
8.90495738977889e-05
8.90487809221892e-05
8.9047987960712e-05
8.90471950133571e-05
8.9046402080124e-05
8.90456091610123e-05
8.90448162560217e-05
8.90440233651517e-05
8.90432304884021e-05
8.90424376257724e-05
8.90416447772623e-05
8.90408519428714e-05
8.90400591225993e-05
8.90392663164456e-05
8.90384735244099e-05
8.90376807464919e-05
8.90368879826912e-05
8.90360952330075e-05
8.90353024974402e-05
8.90345097759892e-05
8.90337170686539e-05
8.9032924375434e-05
8.90321316963292e-05
8.9031339031339e-05
8.90305463804631e-05
8.90297537437011e-05
8.90289611210527e-05
8.90281685125174e-05
8.90273759180948e-05
8.90265833377847e-05
8.90257907715865e-05
8.90249982195e-05
8.90242056815248e-05
8.90234131576605e-05
8.90226206479066e-05
8.90218281522629e-05
8.9021035670729e-05
8.90202432033044e-05
8.90194507499889e-05
8.90186583107819e-05
8.90178658856833e-05
8.90170734746924e-05
8.90162810778091e-05
8.90154886950329e-05
8.90146963263635e-05
8.90139039718004e-05
8.90131116313433e-05
8.90123193049918e-05
8.90115269927456e-05
8.90107346946042e-05
8.90099424105673e-05
8.90091501406345e-05
8.90083578848054e-05
8.90075656430797e-05
8.90067734154569e-05
8.90059812019368e-05
8.90051890025188e-05
8.90043968172028e-05
8.90036046459882e-05
8.90028124888747e-05
8.90020203458618e-05
8.90012282169494e-05
8.90004361021369e-05
8.8999644001424e-05
8.89988519148103e-05
8.89980598422954e-05
8.8997267783879e-05
8.89964757395607e-05
8.89956837093401e-05
8.89948916932168e-05
8.89940996911905e-05
8.89933077032607e-05
8.89925157294272e-05
8.89917237696894e-05
8.89909318240471e-05
8.89901398924999e-05
8.89893479750474e-05
8.89885560716892e-05
8.89877641824249e-05
8.89869723072542e-05
8.89861804461767e-05
8.8985388599192e-05
8.89845967662997e-05
8.89838049474995e-05
8.8983013142791e-05
8.89822213521738e-05
8.89814295756476e-05
8.89806378132119e-05
8.89798460648663e-05
8.89790543306106e-05
8.89782626104443e-05
8.8977470904367e-05
8.89766792123784e-05
8.89758875344782e-05
8.89750958706658e-05
8.8974304220941e-05
8.89735125853033e-05
8.89727209637525e-05
8.89719293562881e-05
8.89711377629097e-05
8.8970346183617e-05
8.89695546184096e-05
8.89687630672871e-05
8.89679715302491e-05
8.89671800072953e-05
8.89663884984253e-05
8.89655970036387e-05
8.89648055229351e-05
8.89640140563142e-05
8.89632226037756e-05
8.89624311653189e-05
8.89616397409437e-05
8.89608483306497e-05
8.89600569344364e-05
8.89592655523036e-05
8.89584741842508e-05
8.89576828302776e-05
8.89568914903838e-05
8.89561001645688e-05
8.89553088528323e-05
8.8954517555174e-05
8.89537262715935e-05
8.89529350020904e-05
8.89521437466643e-05
8.89513525053148e-05
8.89505612780417e-05
8.89497700648444e-05
8.89489788657226e-05
8.8948187680676e-05
8.89473965097042e-05
8.89466053528067e-05
8.89458142099833e-05
8.89450230812335e-05
8.8944231966557e-05
8.89434408659533e-05
8.89426497794222e-05
8.89418587069633e-05
8.89410676485761e-05
8.89402766042602e-05
8.89394855740154e-05
8.89386945578413e-05
8.89379035557374e-05
8.89371125677034e-05
8.89363215937389e-05
8.89355306338435e-05
8.89347396880169e-05
8.89339487562587e-05
8.89331578385685e-05
8.8932366934946e-05
8.89315760453907e-05
8.89307851699023e-05
8.89299943084804e-05
8.89292034611246e-05
8.89284126278346e-05
8.892762180861e-05
8.89268310034504e-05
8.89260402123554e-05
8.89252494353247e-05
8.89244586723578e-05
8.89236679234545e-05
8.89228771886143e-05
8.89220864678369e-05
8.89212957611218e-05
8.89205050684688e-05
8.89197143898774e-05
8.89189237253472e-05
8.8918133074878e-05
8.89173424384692e-05
8.89165518161206e-05
8.89157612078317e-05
8.89149706136022e-05
8.89141800334317e-05
8.89133894673199e-05
8.89125989152663e-05
8.89118083772706e-05
8.89110178533324e-05
8.89102273434513e-05
8.8909436847627e-05
8.89086463658591e-05
8.89078558981472e-05
8.89070654444909e-05
8.89062750048899e-05
8.89054845793437e-05
8.89046941678521e-05
8.89039037704146e-05
8.89031133870308e-05
8.89023230177004e-05
8.89015326624231e-05
8.89007423211984e-05
8.88999519940259e-05
8.88991616809053e-05
8.88983713818363e-05
8.88975810968184e-05
8.88967908258512e-05
8.88960005689344e-05
8.88952103260676e-05
8.88944200972505e-05
8.88936298824826e-05
8.88928396817636e-05
8.88920494950932e-05
8.88912593224708e-05
8.88904691638962e-05
8.88896790193691e-05
8.88888888888889e-05
8.88880987724554e-05
8.88873086700681e-05
8.88865185817267e-05
8.88857285074308e-05
8.88849384471801e-05
8.88841484009742e-05
8.88833583688126e-05
8.88825683506951e-05
8.88817783466212e-05
8.88809883565905e-05
8.88801983806028e-05
8.88794084186576e-05
8.88786184707545e-05
8.88778285368932e-05
8.88770386170733e-05
8.88762487112944e-05
8.88754588195562e-05
8.88746689418582e-05
8.88738790782001e-05
8.88730892285816e-05
8.88722993930022e-05
8.88715095714616e-05
8.88707197639594e-05
8.88699299704952e-05
8.88691401910687e-05
8.88683504256794e-05
8.8867560674327e-05
8.88667709370112e-05
8.88659812137316e-05
8.88651915044877e-05
8.88644018092792e-05
8.88636121281058e-05
8.8862822460967e-05
8.88620328078625e-05
8.88612431687919e-05
8.88604535437549e-05
8.8859663932751e-05
8.88588743357799e-05
8.88580847528412e-05
8.88572951839346e-05
8.88565056290596e-05
8.8855716088216e-05
8.88549265614032e-05
8.8854137048621e-05
8.88533475498689e-05
8.88525580651467e-05
8.88517685944539e-05
8.88509791377901e-05
8.8850189695155e-05
8.88494002665482e-05
8.88486108519693e-05
8.8847821451418e-05
8.88470320648939e-05
8.88462426923965e-05
8.88454533339256e-05
8.88446639894808e-05
8.88438746590616e-05
8.88430853426678e-05
8.88422960402989e-05
8.88415067519545e-05
8.88407174776343e-05
8.8839928217338e-05
8.88391389710651e-05
8.88383497388153e-05
8.88375605205881e-05
8.88367713163833e-05
8.88359821262004e-05
8.88351929500391e-05
8.8834403787899e-05
8.88336146397797e-05
8.88328255056809e-05
8.88320363856021e-05
8.88312472795431e-05
8.88304581875033e-05
8.88296691094826e-05
8.88288800454804e-05
8.88280909954964e-05
8.88273019595303e-05
8.88265129375816e-05
8.882572392965e-05
8.88249349357352e-05
8.88241459558366e-05
8.88233569899541e-05
8.88225680380871e-05
8.88217791002354e-05
8.88209901763985e-05
8.88202012665761e-05
8.88194123707678e-05
8.88186234889732e-05
8.88178346211919e-05
8.88170457674237e-05
8.8816256927668e-05
8.88154681019246e-05
8.88146792901931e-05
8.8813890492473e-05
8.88131017087641e-05
8.88123129390659e-05
8.8811524183378e-05
8.88107354417002e-05
8.8809946714032e-05
8.8809158000373e-05
8.88083693007229e-05
8.88075806150813e-05
8.88067919434478e-05
8.88060032858221e-05
8.88052146422038e-05
8.88044260125925e-05
8.88036373969878e-05
8.88028487953894e-05
8.88020602077968e-05
8.88012716342098e-05
8.88004830746279e-05
8.87996945290508e-05
8.87989059974781e-05
8.87981174799094e-05
8.87973289763444e-05
8.87965404867826e-05
8.87957520112238e-05
8.87949635496675e-05
8.87941751021133e-05
8.87933866685609e-05
8.879259824901e-05
8.879180984346e-05
8.87910214519108e-05
8.87902330743618e-05
8.87894447108128e-05
8.87886563612633e-05
8.8787868025713e-05
8.87870797041614e-05
8.87862913966084e-05
8.87855031030533e-05
8.8784714823496e-05
8.87839265579359e-05
8.87831383063729e-05
8.87823500688063e-05
8.8781561845236e-05
8.87807736356615e-05
8.87799854400824e-05
8.87791972584984e-05
8.87784090909091e-05
8.87776209373141e-05
8.87768327977131e-05
8.87760446721057e-05
8.87752565604915e-05
8.87744684628701e-05
8.87736803792412e-05
8.87728923096043e-05
8.87721042539592e-05
8.87713162123055e-05
8.87705281846427e-05
8.87697401709705e-05
8.87689521712886e-05
8.87681641855965e-05
8.87673762138939e-05
8.87665882561804e-05
8.87658003124556e-05
8.87650123827192e-05
8.87642244669708e-05
8.87634365652101e-05
8.87626486774365e-05
8.87618608036499e-05
8.87610729438497e-05
8.87602850980357e-05
8.87594972662075e-05
8.87587094483646e-05
8.87579216445068e-05
8.87571338546336e-05
8.87563460787446e-05
8.87555583168396e-05
8.87547705689181e-05
8.87539828349797e-05
8.87531951150241e-05
8.8752407409051e-05
8.87516197170598e-05
8.87508320390504e-05
8.87500443750222e-05
8.87492567249749e-05
8.87484690889082e-05
8.87476814668217e-05
8.87468938587149e-05
8.87461062645876e-05
8.87453186844394e-05
8.87445311182698e-05
8.87437435660786e-05
8.87429560278653e-05
8.87421685036296e-05
8.8741380993371e-05
8.87405934970893e-05
8.87398060147841e-05
8.87390185464549e-05
8.87382310921014e-05
8.87374436517233e-05
8.87366562253201e-05
8.87358688128915e-05
8.87350814144372e-05
8.87342940299567e-05
8.87335066594497e-05
8.87327193029158e-05
8.87319319603546e-05
8.87311446317658e-05
8.87303573171489e-05
8.87295700165037e-05
8.87287827298297e-05
8.87279954571266e-05
8.8727208198394e-05
8.87264209536316e-05
8.87256337228389e-05
8.87248465060155e-05
8.87240593031612e-05
8.87232721142756e-05
8.87224849393582e-05
8.87216977784087e-05
8.87209106314267e-05
8.87201234984119e-05
8.87193363793639e-05
8.87185492742823e-05
8.87177621831667e-05
8.87169751060168e-05
8.87161880428322e-05
8.87154009936125e-05
8.87146139583574e-05
8.87138269370664e-05
8.87130399297393e-05
8.87122529363756e-05
8.87114659569749e-05
8.8710678991537e-05
8.87098920400614e-05
8.87091051025477e-05
8.87083181789956e-05
8.87075312694048e-05
8.87067443737747e-05
8.87059574921052e-05
8.87051706243957e-05
8.87043837706459e-05
8.87035969308555e-05
8.87028101050241e-05
8.87020232931513e-05
8.87012364952367e-05
8.870044971128e-05
8.86996629412808e-05
8.86988761852387e-05
8.86980894431534e-05
8.86973027150244e-05
8.86965160008515e-05
8.86957293006342e-05
8.86949426143721e-05
8.8694155942065e-05
8.86933692837123e-05
8.86925826393139e-05
8.86917960088692e-05
8.86910093923779e-05
8.86902227898396e-05
8.86894362012541e-05
8.86886496266208e-05
8.86878630659394e-05
8.86870765192096e-05
8.8686289986431e-05
8.86855034676032e-05
8.86847169627258e-05
8.86839304717985e-05
8.86831439948209e-05
8.86823575317926e-05
8.86815710827133e-05
8.86807846475826e-05
8.86799982264e-05
8.86792118191654e-05
8.86784254258781e-05
8.8677639046538e-05
8.86768526811446e-05
8.86760663296976e-05
8.86752799921966e-05
8.86744936686411e-05
8.8673707359031e-05
8.86729210633657e-05
8.86721347816449e-05
8.86713485138682e-05
8.86705622600353e-05
8.86697760201458e-05
8.86689897941993e-05
8.86682035821954e-05
8.86674173841339e-05
8.86666312000142e-05
8.86658450298361e-05
8.86650588735991e-05
8.86642727313029e-05
8.86634866029472e-05
8.86627004885315e-05
8.86619143880555e-05
8.86611283015188e-05
8.8660342228921e-05
8.86595561702618e-05
8.86587701255408e-05
8.86579840947577e-05
8.86571980779119e-05
8.86564120750033e-05
8.86556260860314e-05
8.86548401109959e-05
8.86540541498963e-05
8.86532682027323e-05
8.86524822695036e-05
8.86516963502097e-05
8.86509104448503e-05
8.8650124553425e-05
8.86493386759335e-05
8.86485528123753e-05
8.86477669627502e-05
8.86469811270577e-05
8.86461953052975e-05
8.86454094974692e-05
8.86446237035724e-05
8.86438379236067e-05
8.86430521575719e-05
8.86422664054675e-05
8.86414806672931e-05
8.86406949430484e-05
8.86399092327329e-05
8.86391235363465e-05
8.86383378538886e-05
8.86375521853589e-05
8.8636766530757e-05
8.86359808900825e-05
8.86351952633352e-05
8.86344096505145e-05
8.86336240516202e-05
8.86328384666519e-05
8.86320528956092e-05
8.86312673384917e-05
8.8630481795299e-05
8.86296962660309e-05
8.86289107506869e-05
8.86281252492666e-05
8.86273397617697e-05
8.86265542881958e-05
8.86257688285446e-05
8.86249833828156e-05
8.86241979510085e-05
8.8623412533123e-05
8.86226271291586e-05
8.8621841739115e-05
8.86210563629918e-05
8.86202710007887e-05
8.86194856525053e-05
8.86187003181411e-05
8.86179149976959e-05
8.86171296911693e-05
8.86163443985609e-05
8.86155591198703e-05
8.86147738550971e-05
8.86139886042411e-05
8.86132033673017e-05
8.86124181442787e-05
8.86116329351717e-05
8.86108477399803e-05
8.86100625587042e-05
8.86092773913429e-05
8.86084922378961e-05
8.86077070983634e-05
8.86069219727445e-05
8.8606136861039e-05
8.86053517632465e-05
8.86045666793667e-05
8.86037816093991e-05
8.86029965533434e-05
8.86022115111993e-05
8.86014264829664e-05
8.86006414686442e-05
8.85998564682325e-05
8.85990714817309e-05
8.85982865091389e-05
8.85975015504563e-05
8.85967166056826e-05
8.85959316748175e-05
8.85951467578606e-05
8.85943618548116e-05
8.859357696567e-05
8.85927920904355e-05
8.85920072291078e-05
8.85912223816864e-05
8.85904375481711e-05
8.85896527285613e-05
8.85888679228568e-05
8.85880831310572e-05
8.85872983531621e-05
8.85865135891712e-05
8.8585728839084e-05
8.85849441029003e-05
8.85841593806196e-05
8.85833746722415e-05
8.85825899777658e-05
8.8581805297192e-05
8.85810206305197e-05
8.85802359777486e-05
8.85794513388784e-05
8.85786667139086e-05
8.85778821028389e-05
8.85770975056689e-05
8.85763129223983e-05
8.85755283530266e-05
8.85747437975536e-05
8.85739592559787e-05
8.85731747283018e-05
8.85723902145223e-05
8.857160571464e-05
8.85708212286544e-05
8.85700367565653e-05
8.85692522983721e-05
8.85684678540746e-05
8.85676834236724e-05
8.85668990071651e-05
8.85661146045523e-05
8.85653302158337e-05
8.85645458410089e-05
8.85637614800776e-05
8.85629771330393e-05
8.85621927998937e-05
8.85614084806405e-05
8.85606241752792e-05
8.85598398838095e-05
8.8559055606231e-05
8.85582713425434e-05
8.85574870927463e-05
8.85567028568392e-05
8.8555918634822e-05
8.85551344266941e-05
8.85543502324552e-05
8.85535660521049e-05
8.85527818856429e-05
8.85519977330689e-05
8.85512135943823e-05
8.85504294695829e-05
8.85496453586703e-05
8.85488612616442e-05
8.85480771785041e-05
8.85472931092496e-05
8.85465090538806e-05
8.85457250123964e-05
8.85449409847968e-05
8.85441569710815e-05
8.854337297125e-05
8.85425889853019e-05
8.8541805013237e-05
8.85410210550548e-05
8.8540237110755e-05
8.85394531803372e-05
8.8538669263801e-05
8.8537885361146e-05
8.8537101472372e-05
8.85363175974785e-05
8.85355337364651e-05
8.85347498893316e-05
8.85339660560774e-05
8.85331822367023e-05
8.85323984312059e-05
8.85316146395878e-05
8.85308308618476e-05
8.85300470979851e-05
8.85292633479997e-05
8.85284796118911e-05
8.85276958896591e-05
8.85269121813031e-05
8.85261284868229e-05
8.8525344806218e-05
8.85245611394882e-05
8.85237774866329e-05
8.85229938476519e-05
8.85222102225448e-05
8.85214266113113e-05
8.85206430139509e-05
8.85198594304632e-05
8.8519075860848e-05
8.85182923051049e-05
8.85175087632334e-05
8.85167252352332e-05
8.8515941721104e-05
8.85151582208453e-05
8.85143747344569e-05
8.85135912619383e-05
8.85128078032891e-05
8.85120243585091e-05
8.85112409275978e-05
8.85104575105549e-05
8.85096741073799e-05
8.85088907180726e-05
8.85081073426326e-05
8.85073239810594e-05
8.85065406333528e-05
8.85057572995123e-05
8.85049739795377e-05
8.85041906734284e-05
8.85034073811842e-05
8.85026241028046e-05
8.85018408382894e-05
8.85010575876382e-05
8.85002743508505e-05
8.8499491127926e-05
8.84987079188644e-05
8.84979247236652e-05
8.84971415423282e-05
8.84963583748529e-05
8.84955752212389e-05
8.8494792081486e-05
8.84940089555937e-05
8.84932258435617e-05
8.84924427453895e-05
8.84916596610769e-05
8.84908765906235e-05
8.84900935340289e-05
8.84893104912927e-05
8.84885274624145e-05
8.8487744447394e-05
8.84869614462309e-05
8.84861784589247e-05
8.84853954854751e-05
8.84846125258817e-05
8.84838295801442e-05
8.84830466482622e-05
8.84822637302353e-05
8.84814808260631e-05
8.84806979357453e-05
8.84799150592815e-05
8.84791321966714e-05
8.84783493479146e-05
8.84775665130106e-05
8.84767836919592e-05
8.847600088476e-05
8.84752180914126e-05
8.84744353119166e-05
8.84736525462717e-05
8.84728697944775e-05
8.84720870565337e-05
8.84713043324398e-05
8.84705216221955e-05
8.84697389258004e-05
8.84689562432542e-05
8.84681735745566e-05
8.8467390919707e-05
8.84666082787052e-05
8.84658256515508e-05
8.84650430382434e-05
8.84642604387827e-05
8.84634778531683e-05
8.84626952813998e-05
8.84619127234769e-05
8.84611301793992e-05
8.84603476491663e-05
8.84595651327778e-05
8.84587826302334e-05
8.84580001415328e-05
8.84572176666755e-05
8.84564352056612e-05
8.84556527584895e-05
8.84548703251601e-05
8.84540879056726e-05
8.84533055000265e-05
8.84525231082217e-05
8.84517407302576e-05
8.84509583661339e-05
8.84501760158503e-05
8.84493936794063e-05
8.84486113568017e-05
8.8447829048036e-05
8.84470467531089e-05
8.844626447202e-05
8.8445482204769e-05
8.84446999513554e-05
8.8443917711779e-05
8.84431354860393e-05
8.84423532741359e-05
8.84415710760686e-05
8.84407888918369e-05
8.84400067214405e-05
8.8439224564879e-05
8.84384424221521e-05
8.84376602932593e-05
8.84368781782003e-05
8.84360960769748e-05
8.84353139895823e-05
8.84345319160226e-05
8.84337498562952e-05
8.84329678103997e-05
8.84321857783359e-05
8.84314037601033e-05
8.84306217557016e-05
8.84298397651303e-05
8.84290577883893e-05
8.8428275825478e-05
8.8427493876396e-05
8.84267119411432e-05
8.8425930019719e-05
8.84251481121231e-05
8.84243662183551e-05
8.84235843384147e-05
8.84228024723016e-05
8.84220206200152e-05
8.84212387815553e-05
8.84204569569216e-05
8.84196751461135e-05
8.84188933491308e-05
8.84181115659732e-05
8.84173297966401e-05
8.84165480411314e-05
8.84157662994465e-05
8.84149845715852e-05
8.8414202857547e-05
8.84134211573317e-05
8.84126394709388e-05
8.84118577983679e-05
8.84110761396188e-05
8.8410294494691e-05
8.84095128635841e-05
8.84087312462979e-05
8.84079496428319e-05
8.84071680531858e-05
8.84063864773591e-05
8.84056049153516e-05
8.84048233671629e-05
8.84040418327926e-05
8.84032603122403e-05
8.84024788055057e-05
8.84016973125884e-05
8.8400915833488e-05
8.84001343682042e-05
8.83993529167367e-05
8.83985714790849e-05
8.83977900552486e-05
8.83970086452275e-05
8.8396227249021e-05
8.83954458666289e-05
8.83946644980509e-05
8.83938831432865e-05
8.83931018023353e-05
8.83923204751971e-05
8.83915391618714e-05
8.83907578623579e-05
8.83899765766562e-05
8.83891953047659e-05
8.83884140466868e-05
8.83876328024183e-05
8.83868515719602e-05
8.8386070355312e-05
8.83852891524735e-05
8.83845079634442e-05
8.83837267882238e-05
8.83829456268118e-05
8.83821644792081e-05
8.83813833454121e-05
8.83806022254236e-05
8.83798211192421e-05
8.83790400268672e-05
8.83782589482987e-05
8.83774778835362e-05
8.83766968325792e-05
8.83759157954274e-05
8.83751347720805e-05
8.83743537625381e-05
8.83735727667998e-05
8.83727917848653e-05
8.83720108167341e-05
8.8371229862406e-05
8.83704489218805e-05
8.83696679951573e-05
8.83688870822361e-05
8.83681061831164e-05
8.83673252977979e-05
8.83665444262802e-05
8.8365763568563e-05
8.83649827246459e-05
8.83642018945285e-05
8.83634210782105e-05
8.83626402756914e-05
8.8361859486971e-05
8.83610787120489e-05
8.83602979509247e-05
8.8359517203598e-05
8.83587364700685e-05
8.83579557503358e-05
8.83571750443995e-05
8.83563943522593e-05
8.83556136739148e-05
8.83548330093656e-05
8.83540523586114e-05
8.83532717216519e-05
8.83524910984865e-05
8.83517104891151e-05
8.83509298935371e-05
8.83501493117523e-05
8.83493687437603e-05
8.83485881895607e-05
8.83478076491532e-05
8.83470271225373e-05
8.83462466097128e-05
8.83454661106792e-05
8.83446856254362e-05
8.83439051539834e-05
8.83431246963205e-05
8.83423442524471e-05
8.83415638223628e-05
8.83407834060672e-05
8.83400030035601e-05
8.8339222614841e-05
8.83384422399095e-05
8.83376618787654e-05
8.83368815314082e-05
8.83361011978375e-05
8.83353208780531e-05
8.83345405720545e-05
8.83337602798414e-05
8.83329800014133e-05
8.833219973677e-05
8.83314194859111e-05
8.83306392488362e-05
8.8329859025545e-05
8.8329078816037e-05
8.8328298620312e-05
8.83275184383695e-05
8.83267382702092e-05
8.83259581158307e-05
8.83251779752336e-05
8.83243978484177e-05
8.83236177353824e-05
8.83228376361276e-05
8.83220575506527e-05
8.83212774789575e-05
8.83204974210415e-05
8.83197173769044e-05
8.83189373465458e-05
8.83181573299655e-05
8.83173773271629e-05
8.83165973381378e-05
8.83158173628897e-05
8.83150374014183e-05
8.83142574537233e-05
8.83134775198043e-05
8.83126975996609e-05
8.83119176932927e-05
8.83111378006994e-05
8.83103579218807e-05
8.8309578056836e-05
8.83087982055652e-05
8.83080183680678e-05
8.83072385443435e-05
8.83064587343918e-05
8.83056789382125e-05
8.83048991558052e-05
8.83041193871694e-05
8.83033396323049e-05
8.83025598912112e-05
8.83017801638881e-05
8.83010004503351e-05
8.83002207505519e-05
8.82994410645381e-05
8.82986613922933e-05
8.82978817338172e-05
8.82971020891094e-05
8.82963224581696e-05
8.82955428409974e-05
8.82947632375924e-05
8.82939836479542e-05
8.82932040720826e-05
8.8292424509977e-05
8.82916449616373e-05
8.82908654270629e-05
8.82900859062536e-05
8.82893063992089e-05
8.82885269059286e-05
8.82877474264122e-05
8.82869679606593e-05
8.82861885086697e-05
8.82854090704429e-05
8.82846296459786e-05
8.82838502352765e-05
8.8283070838336e-05
8.8282291455157e-05
8.8281512085739e-05
8.82807327300817e-05
8.82799533881846e-05
8.82791740600475e-05
8.82783947456699e-05
8.82776154450516e-05
8.82768361581921e-05
8.82760568850911e-05
8.82752776257481e-05
8.8274498380163e-05
8.82737191483352e-05
8.82729399302644e-05
8.82721607259502e-05
8.82713815353924e-05
8.82706023585905e-05
8.82698231955441e-05
8.8269044046253e-05
8.82682649107167e-05
8.82674857889348e-05
8.8266706680907e-05
8.8265927586633e-05
8.82651485061124e-05
8.82643694393447e-05
8.82635903863297e-05
8.8262811347067e-05
8.82620323215562e-05
8.8261253309797e-05
8.8260474311789e-05
8.82596953275317e-05
8.8258916357025e-05
8.82581374002683e-05
8.82573584572614e-05
8.82565795280038e-05
8.82558006124953e-05
8.82550217107353e-05
8.82542428227237e-05
8.825346394846e-05
8.82526850879438e-05
8.82519062411748e-05
8.82511274081526e-05
8.82503485888769e-05
8.82495697833473e-05
8.82487909915634e-05
8.82480122135249e-05
8.82472334492314e-05
8.82464546986825e-05
8.82456759618779e-05
8.82448972388172e-05
8.82441185295e-05
8.8243339833926e-05
8.82425611520949e-05
8.82417824840062e-05
8.82410038296596e-05
8.82402251890547e-05
8.82394465621912e-05
8.82386679490686e-05
8.82378893496868e-05
8.82371107640451e-05
8.82363321921434e-05
8.82355536339813e-05
8.82347750895583e-05
8.82339965588741e-05
8.82332180419284e-05
8.82324395387208e-05
8.82316610492509e-05
8.82308825735184e-05
8.82301041115229e-05
8.8229325663264e-05
8.82285472287413e-05
8.82277688079546e-05
8.82269904009034e-05
8.82262120075874e-05
8.82254336280063e-05
8.82246552621596e-05
8.82238769100469e-05
8.8223098571668e-05
8.82223202470225e-05
8.822154193611e-05
8.82207636389301e-05
8.82199853554824e-05
8.82192070857667e-05
8.82184288297825e-05
8.82176505875296e-05
8.82168723590074e-05
8.82160941442157e-05
8.82153159431541e-05
8.82145377558222e-05
8.82137595822196e-05
8.82129814223461e-05
8.82122032762012e-05
8.82114251437846e-05
8.82106470250959e-05
8.82098689201348e-05
8.82090908289008e-05
8.82083127513937e-05
8.8207534687613e-05
8.82067566375584e-05
8.82059786012296e-05
8.82052005786261e-05
8.82044225697477e-05
8.82036445745938e-05
8.82028665931643e-05
8.82020886254586e-05
8.82013106714766e-05
8.82005327312177e-05
8.81997548046816e-05
8.81989768918681e-05
8.81981989927766e-05
8.81974211074068e-05
8.81966432357584e-05
8.81958653778311e-05
8.81950875336244e-05
8.81943097031379e-05
8.81935318863715e-05
8.81927540833245e-05
8.81919762939968e-05
8.81911985183879e-05
8.81904207564974e-05
8.81896430083251e-05
8.81888652738705e-05
8.81880875531333e-05
8.81873098461132e-05
8.81865321528096e-05
8.81857544732224e-05
8.81849768073511e-05
8.81841991551954e-05
8.81834215167549e-05
8.81826438920292e-05
8.8181866281018e-05
8.81810886837209e-05
8.81803111001376e-05
8.81795335302676e-05
8.81787559741107e-05
8.81779784316665e-05
8.81772009029345e-05
8.81764233879145e-05
8.81756458866061e-05
8.81748683990089e-05
8.81740909251226e-05
8.81733134649467e-05
8.8172536018481e-05
8.8171758585725e-05
8.81709811666784e-05
8.81702037613409e-05
8.8169426369712e-05
8.81686489917915e-05
8.81678716275789e-05
8.81670942770739e-05
8.81663169402761e-05
8.81655396171852e-05
8.81647623078008e-05
8.81639850121225e-05
8.81632077301501e-05
8.8162430461883e-05
8.81616532073209e-05
8.81608759664636e-05
8.81600987393106e-05
8.81593215258615e-05
8.81585443261161e-05
8.81577671400739e-05
8.81569899677345e-05
8.81562128090977e-05
8.81554356641631e-05
8.81546585329302e-05
8.81538814153987e-05
8.81531043115683e-05
8.81523272214386e-05
8.81515501450093e-05
8.81507730822799e-05
8.81499960332502e-05
8.81492189979197e-05
8.81484419762881e-05
8.8147664968355e-05
8.81468879741201e-05
8.8146110993583e-05
8.81453340267433e-05
8.81445570736007e-05
8.81437801341548e-05
8.81430032084053e-05
8.81422262963518e-05
8.81414493979939e-05
8.81406725133313e-05
8.81398956423636e-05
8.81391187850904e-05
8.81383419415114e-05
8.81375651116262e-05
8.81367882954345e-05
8.81360114929359e-05
8.813523470413e-05
8.81344579290165e-05
8.8133681167595e-05
8.81329044198652e-05
8.81321276858266e-05
8.8131350965479e-05
8.81305742588219e-05
8.8129797565855e-05
8.81290208865779e-05
8.81282442209904e-05
8.81274675690919e-05
8.81266909308822e-05
8.81259143063609e-05
8.81251376955277e-05
8.8124361098382e-05
8.81235845149237e-05
8.81228079451524e-05
8.81220313890676e-05
8.8121254846669e-05
8.81204783179563e-05
8.81197018029291e-05
8.8118925301587e-05
8.81181488139297e-05
8.81173723399568e-05
8.8116595879668e-05
8.81158194330628e-05
8.8115043000141e-05
8.81142665809021e-05
8.81134901753458e-05
8.81127137834718e-05
8.81119374052797e-05
8.8111161040769e-05
8.81103846899396e-05
8.81096083527909e-05
8.81088320293226e-05
8.81080557195344e-05
8.8107279423426e-05
8.81065031409968e-05
8.81057268722467e-05
8.81049506171752e-05
8.81041743757819e-05
8.81033981480666e-05
8.81026219340288e-05
8.81018457336681e-05
8.81010695469843e-05
8.81002933739769e-05
8.80995172146457e-05
8.80987410689901e-05
8.809796493701e-05
8.80971888187048e-05
8.80964127140743e-05
8.80956366231181e-05
8.80948605458358e-05
8.8094084482227e-05
8.80933084322915e-05
8.80925323960288e-05
8.80917563734386e-05
8.80909803645205e-05
8.80902043692741e-05
8.80894283876992e-05
8.80886524197953e-05
8.8087876465562e-05
8.80871005249991e-05
8.80863245981061e-05
8.80855486848828e-05
8.80847727853286e-05
8.80839968994433e-05
8.80832210272265e-05
8.80824451686779e-05
8.8081669323797e-05
8.80808934925836e-05
8.80801176750372e-05
8.80793418711575e-05
8.80785660809442e-05
8.80777903043968e-05
8.80770145415151e-05
8.80762387922986e-05
8.8075463056747e-05
8.807468733486e-05
8.80739116266371e-05
8.8073135932078e-05
8.80723602511824e-05
8.80715845839498e-05
8.807080893038e-05
8.80700332904726e-05
8.80692576642272e-05
8.80684820516434e-05
8.80677064527208e-05
8.80669308674593e-05
8.80661552958583e-05
8.80653797379174e-05
8.80646041936364e-05
8.8063828663015e-05
8.80630531460526e-05
8.80622776427489e-05
8.80615021531037e-05
8.80607266771165e-05
8.8059951214787e-05
8.80591757661148e-05
8.80584003310996e-05
8.80576249097409e-05
8.80568495020385e-05
8.8056074107992e-05
8.80552987276009e-05
8.8054523360865e-05
8.80537480077839e-05
8.80529726683573e-05
8.80521973425847e-05
8.80514220304658e-05
8.80506467320002e-05
8.80498714471877e-05
8.80490961760278e-05
8.80483209185201e-05
8.80475456746643e-05
8.80467704444601e-05
8.80459952279071e-05
8.80452200250048e-05
8.80444448357531e-05
8.80436696601514e-05
8.80428944981995e-05
8.8042119349897e-05
8.80413442152435e-05
8.80405690942386e-05
8.80397939868821e-05
8.80390188931735e-05
8.80382438131124e-05
8.80374687466986e-05
8.80366936939316e-05
8.80359186548112e-05
8.80351436293368e-05
8.80343686175083e-05
8.80335936193251e-05
8.8032818634787e-05
8.80320436638937e-05
8.80312687066446e-05
8.80304937630395e-05
8.8029718833078e-05
8.80289439167598e-05
8.80281690140845e-05
8.80273941250517e-05
8.80266192496611e-05
8.80258443879123e-05
8.80250695398049e-05
8.80242947053387e-05
8.80235198845131e-05
8.8022745077328e-05
8.80219702837828e-05
8.80211955038773e-05
8.80204207376111e-05
8.80196459849838e-05
8.80188712459951e-05
8.80180965206446e-05
8.8017321808932e-05
8.80165471108568e-05
8.80157724264188e-05
8.80149977556176e-05
8.80142230984527e-05
8.80134484549239e-05
8.80126738250308e-05
8.8011899208773e-05
8.80111246061502e-05
8.8010350017162e-05
8.80095754418081e-05
8.8008800880088e-05
8.80080263320015e-05
8.80072517975481e-05
8.80064772767276e-05
8.80057027695395e-05
8.80049282759835e-05
8.80041537960592e-05
8.80033793297663e-05
8.80026048771044e-05
8.80018304380731e-05
8.80010560126721e-05
8.80002816009011e-05
8.79995072027597e-05
8.79987328182474e-05
8.7997958447364e-05
8.79971840901091e-05
8.79964097464823e-05
8.79956354164833e-05
8.79948611001118e-05
8.79940867973672e-05
8.79933125082494e-05
8.79925382327579e-05
8.79917639708923e-05
8.79909897226524e-05
8.79902154880377e-05
8.7989441267048e-05
8.79886670596827e-05
8.79878928659416e-05
8.79871186858244e-05
8.79863445193306e-05
8.79855703664599e-05
8.79847962272119e-05
8.79840221015864e-05
8.79832479895828e-05
8.79824738912009e-05
8.79816998064403e-05
8.79809257353006e-05
8.79801516777815e-05
8.79793776338826e-05
8.79786036036036e-05
8.79778295869441e-05
8.79770555839037e-05
8.79762815944821e-05
8.7975507618679e-05
8.79747336564939e-05
8.79739597079265e-05
8.79731857729764e-05
8.79724118516433e-05
8.79716379439269e-05
8.79708640498267e-05
8.79700901693424e-05
8.79693163024737e-05
8.79685424492202e-05
8.79677686095815e-05
8.79669947835572e-05
8.79662209711471e-05
8.79654471723507e-05
8.79646733871677e-05
8.79638996155978e-05
8.79631258576405e-05
8.79623521132955e-05
8.79615783825625e-05
8.79608046654411e-05
8.79600309619309e-05
8.79592572720316e-05
8.79584835957428e-05
8.79577099330642e-05
8.79569362839954e-05
8.7956162648536e-05
8.79553890266857e-05
8.79546154184441e-05
8.79538418238109e-05
8.79530682427857e-05
8.79522946753681e-05
8.79515211215578e-05
8.79507475813544e-05
8.79499740547576e-05
8.79492005417671e-05
8.79484270423824e-05
8.79476535566031e-05
8.7946880084429e-05
8.79461066258597e-05
8.79453331808948e-05
8.79445597495339e-05
8.79437863317767e-05
8.79430129276229e-05
8.79422395370721e-05
8.79414661601238e-05
8.79406927967778e-05
8.79399194470338e-05
8.79391461108913e-05
8.79383727883499e-05
8.79375994794094e-05
8.79368261840694e-05
8.79360529023294e-05
8.79352796341892e-05
8.79345063796484e-05
8.79337331387067e-05
8.79329599113636e-05
8.79321866976188e-05
8.7931413497472e-05
8.79306403109227e-05
8.79298671379708e-05
8.79290939786156e-05
8.79283208328571e-05
8.79275477006946e-05
8.7926774582128e-05
8.79260014771568e-05
8.79252283857807e-05
8.79244553079994e-05
8.79236822438124e-05
8.79229091932194e-05
8.792213615622e-05
8.7921363132814e-05
8.79205901230009e-05
8.79198171267804e-05
8.79190441441521e-05
8.79182711751156e-05
8.79174982196707e-05
8.79167252778169e-05
8.79159523495538e-05
8.79151794348812e-05
8.79144065337987e-05
8.79136336463059e-05
8.79128607724024e-05
8.79120879120879e-05
8.79113150653621e-05
8.79105422322245e-05
8.79097694126748e-05
8.79089966067127e-05
8.79082238143378e-05
8.79074510355498e-05
8.79066782703482e-05
8.79059055187327e-05
8.79051327807031e-05
8.79043600562588e-05
8.79035873453996e-05
8.7902814648125e-05
8.79020419644348e-05
8.79012692943286e-05
8.7900496637806e-05
8.78997239948667e-05
8.78989513655102e-05
8.78981787497363e-05
8.78974061475446e-05
8.78966335589347e-05
8.78958609839063e-05
8.7895088422459e-05
8.78943158745924e-05
8.78935433403062e-05
8.78927708196001e-05
8.78919983124736e-05
8.78912258189265e-05
8.78904533389583e-05
8.78896808725687e-05
8.78889084197574e-05
8.7888135980524e-05
8.78873635548681e-05
8.78865911427893e-05
8.78858187442874e-05
8.78850463593619e-05
8.78842739880126e-05
8.7883501630239e-05
8.78827292860407e-05
8.78819569554175e-05
8.78811846383689e-05
8.78804123348947e-05
8.78796400449944e-05
8.78788677686677e-05
8.78780955059142e-05
8.78773232567336e-05
8.78765510211255e-05
8.78757787990896e-05
8.78750065906255e-05
8.78742343957328e-05
8.78734622144113e-05
8.78726900466604e-05
8.78719178924799e-05
8.78711457518695e-05
8.78703736248287e-05
8.78696015113571e-05
8.78688294114546e-05
8.78680573251206e-05
8.78672852523548e-05
8.7866513193157e-05
8.78657411475266e-05
8.78649691154634e-05
8.78641970969669e-05
8.78634250920369e-05
8.7862653100673e-05
8.78618811228748e-05
8.7861109158642e-05
8.78603372079742e-05
8.7859565270871e-05
8.78587933473322e-05
8.78580214373572e-05
8.78572495409459e-05
8.78564776580977e-05
8.78557057888124e-05
8.78549339330897e-05
8.78541620909291e-05
8.78533902623302e-05
8.78526184472928e-05
8.78518466458165e-05
8.78510748579009e-05
8.78503030835456e-05
8.78495313227504e-05
8.78487595755148e-05
8.78479878418385e-05
8.78472161217211e-05
8.78464444151623e-05
8.78456727221617e-05
8.7844901042719e-05
8.78441293768337e-05
8.78433577245057e-05
8.78425860857344e-05
8.78418144605195e-05
8.78410428488607e-05
8.78402712507576e-05
8.78394996662099e-05
8.78387280952172e-05
8.78379565377791e-05
8.78371849938953e-05
8.78364134635655e-05
8.78356419467892e-05
8.78348704435661e-05
8.78340989538959e-05
8.78333274777782e-05
8.78325560152126e-05
8.78317845661988e-05
8.78310131307365e-05
8.78302417088252e-05
8.78294703004646e-05
8.78286989056544e-05
8.78279275243942e-05
8.78271561566837e-05
8.78263848025224e-05
8.782561346191e-05
8.78248421348463e-05
8.78240708213307e-05
8.7823299521363e-05
8.78225282349428e-05
8.78217569620698e-05
8.78209857027435e-05
8.78202144569637e-05
8.781944322473e-05
8.78186720060419e-05
8.78179008008992e-05
8.78171296093016e-05
8.78163584312486e-05
8.78155872667398e-05
8.78148161157751e-05
8.78140449783538e-05
8.78132738544758e-05
8.78125027441407e-05
8.78117316473481e-05
8.78109605640976e-05
8.78101894943889e-05
8.78094184382217e-05
8.78086473955955e-05
8.78078763665101e-05
8.7807105350965e-05
8.78063343489599e-05
8.78055633604945e-05
8.78047923855684e-05
8.78040214241812e-05
8.78032504763326e-05
8.78024795420223e-05
8.78017086212498e-05
8.78009377140148e-05
8.7800166820317e-05
8.77993959401559e-05
8.77986250735313e-05
8.77978542204428e-05
8.77970833808901e-05
8.77963125548727e-05
8.77955417423903e-05
8.77947709434426e-05
8.77940001580292e-05
8.77932293861497e-05
8.77924586278039e-05
8.77916878829912e-05
8.77909171517115e-05
8.77901464339642e-05
8.77893757297492e-05
8.77886050390659e-05
8.77878343619141e-05
8.77870636982934e-05
8.77862930482034e-05
8.77855224116439e-05
8.77847517886143e-05
8.77839811791144e-05
8.77832105831439e-05
8.77824400007023e-05
8.77816694317892e-05
8.77808988764045e-05
8.77801283345476e-05
8.77793578062183e-05
8.77785872914161e-05
8.77778167901408e-05
8.77770463023919e-05
8.77762758281692e-05
8.77755053674722e-05
8.77747349203005e-05
8.7773964486654e-05
8.77731940665321e-05
8.77724236599345e-05
8.77716532668609e-05
8.7770882887311e-05
8.77701125212842e-05
8.77693421687804e-05
8.77685718297992e-05
8.77678015043401e-05
8.77670311924029e-05
8.77662608939871e-05
8.77654906090925e-05
8.77647203377186e-05
8.77639500798652e-05
8.77631798355318e-05
8.77624096047181e-05
8.77616393874238e-05
8.77608691836484e-05
8.77600989933917e-05
8.77593288166532e-05
8.77585586534327e-05
8.77577885037297e-05
8.77570183675439e-05
8.7756248244875e-05
8.77554781357226e-05
8.77547080400863e-05
8.77539379579659e-05
8.77531678893608e-05
8.77523978342708e-05
8.77516277926955e-05
8.77508577646346e-05
8.77500877500877e-05
8.77493177490545e-05
8.77485477615345e-05
8.77477777875275e-05
8.77470078270331e-05
8.77462378800509e-05
8.77454679465806e-05
8.77446980266217e-05
8.77439281201741e-05
8.77431582272372e-05
8.77423883478108e-05
8.77416184818945e-05
8.77408486294879e-05
8.77400787905907e-05
8.77393089652026e-05
8.77385391533231e-05
8.77377693549519e-05
8.77369995700887e-05
8.77362297987331e-05
8.77354600408847e-05
8.77346902965433e-05
8.77339205657083e-05
8.77331508483796e-05
8.77323811445567e-05
8.77316114542392e-05
8.77308417774269e-05
8.77300721141193e-05
8.77293024643161e-05
8.7728532828017e-05
8.77277632052216e-05
8.77269935959295e-05
8.77262240001404e-05
8.77254544178539e-05
8.77246848490697e-05
8.77239152937874e-05
8.77231457520067e-05
8.77223762237272e-05
8.77216067089485e-05
8.77208372076703e-05
8.77200677198923e-05
8.7719298245614e-05
8.77185287848352e-05
8.77177593375555e-05
8.77169899037745e-05
8.77162204834918e-05
8.77154510767072e-05
8.77146816834202e-05
8.77139123036305e-05
8.77131429373377e-05
8.77123735845416e-05
8.77116042452416e-05
8.77108349194376e-05
8.77100656071291e-05
8.77092963083157e-05
8.77085270229972e-05
8.77077577511731e-05
8.77069884928431e-05
8.77062192480069e-05
8.7705450016664e-05
8.77046807988142e-05
8.77039115944571e-05
8.77031424035923e-05
8.77023732262195e-05
8.77016040623383e-05
8.77008349119484e-05
8.77000657750493e-05
8.76992966516408e-05
8.76985275417226e-05
8.76977584452941e-05
8.76969893623552e-05
8.76962202929054e-05
8.76954512369443e-05
8.76946821944717e-05
8.76939131654872e-05
8.76931441499904e-05
8.76923751479809e-05
8.76916061594584e-05
8.76908371844226e-05
8.76900682228731e-05
8.76892992748095e-05
8.76885303402315e-05
8.76877614191387e-05
8.76869925115308e-05
8.76862236174075e-05
8.76854547367683e-05
8.76846858696129e-05
8.76839170159409e-05
8.76831481757521e-05
8.7682379349046e-05
8.76816105358223e-05
8.76808417360807e-05
8.76800729498207e-05
8.7679304177042e-05
8.76785354177444e-05
8.76777666719273e-05
8.76769979395905e-05
8.76762292207337e-05
8.76754605153564e-05
8.76746918234582e-05
8.7673923145039e-05
8.76731544800982e-05
8.76723858286356e-05
8.76716171906507e-05
8.76708485661433e-05
8.76700799551129e-05
8.76693113575593e-05
8.7668542773482e-05
8.76677742028808e-05
8.76670056457552e-05
8.76662371021049e-05
8.76654685719295e-05
8.76647000552288e-05
8.76639315520022e-05
8.76631630622496e-05
8.76623945859705e-05
8.76616261231646e-05
8.76608576738315e-05
8.76600892379708e-05
8.76593208155823e-05
8.76585524066656e-05
8.76577840112202e-05
8.76570156292459e-05
8.76562472607423e-05
8.7655478905709e-05
8.76547105641457e-05
8.76539422360521e-05
8.76531739214277e-05
8.76524056202723e-05
8.76516373325854e-05
8.76508690583667e-05
8.76501007976159e-05
8.76493325503326e-05
8.76485643165165e-05
8.76477960961672e-05
8.76470278892843e-05
8.76462596958675e-05
8.76454915159164e-05
8.76447233494307e-05
8.76439551964101e-05
8.76431870568541e-05
8.76424189307625e-05
8.76416508181348e-05
8.76408827189707e-05
8.76401146332699e-05
8.7639346561032e-05
8.76385785022567e-05
8.76378104569435e-05
8.76370424250922e-05
8.76362744067024e-05
8.76355064017737e-05
8.76347384103058e-05
8.76339704322984e-05
8.7633202467751e-05
8.76324345166633e-05
8.7631666579035e-05
8.76308986548657e-05
8.76301307441551e-05
8.76293628469027e-05
8.76285949631084e-05
8.76278270927716e-05
8.7627059235892e-05
8.76262913924694e-05
8.76255235625033e-05
8.76247557459934e-05
8.76239879429393e-05
8.76232201533406e-05
8.76224523771971e-05
8.76216846145084e-05
8.76209168652741e-05
8.76201491294938e-05
8.76193814071673e-05
8.76186136982941e-05
8.76178460028739e-05
8.76170783209063e-05
8.76163106523911e-05
8.76155429973277e-05
8.7614775355716e-05
8.76140077275555e-05
8.76132401128459e-05
8.76124725115867e-05
8.76117049237778e-05
8.76109373494187e-05
8.76101697885091e-05
8.76094022410485e-05
8.76086347070367e-05
8.76078671864733e-05
8.7607099679358e-05
8.76063321856904e-05
8.76055647054701e-05
8.76047972386968e-05
8.76040297853701e-05
8.76032623454897e-05
8.76024949190553e-05
8.76017275060664e-05
8.76009601065228e-05
8.7600192720424e-05
8.75994253477697e-05
8.75986579885596e-05
8.75978906427933e-05
8.75971233104705e-05
8.75963559915907e-05
8.75955886861538e-05
8.75948213941592e-05
8.75940541156066e-05
8.75932868504958e-05
8.75925195988263e-05
8.75917523605977e-05
8.75909851358098e-05
8.75902179244622e-05
8.75894507265545e-05
8.75886835420864e-05
8.75879163710574e-05
8.75871492134674e-05
8.75863820693159e-05
8.75856149386025e-05
8.75848478213269e-05
8.75840807174888e-05
8.75833136270878e-05
8.75825465501235e-05
8.75817794865956e-05
8.75810124365038e-05
8.75802453998476e-05
8.75794783766268e-05
8.75787113668409e-05
8.75779443704897e-05
8.75771773875728e-05
8.75764104180898e-05
8.75756434620403e-05
8.75748765194241e-05
8.75741095902407e-05
8.75733426744899e-05
8.75725757721712e-05
8.75718088832843e-05
8.75710420078288e-05
8.75702751458045e-05
8.75695082972109e-05
8.75687414620477e-05
8.75679746403145e-05
8.75672078320111e-05
8.75664410371369e-05
8.75656742556918e-05
8.75649074876752e-05
8.7564140733087e-05
8.75633739919267e-05
8.75626072641939e-05
8.75618405498884e-05
8.75610738490097e-05
8.75603071615575e-05
8.75595404875315e-05
8.75587738269313e-05
8.75580071797566e-05
8.7557240546007e-05
8.75564739256821e-05
8.75557073187816e-05
8.75549407253051e-05
8.75541741452524e-05
8.7553407578623e-05
8.75526410254165e-05
8.75518744856327e-05
8.75511079592712e-05
8.75503414463316e-05
8.75495749468136e-05
8.75488084607169e-05
8.75480419880409e-05
8.75472755287855e-05
8.75465090829503e-05
8.75457426505349e-05
8.7544976231539e-05
8.75442098259621e-05
8.7543443433804e-05
8.75426770550643e-05
8.75419106897427e-05
8.75411443378388e-05
8.75403779993522e-05
8.75396116742826e-05
8.75388453626297e-05
8.7538079064393e-05
8.75373127795723e-05
8.75365465081672e-05
8.75357802501773e-05
8.75350140056022e-05
8.75342477744417e-05
8.75334815566954e-05
8.75327153523629e-05
8.75319491614439e-05
8.7531182983938e-05
8.75304168198449e-05
8.75296506691642e-05
8.75288845318955e-05
8.75281184080386e-05
8.7527352297593e-05
8.75265862005584e-05
8.75258201169345e-05
8.75250540467209e-05
8.75242879899172e-05
8.75235219465231e-05
8.75227559165383e-05
8.75219898999624e-05
8.7521223896795e-05
8.75204579070358e-05
8.75196919306844e-05
8.75189259677405e-05
8.75181600182038e-05
8.75173940820738e-05
8.75166281593503e-05
8.75158622500328e-05
8.75150963541211e-05
8.75143304716147e-05
8.75135646025134e-05
8.75127987468167e-05
8.75120329045244e-05
8.7511267075636e-05
8.75105012601512e-05
8.75097354580697e-05
8.75089696693911e-05
8.75082038941151e-05
8.75074381322412e-05
8.75066723837693e-05
8.75059066486988e-05
8.75051409270295e-05
8.75043752187609e-05
8.75036095238929e-05
8.75028438424249e-05
8.75020781743566e-05
8.75013125196878e-05
8.7500546878418e-05
8.74997812505469e-05
8.74990156360741e-05
8.74982500349993e-05
8.74974844473221e-05
8.74967188730423e-05
8.74959533121593e-05
8.74951877646729e-05
8.74944222305828e-05
8.74936567098885e-05
8.74928912025898e-05
8.74921257086862e-05
8.74913602281775e-05
8.74905947610632e-05
8.7489829307343e-05
8.74890638670166e-05
8.74882984400836e-05
8.74875330265437e-05
8.74867676263965e-05
8.74860022396417e-05
8.74852368662788e-05
8.74844715063076e-05
8.74837061597278e-05
8.74829408265388e-05
8.74821755067405e-05
8.74814102003324e-05
8.74806449073143e-05
8.74798796276856e-05
8.74791143614462e-05
8.74783491085956e-05
8.74775838691335e-05
8.74768186430596e-05
8.74760534303734e-05
8.74752882310747e-05
8.74745230451631e-05
8.74737578726382e-05
8.74729927134997e-05
8.74722275677472e-05
8.74714624353805e-05
8.7470697316399e-05
8.74699322108025e-05
8.74691671185907e-05
8.74684020397631e-05
8.74676369743195e-05
8.74668719222594e-05
8.74661068835826e-05
8.74653418582887e-05
8.74645768463772e-05
8.7463811847848e-05
8.74630468627005e-05
8.74622818909345e-05
8.74615169325497e-05
8.74607519875456e-05
8.74599870559219e-05
8.74592221376783e-05
8.74584572328144e-05
8.74576923413299e-05
8.74569274632244e-05
8.74561625984975e-05
8.7455397747149e-05
8.74546329091784e-05
8.74538680845854e-05
8.74531032733697e-05
8.74523384755308e-05
8.74515736910686e-05
8.74508089199825e-05
8.74500441622723e-05
8.74492794179376e-05
8.7448514686978e-05
8.74477499693933e-05
8.7446985265183e-05
8.74462205743468e-05
8.74454558968843e-05
8.74446912327953e-05
8.74439265820792e-05
8.74431619447359e-05
8.74423973207649e-05
8.7441632710166e-05
8.74408681129386e-05
8.74401035290826e-05
8.74393389585975e-05
8.7438574401483e-05
8.74378098577387e-05
8.74370453273643e-05
8.74362808103595e-05
8.74355163067238e-05
8.7434751816457e-05
8.74339873395586e-05
8.74332228760284e-05
8.7432458425866e-05
8.7431693989071e-05
8.74309295656431e-05
8.7430165155582e-05
8.74294007588872e-05
8.74286363755585e-05
8.74278720055954e-05
8.74271076489977e-05
8.74263433057649e-05
8.74255789758968e-05
8.74248146593929e-05
8.7424050356253e-05
8.74232860664767e-05
8.74225217900636e-05
8.74217575270133e-05
8.74209932773256e-05
8.74202290410001e-05
8.74194648180364e-05
8.74187006084342e-05
8.74179364121931e-05
8.74171722293127e-05
8.74164080597928e-05
8.7415643903633e-05
8.74148797608329e-05
8.74141156313922e-05
8.74133515153104e-05
8.74125874125874e-05
8.74118233232227e-05
8.7411059247216e-05
8.74102951845668e-05
8.7409531135275e-05
8.74087670993401e-05
8.74080030767617e-05
8.74072390675396e-05
8.74064750716733e-05
8.74057110891626e-05
8.7404947120007e-05
8.74041831642062e-05
8.740341922176e-05
8.74026552926678e-05
8.74018913769294e-05
8.74011274745444e-05
8.74003635855125e-05
8.73995997098333e-05
8.73988358475065e-05
8.73980719985317e-05
8.73973081629086e-05
8.73965443406368e-05
8.73957805317159e-05
8.73950167361457e-05
8.73942529539257e-05
8.73934891850557e-05
8.73927254295352e-05
8.7391961687364e-05
8.73911979585416e-05
8.73904342430677e-05
8.73896705409421e-05
8.73889068521642e-05
8.73881431767338e-05
8.73873795146505e-05
8.7386615865914e-05
8.73858522305239e-05
8.73850886084799e-05
8.73843249997815e-05
8.73835614044286e-05
8.73827978224207e-05
8.73820342537574e-05
8.73812706984385e-05
8.73805071564635e-05
8.73797436278322e-05
8.73789801125441e-05
8.7378216610599e-05
8.73774531219964e-05
8.7376689646736e-05
8.73759261848176e-05
8.73751627362406e-05
8.73743993010048e-05
8.73736358791098e-05
8.73728724705553e-05
8.7372109075341e-05
8.73713456934664e-05
8.73705823249312e-05
8.73698189697351e-05
8.73690556278777e-05
8.73682922993587e-05
8.73675289841777e-05
8.73667656823344e-05
8.73660023938285e-05
8.73652391186595e-05
8.73644758568271e-05
8.7363712608331e-05
8.73629493731708e-05
8.73621861513462e-05
8.73614229428569e-05
8.73606597477024e-05
8.73598965658825e-05
8.73591333973967e-05
8.73583702422448e-05
8.73576071004263e-05
8.7356843971941e-05
8.73560808567884e-05
8.73553177549683e-05
8.73545546664803e-05
8.7353791591324e-05
8.73530285294991e-05
8.73522654810052e-05
8.73515024458421e-05
8.73507394240092e-05
8.73499764155064e-05
8.73492134203331e-05
8.73484504384892e-05
8.73476874699742e-05
8.73469245147878e-05
8.73461615729297e-05
8.73453986443994e-05
8.73446357291967e-05
8.73438728273212e-05
8.73431099387725e-05
8.73423470635503e-05
8.73415842016542e-05
8.7340821353084e-05
8.73400585178392e-05
8.73392956959195e-05
8.73385328873246e-05
8.7337770092054e-05
8.73370073101075e-05
8.73362445414847e-05
8.73354817861853e-05
8.73347190442088e-05
8.73339563155551e-05
8.73331936002236e-05
8.73324308982141e-05
8.73316682095261e-05
8.73309055341595e-05
8.73301428721137e-05
8.73293802233886e-05
8.73286175879836e-05
8.73278549658985e-05
8.73270923571329e-05
8.73263297616864e-05
8.73255671795588e-05
8.73248046107497e-05
8.73240420552587e-05
8.73232795130854e-05
8.73225169842296e-05
8.73217544686908e-05
8.73209919664687e-05
8.73202294775631e-05
8.73194670019734e-05
8.73187045396995e-05
8.73179420907408e-05
8.73171796550971e-05
8.73164172327681e-05
8.73156548237534e-05
8.73148924280525e-05
8.73141300456653e-05
8.73133676765913e-05
8.73126053208302e-05
8.73118429783816e-05
8.73110806492452e-05
8.73103183334206e-05
8.73095560309076e-05
8.73087937417057e-05
8.73080314658145e-05
8.73072692032339e-05
8.73065069539633e-05
8.73057447180024e-05
8.7304982495351e-05
8.73042202860086e-05
8.73034580899749e-05
8.73026959072496e-05
8.73019337378323e-05
8.73011715817226e-05
8.73004094389203e-05
8.72996473094249e-05
8.72988851932361e-05
8.72981230903536e-05
8.72973610007769e-05
8.72965989245059e-05
8.72958368615401e-05
8.72950748118791e-05
8.72943127755227e-05
8.72935507524704e-05
8.7292788742722e-05
8.7292026746277e-05
8.72912647631352e-05
8.72905027932961e-05
8.72897408367595e-05
8.72889788935249e-05
8.72882169635921e-05
8.72874550469606e-05
8.72866931436303e-05
8.72859312536005e-05
8.72851693768712e-05
8.72844075134418e-05
8.72836456633121e-05
8.72828838264816e-05
8.72821220029501e-05
8.72813601927172e-05
8.72805983957826e-05
8.72798366121459e-05
8.72790748418067e-05
8.72783130847647e-05
8.72775513410196e-05
8.7276789610571e-05
8.72760278934185e-05
8.72752661895619e-05
8.72745044990007e-05
8.72737428217347e-05
8.72729811577634e-05
8.72722195070865e-05
8.72714578697037e-05
8.72706962456147e-05
8.7269934634819e-05
8.72691730373163e-05
8.72684114531063e-05
8.72676498821887e-05
8.7266888324563e-05
8.7266126780229e-05
8.72653652491863e-05
8.72646037314345e-05
8.72638422269733e-05
8.72630807358023e-05
8.72623192579212e-05
8.72615577933297e-05
8.72607963420274e-05
8.7260034904014e-05
8.7259273479289e-05
8.72585120678522e-05
8.72577506697032e-05
8.72569892848417e-05
8.72562279132673e-05
8.72554665549797e-05
8.72547052099784e-05
8.72539438782633e-05
8.72531825598339e-05
8.72524212546898e-05
8.72516599628308e-05
8.72508986842565e-05
8.72501374189664e-05
8.72493761669604e-05
8.7248614928238e-05
8.72478537027989e-05
8.72470924906427e-05
8.72463312917692e-05
8.72455701061779e-05
8.72448089338684e-05
8.72440477748406e-05
8.72432866290939e-05
8.72425254966281e-05
8.72417643774428e-05
8.72410032715376e-05
8.72402421789123e-05
8.72394810995664e-05
8.72387200334997e-05
8.72379589807117e-05
8.72371979412021e-05
8.72364369149707e-05
8.72356759020169e-05
8.72349149023405e-05
8.72341539159412e-05
8.72333929428185e-05
8.72326319829722e-05
8.72318710364019e-05
8.72311101031072e-05
8.72303491830878e-05
8.72295882763433e-05
8.72288273828735e-05
8.72280665026779e-05
8.72273056357562e-05
8.72265447821081e-05
8.72257839417332e-05
8.72250231146311e-05
8.72242623008016e-05
8.72235015002442e-05
8.72227407129587e-05
8.72219799389446e-05
8.72212191782017e-05
8.72204584307295e-05
8.72196976965278e-05
8.72189369755961e-05
8.72181762679342e-05
8.72174155735417e-05
8.72166548924183e-05
8.72158942245635e-05
8.72151335699771e-05
8.72143729286586e-05
8.72136123006079e-05
8.72128516858244e-05
8.72120910843079e-05
8.72113304960581e-05
8.72105699210744e-05
8.72098093593567e-05
8.72090488109046e-05
8.72082882757177e-05
8.72075277537957e-05
8.72067672451382e-05
8.72060067497449e-05
8.72052462676155e-05
8.72044857987495e-05
8.72037253431467e-05
8.72029649008066e-05
8.7202204471729e-05
8.72014440559136e-05
8.72006836533598e-05
8.71999232640675e-05
8.71991628880363e-05
8.71984025252657e-05
8.71976421757556e-05
8.71968818395054e-05
8.71961215165149e-05
8.71953612067838e-05
8.71946009103116e-05
8.71938406270981e-05
8.71930803571429e-05
8.71923201004456e-05
8.71915598570058e-05
8.71907996268234e-05
8.71900394098978e-05
8.71892792062288e-05
8.7188519015816e-05
8.71877588386591e-05
8.71869986747576e-05
8.71862385241114e-05
8.71854783867199e-05
8.71847182625829e-05
8.71839581517001e-05
8.7183198054071e-05
8.71824379696954e-05
8.71816778985728e-05
8.7180917840703e-05
8.71801577960856e-05
8.71793977647202e-05
8.71786377466066e-05
8.71778777417443e-05
8.71771177501329e-05
8.71763577717723e-05
8.7175597806662e-05
8.71748378548016e-05
8.71740779161908e-05
8.71733179908294e-05
8.71725580787168e-05
8.71717981798529e-05
8.71710382942371e-05
8.71702784218693e-05
8.7169518562749e-05
8.71687587168759e-05
8.71679988842496e-05
8.71672390648699e-05
8.71664792587363e-05
8.71657194658485e-05
8.71649596862061e-05
8.71641999198089e-05
8.71634401666565e-05
8.71626804267485e-05
8.71619207000845e-05
8.71611609866643e-05
8.71604012864875e-05
8.71596415995537e-05
8.71588819258627e-05
8.71581222654139e-05
8.71573626182072e-05
8.71566029842421e-05
8.71558433635183e-05
8.71550837560355e-05
8.71543241617933e-05
8.71535645807913e-05
8.71528050130293e-05
8.71520454585069e-05
8.71512859172237e-05
8.71505263891794e-05
8.71497668743736e-05
8.7149007372806e-05
8.71482478844763e-05
8.7147488409384e-05
8.71467289475289e-05
8.71459694989107e-05
8.71452100635289e-05
8.71444506413832e-05
8.71436912324732e-05
8.71429318367987e-05
8.71421724543593e-05
8.71414130851546e-05
8.71406537291843e-05
8.7139894386448e-05
8.71391350569454e-05
8.71383757406762e-05
8.713761643764e-05
8.71368571478364e-05
8.71360978712651e-05
8.71353386079258e-05
8.71345793578181e-05
8.71338201209417e-05
8.71330608972963e-05
8.71323016868814e-05
8.71315424896967e-05
8.71307833057419e-05
8.71300241350167e-05
8.71292649775207e-05
8.71285058332535e-05
8.71277467022148e-05
8.71269875844043e-05
8.71262284798216e-05
8.71254693884663e-05
8.71247103103382e-05
8.71239512454369e-05
8.7123192193762e-05
8.71224331553132e-05
8.71216741300901e-05
8.71209151180924e-05
8.71201561193198e-05
8.71193971337718e-05
8.71186381614483e-05
8.71178792023487e-05
8.71171202564728e-05
8.71163613238202e-05
8.71156024043906e-05
8.71148434981837e-05
8.7114084605199e-05
8.71133257254362e-05
8.71125668588951e-05
8.71118080055752e-05
8.71110491654761e-05
8.71102903385977e-05
8.71095315249395e-05
8.71087727245011e-05
8.71080139372822e-05
8.71072551632825e-05
8.71064964025017e-05
8.71057376549393e-05
8.71049789205951e-05
8.71042201994687e-05
8.71034614915597e-05
8.71027027968678e-05
8.71019441153927e-05
8.71011854471339e-05
8.71004267920913e-05
8.70996681502644e-05
8.70989095216528e-05
8.70981509062563e-05
8.70973923040744e-05
8.70966337151069e-05
8.70958751393534e-05
8.70951165768135e-05
8.7094358027487e-05
8.70935994913734e-05
8.70928409684724e-05
8.70920824587837e-05
8.70913239623069e-05
8.70905654790417e-05
8.70898070089877e-05
8.70890485521446e-05
8.7088290108512e-05
8.70875316780896e-05
8.70867732608771e-05
8.70860148568741e-05
8.70852564660803e-05
8.70844980884953e-05
8.70837397241187e-05
8.70829813729503e-05
8.70822230349896e-05
8.70814647102364e-05
8.70807063986903e-05
8.70799481003509e-05
8.7079189815218e-05
8.7078431543291e-05
8.70776732845698e-05
8.7076915039054e-05
8.70761568067432e-05
8.7075398587637e-05
8.70746403817352e-05
8.70738821890374e-05
8.70731240095432e-05
8.70723658432523e-05
8.70716076901644e-05
8.70708495502791e-05
8.7070091423596e-05
8.70693333101148e-05
8.70685752098353e-05
8.70678171227569e-05
8.70670590488794e-05
8.70663009882025e-05
8.70655429407258e-05
8.70647849064489e-05
8.70640268853715e-05
8.70632688774933e-05
8.70625108828139e-05
8.70617529013329e-05
8.70609949330501e-05
8.70602369779651e-05
8.70594790360774e-05
8.70587211073869e-05
8.70579631918932e-05
8.70572052895958e-05
8.70564474004945e-05
8.70556895245889e-05
8.70549316618787e-05
8.70541738123634e-05
8.70534159760429e-05
8.70526581529167e-05
8.70519003429845e-05
8.70511425462459e-05
8.70503847627007e-05
8.70496269923483e-05
8.70488692351886e-05
8.70481114912212e-05
8.70473537604457e-05
8.70465960428617e-05
8.7045838338469e-05
8.70450806472672e-05
8.70443229692559e-05
8.70435653044349e-05
8.70428076528036e-05
8.70420500143619e-05
8.70412923891094e-05
8.70405347770457e-05
8.70397771781704e-05
8.70390195924833e-05
8.7038262019984e-05
8.70375044606721e-05
8.70367469145473e-05
8.70359893816093e-05
8.70352318618577e-05
8.70344743552921e-05
8.70337168619123e-05
8.70329593817179e-05
8.70322019147084e-05
8.70314444608837e-05
8.70306870202433e-05
8.7029929592787e-05
8.70291721785142e-05
8.70284147774248e-05
8.70276573895184e-05
8.70269000147946e-05
8.7026142653253e-05
8.70253853048934e-05
8.70246279697154e-05
8.70238706477187e-05
8.70231133389028e-05
8.70223560432675e-05
8.70215987608124e-05
8.70208414915372e-05
8.70200842354415e-05
8.7019326992525e-05
8.70185697627874e-05
8.70178125462282e-05
8.70170553428472e-05
8.7016298152644e-05
8.70155409756182e-05
8.70147838117696e-05
8.70140266610978e-05
8.70132695236023e-05
8.7012512399283e-05
8.70117552881394e-05
8.70109981901712e-05
8.70102411053781e-05
8.70094840337597e-05
8.70087269753156e-05
8.70079699300456e-05
8.70072128979492e-05
8.70064558790262e-05
8.70056988732762e-05
8.70049418806988e-05
8.70041849012937e-05
8.70034279350606e-05
8.70026709819991e-05
8.70019140421089e-05
8.70011571153896e-05
8.70004002018409e-05
8.69996433014625e-05
8.69988864142539e-05
8.69981295402149e-05
8.69973726793451e-05
8.69966158316441e-05
8.69958589971117e-05
8.69951021757475e-05
8.69943453675511e-05
8.69935885725222e-05
8.69928317906604e-05
8.69920750219655e-05
8.6991318266437e-05
8.69905615240746e-05
8.6989804794878e-05
8.69890480788469e-05
8.69882913759808e-05
8.69875346862794e-05
8.69867780097425e-05
8.69860213463696e-05
8.69852646961605e-05
8.69845080591147e-05
8.69837514352319e-05
8.69829948245118e-05
8.69822382269541e-05
8.69814816425583e-05
8.69807250713242e-05
8.69799685132514e-05
8.69792119683396e-05
8.69784554365884e-05
8.69776989179974e-05
8.69769424125664e-05
8.6976185920295e-05
8.69754294411829e-05
8.69746729752296e-05
8.69739165224349e-05
8.69731600827985e-05
8.69724036563199e-05
8.69716472429988e-05
8.69708908428349e-05
8.69701344558279e-05
8.69693780819773e-05
8.6968621721283e-05
8.69678653737444e-05
8.69671090393613e-05
8.69663527181334e-05
8.69655964100602e-05
8.69648401151415e-05
8.69640838333768e-05
8.69633275647659e-05
8.69625713093085e-05
8.69618150670041e-05
8.69610588378524e-05
8.69603026218531e-05
8.69595464190059e-05
8.69587902293103e-05
8.69580340527661e-05
8.69572778893729e-05
8.69565217391304e-05
8.69557656020382e-05
8.6955009478096e-05
8.69542533673035e-05
8.69534972696602e-05
8.69527411851659e-05
8.69519851138201e-05
8.69512290556227e-05
8.69504730105732e-05
8.69497169786712e-05
8.69489609599165e-05
8.69482049543087e-05
8.69474489618475e-05
8.69466929825324e-05
8.69459370163632e-05
8.69451810633396e-05
8.69444251234611e-05
8.69436691967274e-05
8.69429132831383e-05
8.69421573826933e-05
8.69414014953921e-05
8.69406456212344e-05
8.69398897602198e-05
8.6939133912348e-05
8.69383780776186e-05
8.69376222560313e-05
8.69368664475858e-05
8.69361106522816e-05
8.69353548701186e-05
8.69345991010963e-05
8.69338433452143e-05
8.69330876024724e-05
8.69323318728702e-05
8.69315761564073e-05
8.69308204530834e-05
8.69300647628982e-05
8.69293090858514e-05
8.69285534219425e-05
8.69277977711713e-05
8.69270421335373e-05
8.69262865090403e-05
8.692553089768e-05
8.69247752994559e-05
8.69240197143677e-05
8.69232641424151e-05
8.69225085835977e-05
8.69217530379153e-05
8.69209975053674e-05
8.69202419859537e-05
8.69194864796739e-05
8.69187309865276e-05
8.69179755065145e-05
8.69172200396343e-05
8.69164645858865e-05
8.69157091452709e-05
8.69149537177871e-05
8.69141983034348e-05
8.69134429022137e-05
8.69126875141233e-05
8.69119321391634e-05
8.69111767773336e-05
8.69104214286335e-05
8.69096660930629e-05
8.69089107706213e-05
8.69081554613085e-05
8.69074001651241e-05
8.69066448820677e-05
8.6905889612139e-05
8.69051343553377e-05
8.69043791116634e-05
8.69036238811158e-05
8.69028686636946e-05
8.69021134593993e-05
8.69013582682297e-05
8.69006030901854e-05
8.68998479252661e-05
8.68990927734715e-05
8.68983376348011e-05
8.68975825092546e-05
8.68968273968317e-05
8.68960722975322e-05
8.68953172113555e-05
8.68945621383014e-05
8.68938070783695e-05
8.68930520315596e-05
8.68922969978711e-05
8.68915419773039e-05
8.68907869698576e-05
8.68900319755318e-05
8.68892769943261e-05
8.68885220262403e-05
8.6887767071274e-05
8.68870121294269e-05
8.68862572006986e-05
8.68855022850887e-05
8.6884747382597e-05
8.68839924932231e-05
8.68832376169666e-05
8.68824827538272e-05
8.68817279038046e-05
8.68809730668983e-05
8.68802182431082e-05
8.68794634324338e-05
8.68787086348749e-05
8.68779538504309e-05
8.68771990791017e-05
8.68764443208868e-05
8.6875689575786e-05
8.68749348437989e-05
8.68741801249251e-05
8.68734254191643e-05
8.68726707265161e-05
8.68719160469803e-05
8.68711613805565e-05
8.68704067272443e-05
8.68696520870434e-05
8.68688974599534e-05
8.68681428459741e-05
8.6867388245105e-05
8.68666336573459e-05
8.68658790826963e-05
8.6865124521156e-05
8.68643699727246e-05
8.68636154374017e-05
8.68628609151871e-05
8.68621064060804e-05
8.68613519100811e-05
8.68605974271891e-05
8.68598429574039e-05
8.68590885007253e-05
8.68583340571528e-05
8.68575796266861e-05
8.6856825209325e-05
8.68560708050689e-05
8.68553164139177e-05
8.68545620358709e-05
8.68538076709283e-05
8.68530533190894e-05
8.6852298980354e-05
8.68515446547217e-05
8.68507903421921e-05
8.6850036042765e-05
8.68492817564399e-05
8.68485274832165e-05
8.68477732230946e-05
8.68470189760736e-05
8.68462647421534e-05
8.68455105213336e-05
8.68447563136138e-05
8.68440021189937e-05
8.68432479374729e-05
8.68424937690511e-05
8.68417396137279e-05
8.68409854715031e-05
8.68402313423763e-05
8.68394772263471e-05
8.68387231234152e-05
8.68379690335802e-05
8.68372149568419e-05
8.68364608931998e-05
8.68357068426537e-05
8.68349528052031e-05
8.68341987808479e-05
8.68334447695875e-05
8.68326907714216e-05
8.683193678635e-05
8.68311828143723e-05
8.68304288554881e-05
8.68296749096971e-05
8.6828920976999e-05
8.68281670573934e-05
8.682741315088e-05
8.68266592574584e-05
8.68259053771283e-05
8.68251515098894e-05
8.68243976557413e-05
8.68236438146836e-05
8.68228899867161e-05
8.68221361718384e-05
8.68213823700501e-05
8.68206285813509e-05
8.68198748057405e-05
8.68191210432186e-05
8.68183672937847e-05
8.68176135574385e-05
8.68168598341798e-05
8.68161061240081e-05
8.68153524269232e-05
8.68145987429246e-05
8.68138450720121e-05
8.68130914141853e-05
8.68123377694438e-05
8.68115841377873e-05
8.68108305192156e-05
8.68100769137281e-05
8.68093233213247e-05
8.68085697420049e-05
8.68078161757685e-05
8.6807062622615e-05
8.68063090825441e-05
8.68055555555556e-05
8.68048020416489e-05
8.68040485408239e-05
8.68032950530802e-05
8.68025415784174e-05
8.68017881168352e-05
8.68010346683333e-05
8.68002812329112e-05
8.67995278105687e-05
8.67987744013055e-05
8.67980210051211e-05
8.67972676220153e-05
8.67965142519876e-05
8.67957608950379e-05
8.67950075511657e-05
8.67942542203706e-05
8.67935009026524e-05
8.67927475980107e-05
8.67919943064452e-05
8.67912410279555e-05
8.67904877625412e-05
8.67897345102021e-05
8.67889812709378e-05
8.6788228044748e-05
8.67874748316323e-05
8.67867216315904e-05
8.67859684446219e-05
8.67852152707265e-05
8.67844621099038e-05
8.67837089621536e-05
8.67829558274755e-05
8.67822027058691e-05
8.67814495973341e-05
8.67806965018701e-05
8.67799434194769e-05
8.6779190350154e-05
8.67784372939012e-05
8.67776842507181e-05
8.67769312206043e-05
8.67761782035596e-05
8.67754251995835e-05
8.67746722086757e-05
8.6773919230836e-05
8.67731662660639e-05
8.67724133143591e-05
8.67716603757213e-05
8.67709074501501e-05
8.67701545376452e-05
8.67694016382063e-05
8.6768648751833e-05
8.67678958785249e-05
8.67671430182818e-05
8.67663901711033e-05
8.67656373369891e-05
8.67648845159387e-05
8.67641317079519e-05
8.67633789130284e-05
8.67626261311677e-05
8.67618733623696e-05
8.67611206066338e-05
8.67603678639597e-05
8.67596151343473e-05
8.6758862417796e-05
8.67581097143056e-05
8.67573570238756e-05
8.67566043465059e-05
8.6755851682196e-05
8.67550990309455e-05
8.67543463927543e-05
8.67535937676218e-05
8.67528411555478e-05
8.6752088556532e-05
8.67513359705739e-05
8.67505833976733e-05
8.67498308378299e-05
8.67490782910432e-05
8.67483257573129e-05
8.67475732366387e-05
8.67468207290203e-05
8.67460682344573e-05
8.67453157529493e-05
8.67445632844961e-05
8.67438108290973e-05
8.67430583867526e-05
8.67423059574616e-05
8.67415535412239e-05
8.67408011380393e-05
8.67400487479074e-05
8.67392963708278e-05
8.67385440068003e-05
8.67377916558244e-05
8.67370393178999e-05
8.67362869930264e-05
8.67355346812035e-05
8.6734782382431e-05
8.67340300967084e-05
8.67332778240355e-05
8.67325255644119e-05
8.67317733178373e-05
8.67310210843112e-05
8.67302688638335e-05
8.67295166564037e-05
8.67287644620215e-05
8.67280122806865e-05
8.67272601123985e-05
8.67265079571571e-05
8.67257558149619e-05
8.67250036858127e-05
8.6724251569709e-05
8.67234994666505e-05
8.67227473766369e-05
8.67219952996678e-05
8.6721243235743e-05
8.67204911848621e-05
8.67197391470246e-05
8.67189871222304e-05
8.6718235110479e-05
8.67174831117702e-05
8.67167311261035e-05
8.67159791534786e-05
8.67152271938952e-05
8.6714475247353e-05
8.67137233138517e-05
8.67129713933907e-05
8.671221948597e-05
8.6711467591589e-05
8.67107157102475e-05
8.67099638419451e-05
8.67092119866815e-05
8.67084601444563e-05
8.67077083152692e-05
8.67069564991199e-05
8.6706204696008e-05
8.67054529059333e-05
8.67047011288952e-05
8.67039493648936e-05
8.6703197613928e-05
8.67024458759982e-05
8.67016941511037e-05
8.67009424392443e-05
8.67001907404196e-05
8.66994390546293e-05
8.6698687381873e-05
8.66979357221505e-05
8.66971840754612e-05
8.6696432441805e-05
8.66956808211815e-05
8.66949292135903e-05
8.66941776190311e-05
8.66934260375036e-05
8.66926744690074e-05
8.66919229135421e-05
8.66911713711076e-05
8.66904198417033e-05
8.6689668325329e-05
8.66889168219843e-05
8.66881653316689e-05
8.66874138543825e-05
8.66866623901247e-05
8.66859109388951e-05
8.66851595006935e-05
8.66844080755195e-05
8.66836566633727e-05
8.66829052642528e-05
8.66821538781596e-05
8.66814025050925e-05
8.66806511450514e-05
8.66798997980358e-05
8.66791484640455e-05
8.667839714308e-05
8.66776458351391e-05
8.66768945402224e-05
8.66761432583296e-05
8.66753919894603e-05
8.66746407336142e-05
8.66738894907909e-05
8.66731382609902e-05
8.66723870442116e-05
8.66716358404549e-05
8.66708846497196e-05
8.66701334720056e-05
8.66693823073123e-05
8.66686311556395e-05
8.66678800169869e-05
8.66671288913541e-05
8.66663777787407e-05
8.66656266791465e-05
8.66648755925711e-05
8.66641245190141e-05
8.66633734584752e-05
8.66626224109542e-05
8.66618713764505e-05
8.6661120354964e-05
8.66603693464942e-05
8.66596183510408e-05
8.66588673686035e-05
8.66581163991819e-05
8.66573654427758e-05
8.66566144993847e-05
8.66558635690084e-05
8.66551126516465e-05
8.66543617472986e-05
8.66536108559644e-05
8.66528599776436e-05
8.66521091123358e-05
8.66513582600407e-05
8.6650607420758e-05
8.66498565944873e-05
8.66491057812283e-05
8.66483549809807e-05
8.6647604193744e-05
8.66468534195181e-05
8.66461026583024e-05
8.66453519100968e-05
8.66446011749008e-05
8.66438504527141e-05
8.66430997435364e-05
8.66423490473674e-05
8.66415983642066e-05
8.66408476940538e-05
8.66400970369087e-05
8.66393463927708e-05
8.66385957616399e-05
8.66378451435156e-05
8.66370945383976e-05
8.66363439462855e-05
8.6635593367179e-05
8.66348428010777e-05
8.66340922479814e-05
8.66333417078897e-05
8.66325911808022e-05
8.66318406667186e-05
8.66310901656386e-05
8.66303396775619e-05
8.6629589202488e-05
8.66288387404167e-05
8.66280882913476e-05
8.66273378552804e-05
8.66265874322147e-05
8.66258370221502e-05
8.66250866250866e-05
8.66243362410236e-05
8.66235858699607e-05
8.66228355118976e-05
8.66220851668341e-05
8.66213348347698e-05
8.66205845157043e-05
8.66198342096373e-05
8.66190839165685e-05
8.66183336364975e-05
8.6617583369424e-05
8.66168331153476e-05
8.66160828742681e-05
8.6615332646185e-05
8.66145824310981e-05
8.6613832229007e-05
8.66130820399113e-05
8.66123318638108e-05
8.6611581700705e-05
8.66108315505937e-05
8.66100814134765e-05
8.66093312893531e-05
8.66085811782231e-05
8.66078310800863e-05
8.66070809949422e-05
8.66063309227905e-05
8.66055808636309e-05
8.6604830817463e-05
8.66040807842866e-05
8.66033307641012e-05
8.66025807569065e-05
8.66018307627023e-05
8.66010807814882e-05
8.66003308132637e-05
8.65995808580286e-05
8.65988309157826e-05
8.65980809865253e-05
8.65973310702564e-05
8.65965811669755e-05
8.65958312766823e-05
8.65950813993765e-05
8.65943315350577e-05
8.65935816837256e-05
8.65928318453798e-05
8.65920820200201e-05
8.6591332207646e-05
8.65905824082573e-05
8.65898326218535e-05
8.65890828484345e-05
8.65883330879997e-05
8.6587583340549e-05
8.65868336060819e-05
8.65860838845981e-05
8.65853341760972e-05
8.65845844805791e-05
8.65838347980432e-05
8.65830851284893e-05
8.6582335471917e-05
8.6581585828326e-05
8.6580836197716e-05
8.65800865800866e-05
8.65793369754374e-05
8.65785873837682e-05
8.65778378050787e-05
8.65770882393683e-05
8.65763386866369e-05
8.65755891468841e-05
8.65748396201096e-05
8.6574090106313e-05
8.65733406054939e-05
8.65725911176522e-05
8.65718416427873e-05
8.65710921808989e-05
8.65703427319869e-05
8.65695932960507e-05
8.65688438730901e-05
8.65680944631047e-05
8.65673450660942e-05
8.65665956820582e-05
8.65658463109965e-05
8.65650969529086e-05
8.65643476077943e-05
8.65635982756531e-05
8.65628489564849e-05
8.65620996502891e-05
8.65613503570656e-05
8.65606010768139e-05
8.65598518095337e-05
8.65591025552247e-05
8.65583533138866e-05
8.65576040855189e-05
8.65568548701214e-05
8.65561056676938e-05
8.65553564782357e-05
8.65546073017467e-05
8.65538581382265e-05
8.65531089876748e-05
8.65523598500913e-05
8.65516107254756e-05
8.65508616138274e-05
8.65501125151463e-05
8.6549363429432e-05
8.65486143566841e-05
8.65478652969024e-05
8.65471162500866e-05
8.65463672162361e-05
8.65456181953508e-05
8.65448691874302e-05
8.65441201924741e-05
8.65433712104821e-05
8.65426222414539e-05
8.65418732853891e-05
8.65411243422875e-05
8.65403754121485e-05
8.6539626494972e-05
8.65388775907576e-05
8.6538128699505e-05
8.65373798212138e-05
8.65366309558836e-05
8.65358821035142e-05
8.65351332641052e-05
8.65343844376563e-05
8.65336356241671e-05
8.65328868236373e-05
8.65321380360666e-05
8.65313892614546e-05
8.6530640499801e-05
8.65298917511054e-05
8.65291430153676e-05
8.65283942925871e-05
8.65276455827637e-05
8.6526896885897e-05
8.65261482019866e-05
8.65253995310323e-05
8.65246508730337e-05
8.65239022279905e-05
8.65231535959023e-05
8.65224049767687e-05
8.65216563705896e-05
8.65209077773644e-05
8.65201591970929e-05
8.65194106297748e-05
8.65186620754097e-05
8.65179135339972e-05
8.65171650055371e-05
8.6516416490029e-05
8.65156679874725e-05
8.65149194978674e-05
8.65141710212133e-05
8.65134225575098e-05
8.65126741067566e-05
8.65119256689535e-05
8.65111772440999e-05
8.65104288321957e-05
8.65096804332405e-05
8.65089320472339e-05
8.65081836741756e-05
8.65074353140652e-05
8.65066869669025e-05
8.65059386326871e-05
8.65051903114187e-05
8.65044420030969e-05
8.65036937077213e-05
8.65029454252917e-05
8.65021971558078e-05
8.65014488992691e-05
8.65007006556753e-05
8.64999524250262e-05
8.64992042073213e-05
8.64984560025603e-05
8.6497707810743e-05
8.64969596318689e-05
8.64962114659378e-05
8.64954633129492e-05
8.64947151729029e-05
8.64939670457986e-05
8.64932189316358e-05
8.64924708304142e-05
8.64917227421336e-05
8.64909746667935e-05
8.64902266043937e-05
8.64894785549338e-05
8.64887305184135e-05
8.64879824948323e-05
8.64872344841901e-05
8.64864864864865e-05
8.64857385017211e-05
8.64849905298935e-05
8.64842425710036e-05
8.64834946250508e-05
8.64827466920349e-05
8.64819987719556e-05
8.64812508648125e-05
8.64805029706053e-05
8.64797550893336e-05
8.64790072209971e-05
8.64782593655955e-05
8.64775115231284e-05
8.64767636935955e-05
8.64760158769965e-05
8.6475268073331e-05
8.64745202825987e-05
8.64737725047993e-05
8.64730247399324e-05
8.64722769879977e-05
8.64715292489948e-05
8.64707815229234e-05
8.64700338097832e-05
8.64692861095739e-05
8.6468538422295e-05
8.64677907479464e-05
8.64670430865276e-05
8.64662954380383e-05
8.64655478024781e-05
8.64648001798468e-05
8.6464052570144e-05
8.64633049733693e-05
8.64625573895225e-05
8.64618098186031e-05
8.64610622606109e-05
8.64603147155456e-05
8.64595671834067e-05
8.64588196641939e-05
8.6458072157907e-05
8.64573246645456e-05
8.64565771841093e-05
8.64558297165978e-05
8.64550822620108e-05
8.64543348203479e-05
8.64535873916088e-05
8.64528399757932e-05
8.64520925729007e-05
8.6451345182931e-05
8.64505978058838e-05
8.64498504417587e-05
8.64491030905554e-05
8.64483557522736e-05
8.64476084269129e-05
8.64468611144729e-05
8.64461138149535e-05
8.64453665283541e-05
8.64446192546745e-05
8.64438719939144e-05
8.64431247460733e-05
8.64423775111511e-05
8.64416302891473e-05
8.64408830800615e-05
8.64401358838936e-05
8.64393887006431e-05
8.64386415303097e-05
8.64378943728931e-05
8.64371472283929e-05
8.64364000968088e-05
8.64356529781404e-05
8.64349058723875e-05
8.64341587795497e-05
8.64334116996266e-05
8.6432664632618e-05
8.64319175785234e-05
8.64311705373426e-05
8.64304235090752e-05
8.64296764937209e-05
8.64289294912793e-05
8.64281825017502e-05
8.64274355251331e-05
8.64266885614278e-05
8.64259416106339e-05
8.6425194672751e-05
8.64244477477789e-05
8.64237008357172e-05
8.64229539365656e-05
8.64222070503237e-05
8.64214601769911e-05
8.64207133165677e-05
8.6419966469053e-05
8.64192196344467e-05
8.64184728127485e-05
8.64177260039579e-05
8.64169792080748e-05
8.64162324250987e-05
8.64154856550294e-05
8.64147388978664e-05
8.64139921536095e-05
8.64132454222583e-05
8.64124987038125e-05
8.64117519982718e-05
8.64110053056357e-05
8.64102586259041e-05
8.64095119590765e-05
8.64087653051526e-05
8.6408018664132e-05
8.64072720360146e-05
8.64065254207998e-05
8.64057788184874e-05
8.6405032229077e-05
8.64042856525684e-05
8.64035390889611e-05
8.64027925382548e-05
8.64020460004493e-05
8.64012994755441e-05
8.6400552963539e-05
8.63998064644335e-05
8.63990599782274e-05
8.63983135049204e-05
8.6397567044512e-05
8.6396820597002e-05
8.63960741623901e-05
8.63953277406758e-05
8.63945813318589e-05
8.6393834935939e-05
8.63930885529158e-05
8.63923421827889e-05
8.63915958255581e-05
8.63908494812229e-05
8.63901031497832e-05
8.63893568312384e-05
8.63886105255883e-05
8.63878642328326e-05
8.63871179529708e-05
8.63863716860028e-05
8.63856254319281e-05
8.63848791907465e-05
8.63841329624575e-05
8.63833867470608e-05
8.63826405445562e-05
8.63818943549432e-05
8.63811481782216e-05
8.6380402014391e-05
8.6379655863451e-05
8.63789097254014e-05
8.63781636002419e-05
8.63774174879719e-05
8.63766713885914e-05
8.63759253020998e-05
8.63751792284969e-05
8.63744331677823e-05
8.63736871199558e-05
8.63729410850169e-05
8.63721950629653e-05
8.63714490538008e-05
8.63707030575229e-05
8.63699570741313e-05
8.63692111036258e-05
8.63684651460059e-05
8.63677192012713e-05
8.63669732694218e-05
8.63662273504569e-05
8.63654814443763e-05
8.63647355511797e-05
8.63639896708668e-05
8.63632438034373e-05
8.63624979488907e-05
8.63617521072268e-05
8.63610062784452e-05
8.63602604625456e-05
8.63595146595276e-05
8.6358768869391e-05
8.63580230921354e-05
8.63572773277604e-05
8.63565315762658e-05
8.63557858376511e-05
8.63550401119161e-05
8.63542943990605e-05
8.63535486990838e-05
8.63528030119858e-05
8.63520573377661e-05
8.63513116764244e-05
8.63505660279603e-05
8.63498203923736e-05
8.63490747696638e-05
8.63483291598308e-05
8.6347583562874e-05
8.63468379787932e-05
8.63460924075881e-05
8.63453468492583e-05
8.63446013038035e-05
8.63438557712233e-05
8.63431102515175e-05
8.63423647446856e-05
8.63416192507274e-05
8.63408737696426e-05
8.63401283014307e-05
8.63393828460914e-05
8.63386374036245e-05
8.63378919740296e-05
8.63371465573063e-05
8.63364011534543e-05
8.63356557624733e-05
8.6334910384363e-05
8.6334165019123e-05
8.6333419666753e-05
8.63326743272526e-05
8.63319290006216e-05
8.63311836868595e-05
8.63304383859661e-05
8.6329693097941e-05
8.63289478227839e-05
8.63282025604945e-05
8.63274573110724e-05
8.63267120745172e-05
8.63259668508287e-05
8.63252216400066e-05
8.63244764420504e-05
8.63237312569598e-05
8.63229860847346e-05
8.63222409253744e-05
8.63214957788788e-05
8.63207506452476e-05
8.63200055244804e-05
8.63192604165768e-05
8.63185153215365e-05
8.63177702393592e-05
8.63170251700445e-05
8.63162801135922e-05
8.63155350700019e-05
8.63147900392732e-05
8.63140450214059e-05
8.63133000163995e-05
8.63125550242538e-05
8.63118100449684e-05
8.63110650785431e-05
8.63103201249773e-05
8.63095751842709e-05
8.63088302564235e-05
8.63080853414348e-05
8.63073404393044e-05
8.63065955500319e-05
8.63058506736172e-05
8.63051058100597e-05
8.63043609593593e-05
8.63036161215155e-05
8.6302871296528e-05
8.63021264843966e-05
8.63013816851208e-05
8.63006368987003e-05
8.62998921251348e-05
8.6299147364424e-05
8.62984026165676e-05
8.62976578815651e-05
8.62969131594163e-05
8.62961684501208e-05
8.62954237536783e-05
8.62946790700885e-05
8.62939343993511e-05
8.62931897414656e-05
8.62924450964318e-05
8.62917004642494e-05
8.62909558449179e-05
8.62902112384371e-05
8.62894666448067e-05
8.62887220640262e-05
8.62879774960955e-05
8.6287232941014e-05
8.62864883987816e-05
8.62857438693979e-05
8.62849993528625e-05
8.62842548491751e-05
8.62835103583354e-05
8.62827658803431e-05
8.62820214151977e-05
8.6281276962899e-05
8.62805325234467e-05
8.62797880968404e-05
8.62790436830798e-05
8.62782992821646e-05
8.62775548940943e-05
8.62768105188687e-05
8.62760661564875e-05
8.62753218069503e-05
8.62745774702568e-05
8.62738331464067e-05
8.62730888353996e-05
8.62723445372351e-05
8.62716002519131e-05
8.6270855979433e-05
8.62701117197947e-05
8.62693674729977e-05
8.62686232390417e-05
8.62678790179265e-05
8.62671348096516e-05
8.62663906142167e-05
8.62656464316215e-05
8.62649022618657e-05
8.6264158104949e-05
8.62634139608709e-05
8.62626698296312e-05
8.62619257112296e-05
8.62611816056656e-05
8.62604375129391e-05
8.62596934330495e-05
8.62589493659967e-05
8.62582053117803e-05
8.62574612703999e-05
8.62567172418552e-05
8.62559732261459e-05
8.62552292232717e-05
8.62544852332321e-05
8.6253741256027e-05
8.62529972916559e-05
8.62522533401185e-05
8.62515094014145e-05
8.62507654755436e-05
8.62500215625054e-05
8.62492776622996e-05
8.62485337749258e-05
8.62477899003838e-05
8.62470460386732e-05
8.62463021897936e-05
8.62455583537448e-05
8.62448145305264e-05
8.6244070720138e-05
8.62433269225794e-05
8.62425831378501e-05
8.624183936595e-05
8.62410956068786e-05
8.62403518606356e-05
8.62396081272207e-05
8.62388644066335e-05
8.62381206988737e-05
8.62373770039411e-05
8.62366333218351e-05
8.62358896525556e-05
8.62351459961022e-05
8.62344023524745e-05
8.62336587216722e-05
8.62329151036951e-05
8.62321714985427e-05
8.62314279062147e-05
8.62306843267108e-05
8.62299407600307e-05
8.6229197206174e-05
8.62284536651404e-05
8.62277101369296e-05
8.62269666215412e-05
8.62262231189749e-05
8.62254796292304e-05
8.62247361523074e-05
8.62239926882054e-05
8.62232492369242e-05
8.62225057984635e-05
8.62217623728229e-05
8.62210189600021e-05
8.62202755600007e-05
8.62195321728184e-05
8.6218788798455e-05
8.621804543691e-05
8.62173020881831e-05
8.6216558752274e-05
8.62158154291823e-05
8.62150721189078e-05
8.62143288214501e-05
8.62135855368089e-05
8.62128422649838e-05
8.62120990059745e-05
8.62113557597807e-05
8.6210612526402e-05
8.62098693058381e-05
8.62091260980887e-05
8.62083829031535e-05
8.62076397210321e-05
8.62068965517241e-05
8.62061533952293e-05
8.62054102515474e-05
8.62046671206779e-05
8.62039240026206e-05
8.62031808973751e-05
8.62024378049411e-05
8.62016947253183e-05
8.62009516585063e-05
8.62002086045048e-05
8.61994655633135e-05
8.6198722534932e-05
8.61979795193601e-05
8.61972365165973e-05
8.61964935266433e-05
8.61957505494979e-05
8.61950075851607e-05
8.61942646336313e-05
8.61935216949094e-05
8.61927787689947e-05
8.61920358558869e-05
8.61912929555856e-05
8.61905500680905e-05
8.61898071934013e-05
8.61890643315176e-05
8.61883214824391e-05
8.61875786461655e-05
8.61868358226964e-05
8.61860930120316e-05
8.61853502141706e-05
8.61846074291132e-05
8.61838646568589e-05
8.61831218974076e-05
8.61823791507588e-05
8.61816364169123e-05
8.61808936958676e-05
8.61801509876245e-05
8.61794082921827e-05
8.61786656095417e-05
8.61779229397013e-05
8.61771802826612e-05
8.61764376384209e-05
8.61756950069802e-05
8.61749523883388e-05
8.61742097824963e-05
8.61734671894524e-05
8.61727246092067e-05
8.61719820417589e-05
8.61712394871088e-05
8.61704969452559e-05
8.61697544161999e-05
8.61690118999405e-05
8.61682693964774e-05
8.61675269058103e-05
8.61667844279387e-05
8.61660419628624e-05
8.61652995105811e-05
8.61645570710944e-05
8.61638146444019e-05
8.61630722305034e-05
8.61623298293986e-05
8.6161587441087e-05
8.61608450655684e-05
8.61601027028424e-05
8.61593603529087e-05
8.6158618015767e-05
8.6157875691417e-05
8.61571333798582e-05
8.61563910810904e-05
8.61556487951132e-05
8.61549065219264e-05
8.61541642615296e-05
8.61534220139224e-05
8.61526797791045e-05
8.61519375570757e-05
8.61511953478355e-05
8.61504531513836e-05
8.61497109677197e-05
8.61489687968435e-05
8.61482266387546e-05
8.61474844934528e-05
8.61467423609376e-05
8.61460002412088e-05
8.6145258134266e-05
8.61445160401089e-05
8.61437739587371e-05
8.61430318901504e-05
8.61422898343484e-05
8.61415477913307e-05
8.61408057610971e-05
8.61400637436472e-05
8.61393217389806e-05
8.61385797470971e-05
8.61378377679964e-05
8.6137095801678e-05
8.61363538481416e-05
8.6135611907387e-05
8.61348699794138e-05
8.61341280642216e-05
8.61333861618102e-05
8.61326442721792e-05
8.61319023953282e-05
8.6131160531257e-05
8.61304186799652e-05
8.61296768414525e-05
8.61289350157185e-05
8.6128193202763e-05
8.61274514025855e-05
8.61267096151859e-05
8.61259678405636e-05
8.61252260787185e-05
8.61244843296501e-05
8.61237425933581e-05
8.61230008698423e-05
8.61222591591023e-05
8.61215174611377e-05
8.61207757759482e-05
8.61200341035335e-05
8.61192924438933e-05
8.61185507970272e-05
8.61178091629349e-05
8.61170675416161e-05
8.61163259330704e-05
8.61155843372975e-05
8.61148427542971e-05
8.61141011840689e-05
8.61133596266125e-05
8.61126180819275e-05
8.61118765500138e-05
8.61111350308708e-05
8.61103935244984e-05
8.61096520308961e-05
8.61089105500637e-05
8.61081690820008e-05
8.61074276267071e-05
8.61066861841822e-05
8.61059447544258e-05
8.61052033374377e-05
8.61044619332174e-05
8.61037205417646e-05
8.6102979163079e-05
8.61022377971604e-05
8.61014964440082e-05
8.61007551036223e-05
8.61000137760022e-05
8.60992724611477e-05
8.60985311590584e-05
8.6097789869734e-05
8.60970485931742e-05
8.60963073293786e-05
8.6095566078347e-05
8.60948248400789e-05
8.6094083614574e-05
8.60933424018321e-05
8.60926012018527e-05
8.60918600146356e-05
8.60911188401805e-05
8.60903776784869e-05
8.60896365295546e-05
8.60888953933832e-05
8.60881542699725e-05
8.6087413159322e-05
8.60866720614315e-05
8.60859309763005e-05
8.60851899039289e-05
8.60844488443163e-05
8.60837077974623e-05
8.60829667633665e-05
8.60822257420288e-05
8.60814847334487e-05
8.60807437376259e-05
8.60800027545601e-05
8.60792617842509e-05
8.60785208266981e-05
8.60777798819013e-05
8.60770389498601e-05
8.60762980305743e-05
8.60755571240435e-05
8.60748162302674e-05
8.60740753492456e-05
8.60733344809778e-05
8.60725936254637e-05
8.6071852782703e-05
8.60711119526953e-05
8.60703711354403e-05
8.60696303309377e-05
8.60688895391872e-05
8.60681487601883e-05
8.60674079939409e-05
8.60666672404445e-05
8.60659264996988e-05
8.60651857717035e-05
8.60644450564583e-05
8.60637043539628e-05
8.60629636642167e-05
8.60622229872198e-05
8.60614823229715e-05
8.60607416714717e-05
8.606000103272e-05
8.60592604067161e-05
8.60585197934596e-05
8.60577791929501e-05
8.60570386051875e-05
8.60562980301713e-05
8.60555574679013e-05
8.6054816918377e-05
8.60540763815982e-05
8.60533358575645e-05
8.60525953462756e-05
8.60518548477312e-05
8.6051114361931e-05
8.60503738888746e-05
8.60496334285616e-05
8.60488929809918e-05
8.60481525461648e-05
8.60474121240804e-05
8.60466717147381e-05
8.60459313181376e-05
8.60451909342787e-05
8.60444505631609e-05
8.6043710204784e-05
8.60429698591477e-05
8.60422295262515e-05
8.60414892060952e-05
8.60407488986784e-05
8.60400086040009e-05
8.60392683220622e-05
8.60385280528621e-05
8.60377877964002e-05
8.60370475526762e-05
8.60363073216898e-05
8.60355671034406e-05
8.60348268979283e-05
8.60340867051526e-05
8.60333465251131e-05
8.60326063578096e-05
8.60318662032417e-05
8.6031126061409e-05
8.60303859323113e-05
8.60296458159482e-05
8.60289057123193e-05
8.60281656214244e-05
8.60274255432632e-05
8.60266854778352e-05
8.60259454251402e-05
8.60252053851779e-05
8.60244653579478e-05
8.60237253434497e-05
8.60229853416833e-05
8.60222453526482e-05
8.60215053763441e-05
8.60207654127706e-05
8.60200254619275e-05
8.60192855238144e-05
8.6018545598431e-05
8.6017805685777e-05
8.60170657858519e-05
8.60163258986556e-05
8.60155860241876e-05
8.60148461624476e-05
8.60141063134354e-05
8.60133664771506e-05
8.60126266535927e-05
8.60118868427617e-05
8.6011147044657e-05
8.60104072592784e-05
8.60096674866255e-05
8.6008927726698e-05
8.60081879794957e-05
8.6007448245018e-05
8.60067085232648e-05
8.60059688142357e-05
8.60052291179304e-05
8.60044894343485e-05
8.60037497634897e-05
8.60030101053537e-05
8.60022704599401e-05
8.60015308272487e-05
8.60007912072791e-05
8.6000051600031e-05
8.5999312005504e-05
8.59985724236978e-05
8.59978328546121e-05
8.59970932982465e-05
8.59963537546008e-05
8.59956142236746e-05
8.59948747054676e-05
8.59941351999794e-05
8.59933957072097e-05
8.59926562271582e-05
8.59919167598246e-05
8.59911773052085e-05
8.59904378633096e-05
8.59896984341276e-05
8.59889590176621e-05
8.59882196139129e-05
8.59874802228795e-05
8.59867408445618e-05
8.59860014789592e-05
8.59852621260716e-05
8.59845227858985e-05
8.59837834584397e-05
8.59830441436949e-05
8.59823048416636e-05
8.59815655523456e-05
8.59808262757405e-05
8.59800870118481e-05
8.59793477606679e-05
8.59786085221997e-05
8.59778692964431e-05
8.59771300833978e-05
8.59763908830635e-05
8.59756516954399e-05
8.59749125205265e-05
8.59741733583232e-05
8.59734342088295e-05
8.59726950720451e-05
8.59719559479698e-05
8.59712168366031e-05
8.59704777379448e-05
8.59697386519945e-05
8.59689995787519e-05
8.59682605182167e-05
8.59675214703885e-05
8.5966782435267e-05
8.59660434128519e-05
8.59653044031429e-05
8.59645654061396e-05
8.59638264218417e-05
8.59630874502489e-05
8.59623484913608e-05
8.59616095451771e-05
8.59608706116976e-05
8.59601316909218e-05
8.59593927828494e-05
8.59586538874801e-05
8.59579150048136e-05
8.59571761348496e-05
8.59564372775877e-05
8.59556984330276e-05
8.5954959601169e-05
8.59542207820115e-05
8.59534819755548e-05
8.59527431817986e-05
8.59520044007426e-05
8.59512656323864e-05
8.59505268767298e-05
8.59497881337722e-05
8.59490494035136e-05
8.59483106859535e-05
8.59475719810915e-05
8.59468332889275e-05
8.5946094609461e-05
8.59453559426916e-05
8.59446172886192e-05
8.59438786472434e-05
8.59431400185637e-05
8.594240140258e-05
8.59416627992918e-05
8.59409242086989e-05
8.5940185630801e-05
8.59394470655976e-05
8.59387085130885e-05
8.59379699732733e-05
8.59372314461517e-05
8.59364929317235e-05
8.59357544299881e-05
8.59350159409455e-05
8.59342774645951e-05
8.59335390009367e-05
8.59328005499699e-05
8.59320621116945e-05
8.59313236861101e-05
8.59305852732163e-05
8.59298468730129e-05
8.59291084854995e-05
8.59283701106757e-05
8.59276317485414e-05
8.59268933990961e-05
8.59261550623394e-05
8.59254167382712e-05
8.5924678426891e-05
8.59239401281985e-05
8.59232018421934e-05
8.59224635688754e-05
8.59217253082442e-05
8.59209870602993e-05
8.59202488250406e-05
8.59195106024676e-05
8.59187723925801e-05
8.59180341953776e-05
8.59172960108599e-05
8.59165578390267e-05
8.59158196798776e-05
8.59150815334124e-05
8.59143433996306e-05
8.59136052785319e-05
8.59128671701161e-05
8.59121290743827e-05
8.59113909913315e-05
8.59106529209622e-05
8.59099148632744e-05
8.59091768182677e-05
8.59084387859419e-05
8.59077007662967e-05
8.59069627593316e-05
8.59062247650465e-05
8.59054867834409e-05
8.59047488145145e-05
8.5904010858267e-05
8.59032729146981e-05
8.59025349838074e-05
8.59017970655946e-05
8.59010591600594e-05
8.59003212672015e-05
8.58995833870206e-05
8.58988455195162e-05
8.58981076646881e-05
8.5897369822536e-05
8.58966319930595e-05
8.58958941762584e-05
8.58951563721322e-05
8.58944185806806e-05
8.58936808019034e-05
8.58929430358002e-05
8.58922052823706e-05
8.58914675416144e-05
8.58907298135312e-05
8.58899920981207e-05
8.58892543953826e-05
8.58885167053165e-05
8.58877790279221e-05
8.58870413631991e-05
8.58863037111472e-05
8.5885566071766e-05
8.58848284450552e-05
8.58840908310145e-05
8.58833532296435e-05
8.5882615640942e-05
8.58818780649095e-05
8.58811405015459e-05
8.58804029508506e-05
8.58796654128236e-05
8.58789278874643e-05
8.58781903747724e-05
8.58774528747477e-05
8.58767153873899e-05
8.58759779126985e-05
8.58752404506733e-05
8.58745030013139e-05
8.587376556462e-05
8.58730281405913e-05
8.58722907292275e-05
8.58715533305282e-05
8.58708159444931e-05
8.58700785711219e-05
8.58693412104142e-05
8.58686038623698e-05
8.58678665269883e-05
8.58671292042693e-05
8.58663918942126e-05
8.58656545968178e-05
8.58649173120846e-05
8.58641800400127e-05
8.58634427806017e-05
8.58627055338514e-05
8.58619682997613e-05
8.58612310783312e-05
8.58604938695607e-05
8.58597566734496e-05
8.58590194899974e-05
8.58582823192039e-05
8.58575451610688e-05
8.58568080155916e-05
8.58560708827721e-05
8.585533376261e-05
8.58545966551049e-05
8.58538595602565e-05
8.58531224780645e-05
8.58523854085286e-05
8.58516483516484e-05
8.58509113074235e-05
8.58501742758538e-05
8.58494372569388e-05
8.58487002506782e-05
8.58479632570717e-05
8.5847226276119e-05
8.58464893078198e-05
8.58457523521736e-05
8.58450154091803e-05
8.58442784788394e-05
8.58435415611506e-05
8.58428046561137e-05
8.58420677637283e-05
8.5841330883994e-05
8.58405940169106e-05
8.58398571624777e-05
8.5839120320695e-05
8.58383834915621e-05
8.58376466750788e-05
8.58369098712446e-05
8.58361730800594e-05
8.58354363015227e-05
8.58346995356343e-05
8.58339627823937e-05
8.58332260418008e-05
8.58324893138551e-05
8.58317525985563e-05
8.58310158959041e-05
8.58302792058983e-05
8.58295425285383e-05
8.5828805863824e-05
8.5828069211755e-05
8.5827332572331e-05
8.58265959455516e-05
8.58258593314166e-05
8.58251227299255e-05
8.58243861410781e-05
8.58236495648741e-05
8.58229130013131e-05
8.58221764503948e-05
8.58214399121188e-05
8.5820703386485e-05
8.58199668734928e-05
8.5819230373142e-05
8.58184938854323e-05
8.58177574103634e-05
8.58170209479348e-05
8.58162844981464e-05
8.58155480609977e-05
8.58148116364885e-05
8.58140752246183e-05
8.5813338825387e-05
8.58126024387942e-05
8.58118660648394e-05
8.58111297035225e-05
8.58103933548431e-05
8.58096570188009e-05
8.58089206953955e-05
8.58081843846266e-05
8.58074480864939e-05
8.58067118009971e-05
8.58059755281358e-05
8.58052392679097e-05
8.58045030203185e-05
8.58037667853619e-05
8.58030305630395e-05
8.5802294353351e-05
8.58015581562961e-05
8.58008219718745e-05
8.58000858000858e-05
8.57993496409297e-05
8.57986134944059e-05
8.57978773605141e-05
8.57971412392539e-05
8.5796405130625e-05
8.57956690346271e-05
8.57949329512599e-05
8.5794196880523e-05
8.57934608224161e-05
8.57927247769389e-05
8.57919887440911e-05
8.57912527238723e-05
8.57905167162822e-05
8.57897807213205e-05
8.57890447389868e-05
8.57883087692809e-05
8.57875728122024e-05
8.5786836867751e-05
8.57861009359264e-05
8.57853650167281e-05
8.5784629110156e-05
8.57838932162097e-05
8.57831573348889e-05
8.57824214661931e-05
8.57816856101222e-05
8.57809497666758e-05
8.57802139358536e-05
8.57794781176551e-05
8.57787423120802e-05
8.57780065191285e-05
8.57772707387996e-05
8.57765349710933e-05
8.57757992160092e-05
8.5775063473547e-05
8.57743277437063e-05
8.57735920264869e-05
8.57728563218884e-05
8.57721206299105e-05
8.57713849505528e-05
8.57706492838151e-05
8.5769913629697e-05
8.57691779881982e-05
8.57684423593183e-05
8.57677067430571e-05
8.57669711394142e-05
8.57662355483893e-05
8.57654999699821e-05
8.57647644041922e-05
8.57640288510193e-05
8.57632933104631e-05
8.57625577825233e-05
8.57618222671995e-05
8.57610867644915e-05
8.57603512743988e-05
8.57596157969212e-05
8.57588803320584e-05
8.575814487981e-05
8.57574094401756e-05
8.57566740131551e-05
8.5755938598748e-05
8.5755203196954e-05
8.57544678077728e-05
8.57537324312041e-05
8.57529970672475e-05
8.57522617159028e-05
8.57515263771695e-05
8.57507910510474e-05
8.57500557375362e-05
8.57493204366355e-05
8.57485851483451e-05
8.57478498726644e-05
8.57471146095934e-05
8.57463793591316e-05
8.57456441212786e-05
8.57449088960343e-05
8.57441736833982e-05
8.57434384833701e-05
8.57427032959495e-05
8.57419681211363e-05
8.574123295893e-05
8.57404978093303e-05
8.57397626723369e-05
8.57390275479495e-05
8.57382924361678e-05
8.57375573369915e-05
8.57368222504201e-05
8.57360871764534e-05
8.57353521150911e-05
8.57346170663329e-05
8.57338820301783e-05
8.57331470066272e-05
8.57324119956791e-05
8.57316769973337e-05
8.57309420115908e-05
8.573020703845e-05
8.57294720779109e-05
8.57287371299733e-05
8.57280021946369e-05
8.57272672719012e-05
8.5726532361766e-05
8.57257974642309e-05
8.57250625792957e-05
8.572432770696e-05
8.57235928472234e-05
8.57228580000857e-05
8.57221231655466e-05
8.57213883436056e-05
8.57206535342625e-05
8.5719918737517e-05
8.57191839533688e-05
8.57184491818174e-05
8.57177144228626e-05
8.57169796765041e-05
8.57162449427415e-05
8.57155102215746e-05
8.57147755130029e-05
8.57140408170262e-05
8.57133061336442e-05
8.57125714628565e-05
8.57118368046627e-05
8.57111021590627e-05
8.5710367526056e-05
8.57096329056423e-05
8.57088982978213e-05
8.57081637025927e-05
8.57074291199561e-05
8.57066945499113e-05
8.57059599924579e-05
8.57052254475955e-05
8.5704490915324e-05
8.57037563956428e-05
8.57030218885518e-05
8.57022873940505e-05
8.57015529121388e-05
8.57008184428161e-05
8.57000839860823e-05
8.5699349541937e-05
8.56986151103798e-05
8.56978806914105e-05
8.56971462850287e-05
8.56964118912341e-05
8.56956775100264e-05
8.56949431414052e-05
8.56942087853703e-05
8.56934744419213e-05
8.56927401110578e-05
8.56920057927796e-05
8.56912714870863e-05
8.56905371939777e-05
8.56898029134533e-05
8.56890686455129e-05
8.56883343901561e-05
8.56876001473827e-05
8.56868659171922e-05
8.56861316995844e-05
8.5685397494559e-05
8.56846633021156e-05
8.56839291222538e-05
8.56831949549735e-05
8.56824608002742e-05
8.56817266581556e-05
8.56809925286174e-05
8.56802584116594e-05
8.5679524307281e-05
8.56787902154822e-05
8.56780561362624e-05
8.56773220696214e-05
8.56765880155589e-05
8.56758539740745e-05
8.56751199451679e-05
8.56743859288389e-05
8.5673651925087e-05
8.56729179339119e-05
8.56721839553134e-05
8.56714499892911e-05
8.56707160358446e-05
8.56699820949737e-05
8.56692481666781e-05
8.56685142509573e-05
8.56677803478112e-05
8.56670464572393e-05
8.56663125792413e-05
8.5665578713817e-05
8.5664844860966e-05
8.56641110206879e-05
8.56633771929825e-05
8.56626433778493e-05
8.56619095752882e-05
8.56611757852988e-05
8.56604420078808e-05
8.56597082430337e-05
8.56589744907574e-05
8.56582407510515e-05
8.56575070239156e-05
8.56567733093494e-05
8.56560396073527e-05
8.56553059179251e-05
8.56545722410662e-05
8.56538385767758e-05
8.56531049250535e-05
8.56523712858991e-05
8.5651637659312e-05
8.56509040452922e-05
8.56501704438392e-05
8.56494368549527e-05
8.56487032786324e-05
8.56479697148779e-05
8.5647236163689e-05
8.56465026250653e-05
8.56457690990065e-05
8.56450355855123e-05
8.56443020845823e-05
8.56435685962163e-05
8.56428351204138e-05
8.56421016571747e-05
8.56413682064985e-05
8.56406347683849e-05
8.56399013428336e-05
8.56391679298444e-05
8.56384345294168e-05
8.56377011415506e-05
8.56369677662453e-05
8.56362344035008e-05
8.56355010533167e-05
8.56347677156926e-05
8.56340343906282e-05
8.56333010781233e-05
8.56325677781774e-05
8.56318344907903e-05
8.56311012159616e-05
8.56303679536911e-05
8.56296347039784e-05
8.56289014668231e-05
8.5628168242225e-05
8.56274350301837e-05
8.56267018306989e-05
8.56259686437703e-05
8.56252354693975e-05
8.56245023075803e-05
8.56237691583184e-05
8.56230360216112e-05
8.56223028974587e-05
8.56215697858605e-05
8.56208366868161e-05
8.56201036003254e-05
8.56193705263879e-05
8.56186374650034e-05
8.56179044161715e-05
8.5617171379892e-05
8.56164383561644e-05
8.56157053449885e-05
8.56149723463639e-05
8.56142393602904e-05
8.56135063867676e-05
8.56127734257951e-05
8.56120404773727e-05
8.56113075415001e-05
8.56105746181768e-05
8.56098417074027e-05
8.56091088091773e-05
8.56083759235004e-05
8.56076430503715e-05
8.56069101897905e-05
8.5606177341757e-05
8.56054445062706e-05
8.5604711683331e-05
8.5603978872938e-05
8.56032460750912e-05
8.56025132897902e-05
8.56017805170347e-05
8.56010477568245e-05
8.56003150091592e-05
8.55995822740385e-05
8.5598849551462e-05
8.55981168414295e-05
8.55973841439406e-05
8.55966514589949e-05
8.55959187865923e-05
8.55951861267322e-05
8.55944534794145e-05
8.55937208446388e-05
8.55929882224048e-05
8.55922556127122e-05
8.55915230155605e-05
8.55907904309496e-05
8.55900578588791e-05
8.55893252993487e-05
8.5588592752358e-05
8.55878602179067e-05
8.55871276959945e-05
8.55863951866211e-05
8.55856626897862e-05
8.55849302054894e-05
8.55841977337304e-05
8.5583465274509e-05
8.55827328278247e-05
8.55820003936772e-05
8.55812679720663e-05
8.55805355629916e-05
8.55798031664527e-05
8.55790707824494e-05
8.55783384109814e-05
8.55776060520483e-05
8.55768737056498e-05
8.55761413717855e-05
8.55754090504553e-05
8.55746767416586e-05
8.55739444453953e-05
8.55732121616649e-05
8.55724798904672e-05
8.55717476318019e-05
8.55710153856686e-05
8.55702831520669e-05
8.55695509309967e-05
8.55688187224575e-05
8.55680865264491e-05
8.55673543429711e-05
8.55666221720231e-05
8.5565890013605e-05
8.55651578677163e-05
8.55644257343567e-05
8.55636936135259e-05
8.55629615052236e-05
8.55622294094495e-05
8.55614973262032e-05
8.55607652554844e-05
8.55600331972929e-05
8.55593011516282e-05
8.55585691184901e-05
8.55578370978782e-05
8.55571050897922e-05
8.55563730942318e-05
8.55556411111967e-05
8.55549091406865e-05
8.55541771827009e-05
8.55534452372397e-05
8.55527133043024e-05
8.55519813838888e-05
8.55512494759986e-05
8.55505175806314e-05
8.55497856977868e-05
8.55490538274647e-05
8.55483219696646e-05
8.55475901243862e-05
8.55468582916292e-05
8.55461264713934e-05
8.55453946636783e-05
8.55446628684836e-05
8.55439310858091e-05
8.55431993156544e-05
8.55424675580192e-05
8.55417358129031e-05
8.55410040803059e-05
8.55402723602272e-05
8.55395406526667e-05
8.55388089576241e-05
8.5538077275099e-05
8.55373456050912e-05
8.55366139476003e-05
8.5535882302626e-05
8.55351506701679e-05
8.55344190502258e-05
8.55336874427993e-05
8.55329558478882e-05
8.5532224265492e-05
8.55314926956105e-05
8.55307611382434e-05
8.55300295933902e-05
8.55292980610508e-05
8.55285665412248e-05
8.55278350339118e-05
8.55271035391115e-05
8.55263720568237e-05
8.5525640587048e-05
8.5524909129784e-05
8.55241776850316e-05
8.55234462527902e-05
8.55227148330597e-05
8.55219834258396e-05
8.55212520311297e-05
8.55205206489297e-05
8.55197892792392e-05
8.55190579220579e-05
8.55183265773855e-05
8.55175952452217e-05
8.55168639255661e-05
8.55161326184185e-05
8.55154013237784e-05
8.55146700416456e-05
8.55139387720198e-05
8.55132075149007e-05
8.55124762702878e-05
8.5511745038181e-05
8.55110138185798e-05
8.5510282611484e-05
8.55095514168933e-05
8.55088202348072e-05
8.55080890652256e-05
8.5507357908148e-05
8.55066267635742e-05
8.55058956315038e-05
8.55051645119365e-05
8.5504433404872e-05
8.550370231031e-05
8.55029712282502e-05
8.55022401586922e-05
8.55015091016356e-05
8.55007780570803e-05
8.55000470250259e-05
8.5499316005472e-05
8.54985849984183e-05
8.54978540038645e-05
8.54971230218103e-05
8.54963920522554e-05
8.54956610951994e-05
8.54949301506421e-05
8.5494199218583e-05
8.5493468299022e-05
8.54927373919586e-05
8.54920064973925e-05
8.54912756153234e-05
8.54905447457511e-05
8.54898138886752e-05
8.54890830440953e-05
8.54883522120111e-05
8.54876213924224e-05
8.54868905853287e-05
8.54861597907299e-05
8.54854290086255e-05
8.54846982390152e-05
8.54839674818988e-05
8.54832367372758e-05
8.5482506005146e-05
8.54817752855091e-05
8.54810445783648e-05
8.54803138837126e-05
8.54795832015523e-05
8.54788525318836e-05
8.54781218747062e-05
8.54773912300197e-05
8.54766605978238e-05
8.54759299781182e-05
8.54751993709025e-05
8.54744687761766e-05
8.54737381939399e-05
8.54730076241923e-05
8.54722770669333e-05
8.54715465221628e-05
8.54708159898803e-05
8.54700854700855e-05
8.54693549627781e-05
8.54686244679578e-05
8.54678939856243e-05
8.54671635157772e-05
8.54664330584163e-05
8.54657026135412e-05
8.54649721811516e-05
8.54642417612471e-05
8.54635113538275e-05
8.54627809588924e-05
8.54620505764415e-05
8.54613202064745e-05
8.54605898489911e-05
8.5459859503991e-05
8.54591291714737e-05
8.54583988514391e-05
8.54576685438868e-05
8.54569382488164e-05
8.54562079662277e-05
8.54554776961203e-05
8.54547474384939e-05
8.54540171933483e-05
8.54532869606829e-05
8.54525567404977e-05
8.54518265327921e-05
8.5451096337566e-05
8.5450366154819e-05
8.54496359845507e-05
8.54489058267609e-05
8.54481756814492e-05
8.54474455486153e-05
8.54467154282589e-05
8.54459853203797e-05
8.54452552249774e-05
8.54445251420515e-05
8.54437950716019e-05
8.54430650136282e-05
8.544233496813e-05
8.54416049351071e-05
8.54408749145591e-05
8.54401449064858e-05
8.54394149108867e-05
8.54386849277616e-05
8.54379549571101e-05
8.5437224998932e-05
8.54364950532269e-05
8.54357651199945e-05
8.54350351992345e-05
8.54343052909465e-05
8.54335753951303e-05
8.54328455117855e-05
8.54321156409117e-05
8.54313857825088e-05
8.54306559365763e-05
8.54299261031139e-05
8.54291962821214e-05
8.54284664735983e-05
8.54277366775445e-05
8.54270068939595e-05
8.5426277122843e-05
8.54255473641947e-05
8.54248176180144e-05
8.54240878843016e-05
8.54233581630561e-05
8.54226284542775e-05
8.54218987579656e-05
8.54211690741199e-05
8.54204394027403e-05
8.54197097438263e-05
8.54189800973776e-05
8.5418250463394e-05
8.54175208418751e-05
8.54167912328206e-05
8.54160616362301e-05
8.54153320521034e-05
8.54146024804401e-05
8.54138729212399e-05
8.54131433745025e-05
8.54124138402275e-05
8.54116843184148e-05
8.54109548090638e-05
8.54102253121744e-05
8.54094958277461e-05
8.54087663557788e-05
8.54080368962719e-05
8.54073074492254e-05
8.54065780146387e-05
8.54058485925116e-05
8.54051191828438e-05
8.5404389785635e-05
8.54036604008848e-05
8.54029310285929e-05
8.5402201668759e-05
8.54014723213828e-05
8.5400742986464e-05
8.54000136640022e-05
8.53992843539971e-05
8.53985550564484e-05
8.53978257713559e-05
8.5397096498719e-05
8.53963672385377e-05
8.53956379908114e-05
8.539490875554e-05
8.53941795327231e-05
8.53934503223603e-05
8.53927211244514e-05
8.5391991938996e-05
8.53912627659938e-05
8.53905336054445e-05
8.53898044573478e-05
8.53890753217033e-05
8.53883461985108e-05
8.53876170877699e-05
8.53868879894803e-05
8.53861589036417e-05
8.53854298302538e-05
8.53847007693162e-05
8.53839717208286e-05
8.53832426847907e-05
8.53825136612022e-05
8.53817846500628e-05
8.53810556513721e-05
8.53803266651298e-05
8.53795976913357e-05
8.53788687299893e-05
8.53781397810905e-05
8.53774108446387e-05
8.53766819206338e-05
8.53759530090755e-05
8.53752241099633e-05
8.5374495223297e-05
8.53737663490762e-05
8.53730374873008e-05
8.53723086379702e-05
8.53715798010842e-05
8.53708509766425e-05
8.53701221646448e-05
8.53693933650907e-05
8.536866457798e-05
8.53679358033123e-05
8.53672070410872e-05
8.53664782913046e-05
8.5365749553964e-05
8.53650208290651e-05
8.53642921166076e-05
8.53635634165913e-05
8.53628347290157e-05
8.53621060538806e-05
8.53613773911856e-05
8.53606487409304e-05
8.53599201031148e-05
8.53591914777383e-05
8.53584628648007e-05
8.53577342643017e-05
8.53570056762409e-05
8.5356277100618e-05
8.53555485374327e-05
8.53548199866846e-05
8.53540914483736e-05
8.53533629224991e-05
8.5352634409061e-05
8.53519059080589e-05
8.53511774194925e-05
8.53504489433614e-05
8.53497204796654e-05
8.53489920284041e-05
8.53482635895773e-05
8.53475351631845e-05
8.53468067492255e-05
8.53460783476999e-05
8.53453499586075e-05
8.53446215819479e-05
8.53438932177208e-05
8.53431648659259e-05
8.53424365265628e-05
8.53417081996313e-05
8.5340979885131e-05
8.53402515830617e-05
8.53395232934229e-05
8.53387950162144e-05
8.53380667514358e-05
8.53373384990869e-05
8.53366102591673e-05
8.53358820316767e-05
8.53351538166148e-05
8.53344256139812e-05
8.53336974237757e-05
8.53329692459979e-05
8.53322410806475e-05
8.53315129277242e-05
8.53307847872277e-05
8.53300566591576e-05
8.53293285435137e-05
8.53286004402956e-05
8.5327872349503e-05
8.53271442711355e-05
8.5326416205193e-05
8.53256881516749e-05
8.53249601105812e-05
8.53242320819113e-05
8.5323504065665e-05
8.5322776061842e-05
8.53220480704419e-05
8.53213200914645e-05
8.53205921249093e-05
8.53198641707762e-05
8.53191362290648e-05
8.53184082997748e-05
8.53176803829057e-05
8.53169524784575e-05
8.53162245864296e-05
8.53154967068218e-05
8.53147688396338e-05
8.53140409848653e-05
8.53133131425159e-05
8.53125853125853e-05
8.53118574950732e-05
8.53111296899794e-05
8.53104018973033e-05
8.53096741170449e-05
8.53089463492036e-05
8.53082185937793e-05
8.53074908507716e-05
8.53067631201802e-05
8.53060354020047e-05
8.53053076962449e-05
8.53045800029004e-05
8.53038523219709e-05
8.53031246534561e-05
8.53023969973556e-05
8.53016693536693e-05
8.53009417223966e-05
8.53002141035374e-05
8.52994864970913e-05
8.5298758903058e-05
8.52980313214371e-05
8.52973037522284e-05
8.52965761954315e-05
8.52958486510462e-05
8.5295121119072e-05
8.52943935995087e-05
8.5293666092356e-05
8.52929385976135e-05
8.52922111152809e-05
8.5291483645358e-05
8.52907561878444e-05
8.52900287427397e-05
8.52893013100437e-05
8.5288573889756e-05
8.52878464818763e-05
8.52871190864044e-05
8.52863917033398e-05
8.52856643326823e-05
8.52849369744316e-05
8.52842096285873e-05
8.52834822951491e-05
8.52827549741167e-05
8.52820276654898e-05
8.5281300369268e-05
8.52805730854511e-05
8.52798458140388e-05
8.52791185550306e-05
8.52783913084264e-05
8.52776640742257e-05
8.52769368524283e-05
8.52762096430338e-05
8.52754824460419e-05
8.52747552614524e-05
8.52740280892649e-05
8.5273300929479e-05
8.52725737820945e-05
8.5271846647111e-05
8.52711195245282e-05
8.52703924143459e-05
8.52696653165636e-05
8.52689382311811e-05
8.52682111581981e-05
8.52674840976142e-05
8.52667570494291e-05
8.52660300136426e-05
8.52653029902542e-05
8.52645759792636e-05
8.52638489806707e-05
8.52631219944749e-05
8.52623950206761e-05
8.52616680592739e-05
8.5260941110268e-05
8.5260214173658e-05
8.52594872494437e-05
8.52587603376247e-05
8.52580334382007e-05
8.52573065511714e-05
8.52565796765365e-05
8.52558528142957e-05
8.52551259644486e-05
8.5254399126995e-05
8.52536723019344e-05
8.52529454892666e-05
8.52522186889914e-05
8.52514919011083e-05
8.5250765125617e-05
8.52500383625173e-05
8.52493116118087e-05
8.52485848734911e-05
8.5247858147564e-05
8.52471314340272e-05
8.52464047328804e-05
8.52456780441232e-05
8.52449513677552e-05
8.52442247037763e-05
8.52434980521861e-05
8.52427714129842e-05
8.52420447861703e-05
8.52413181717442e-05
8.52405915697055e-05
8.52398649800539e-05
8.5239138402789e-05
8.52384118379106e-05
8.52376852854184e-05
8.5236958745312e-05
8.52362322175911e-05
8.52355057022553e-05
8.52347791993045e-05
8.52340527087382e-05
8.52333262305561e-05
8.5232599764758e-05
8.52318733113435e-05
8.52311468703123e-05
8.5230420441664e-05
8.52296940253985e-05
8.52289676215152e-05
8.5228241230014e-05
8.52275148508945e-05
8.52267884841563e-05
8.52260621297993e-05
8.5225335787823e-05
8.52246094582272e-05
8.52238831410114e-05
8.52231568361755e-05
8.52224305437191e-05
8.52217042636419e-05
8.52209779959435e-05
8.52202517406236e-05
8.5219525497682e-05
8.52187992671183e-05
8.52180730489322e-05
8.52173468431234e-05
8.52166206496915e-05
8.52158944686363e-05
8.52151682999574e-05
8.52144421436545e-05
8.52137159997273e-05
8.52129898681755e-05
8.52122637489988e-05
8.52115376421967e-05
8.52108115477692e-05
8.52100854657157e-05
8.52093593960361e-05
8.52086333387299e-05
8.52079072937969e-05
8.52071812612367e-05
8.52064552410491e-05
8.52057292332336e-05
8.52050032377901e-05
8.52042772547182e-05
8.52035512840175e-05
8.52028253256878e-05
8.52020993797287e-05
8.520137344614e-05
8.52006475249212e-05
8.51999216160721e-05
8.51991957195924e-05
8.51984698354818e-05
8.51977439637398e-05
8.51970181043663e-05
8.5196292257361e-05
8.51955664227234e-05
8.51948406004532e-05
8.51941147905503e-05
8.51933889930141e-05
8.51926632078445e-05
8.51919374350412e-05
8.51912116746036e-05
8.51904859265317e-05
8.51897601908251e-05
8.51890344674834e-05
8.51883087565063e-05
8.51875830578935e-05
8.51868573716447e-05
8.51861316977596e-05
8.51854060362379e-05
8.51846803870792e-05
8.51839547502832e-05
8.51832291258497e-05
8.51825035137783e-05
8.51817779140686e-05
8.51810523267204e-05
8.51803267517334e-05
8.51796011891072e-05
8.51788756388416e-05
8.51781501009361e-05
8.51774245753905e-05
8.51766990622045e-05
8.51759735613778e-05
8.517524807291e-05
8.51745225968008e-05
8.517379713305e-05
8.51730716816571e-05
8.51723462426219e-05
8.51716208159441e-05
8.51708954016234e-05
8.51701699996593e-05
8.51694446100517e-05
8.51687192328002e-05
8.51679938679044e-05
8.51672685153642e-05
8.51665431751791e-05
8.51658178473488e-05
8.5165092531873e-05
8.51643672287515e-05
8.51636419379838e-05
8.51629166595698e-05
8.51621913935089e-05
8.51614661398011e-05
8.51607408984458e-05
8.51600156694429e-05
8.51592904527919e-05
8.51585652484927e-05
8.51578400565448e-05
8.5157114876948e-05
8.51563897097019e-05
8.51556645548062e-05
8.51549394122606e-05
8.51542142820648e-05
8.51534891642185e-05
8.51527640587213e-05
8.5152038965573e-05
8.51513138847732e-05
8.51505888163217e-05
8.5149863760218e-05
8.51491387164619e-05
8.5148413685053e-05
8.51476886659912e-05
8.51469636592759e-05
8.5146238664907e-05
8.5145513682884e-05
8.51447887132068e-05
8.51440637558749e-05
8.51433388108881e-05
8.51426138782461e-05
8.51418889579484e-05
8.51411640499949e-05
8.51404391543852e-05
8.51397142711189e-05
8.51389894001958e-05
8.51382645416156e-05
8.51375396953779e-05
8.51368148614824e-05
8.51360900399288e-05
8.51353652307168e-05
8.51346404338461e-05
8.51339156493164e-05
8.51331908771273e-05
8.51324661172785e-05
8.51317413697697e-05
8.51310166346006e-05
8.5130291911771e-05
8.51295672012803e-05
8.51288425031285e-05
8.51281178173151e-05
8.51273931438398e-05
8.51266684827023e-05
8.51259438339023e-05
8.51252191974394e-05
8.51244945733135e-05
8.51237699615241e-05
8.51230453620709e-05
8.51223207749536e-05
8.51215962001719e-05
8.51208716377256e-05
8.51201470876142e-05
8.51194225498374e-05
8.5118698024395e-05
8.51179735112866e-05
8.5117249010512e-05
8.51165245220707e-05
8.51158000459625e-05
8.51150755821871e-05
8.51143511307441e-05
8.51136266916333e-05
8.51129022648543e-05
8.51121778504068e-05
8.51114534482905e-05
8.51107290585051e-05
8.51100046810503e-05
8.51092803159257e-05
8.5108555963131e-05
8.51078316226659e-05
8.51071072945302e-05
8.51063829787234e-05
8.51056586752453e-05
8.51049343840956e-05
8.51042101052739e-05
8.510348583878e-05
8.51027615846134e-05
8.5102037342774e-05
8.51013131132613e-05
8.51005888960752e-05
8.50998646912151e-05
8.5099140498681e-05
8.50984163184723e-05
8.50976921505889e-05
8.50969679950303e-05
8.50962438517964e-05
8.50955197208867e-05
8.5094795602301e-05
8.50940714960389e-05
8.50933474021001e-05
8.50926233204843e-05
8.50918992511913e-05
8.50911751942206e-05
8.5090451149572e-05
8.50897271172451e-05
8.50890030972397e-05
8.50882790895554e-05
8.50875550941919e-05
8.50868311111489e-05
8.50861071404261e-05
8.50853831820232e-05
8.50846592359398e-05
8.50839353021756e-05
8.50832113807304e-05
8.50824874716037e-05
8.50817635747954e-05
8.5081039690305e-05
8.50803158181323e-05
8.5079591958277e-05
8.50788681107387e-05
8.50781442755171e-05
8.50774204526119e-05
8.50766966420228e-05
8.50759728437495e-05
8.50752490577916e-05
8.50745252841489e-05
8.5073801522821e-05
8.50730777738077e-05
8.50723540371086e-05
8.50716303127233e-05
8.50709066006516e-05
8.50701829008932e-05
8.50694592134478e-05
8.5068735538315e-05
8.50680118754945e-05
8.5067288224986e-05
8.50665645867892e-05
8.50658409609037e-05
8.50651173473294e-05
8.50643937460658e-05
8.50636701571126e-05
8.50629465804695e-05
8.50622230161363e-05
8.50614994641126e-05
8.5060775924398e-05
8.50600523969923e-05
8.50593288818951e-05
8.50586053791062e-05
8.50578818886252e-05
8.50571584104518e-05
8.50564349445857e-05
8.50557114910266e-05
8.50549880497742e-05
8.50542646208281e-05
8.5053541204188e-05
8.50528177998537e-05
8.50520944078248e-05
8.5051371028101e-05
8.50506476606819e-05
8.50499243055674e-05
8.5049200962757e-05
8.50484776322504e-05
8.50477543140473e-05
8.50470310081475e-05
8.50463077145506e-05
8.50455844332562e-05
8.50448611642641e-05
8.5044137907574e-05
8.50434146631856e-05
8.50426914310984e-05
8.50419682113123e-05
8.50412450038269e-05
8.50405218086418e-05
8.50397986257569e-05
8.50390754551716e-05
8.50383522968859e-05
8.50376291508993e-05
8.50369060172115e-05
8.50361828958222e-05
8.50354597867311e-05
8.50347366899378e-05
8.50340136054422e-05
8.50332905332438e-05
8.50325674733423e-05
8.50318444257374e-05
8.50311213904289e-05
8.50303983674164e-05
8.50296753566995e-05
8.5028952358278e-05
8.50282293721515e-05
8.50275063983199e-05
8.50267834367826e-05
8.50260604875394e-05
8.50253375505901e-05
8.50246146259342e-05
8.50238917135715e-05
8.50231688135017e-05
8.50224459257244e-05
8.50217230502393e-05
8.50210001870462e-05
8.50202773361447e-05
8.50195544975344e-05
8.50188316712152e-05
8.50181088571866e-05
8.50173860554483e-05
8.50166632660001e-05
8.50159404888417e-05
8.50152177239726e-05
8.50144949713926e-05
8.50137722311014e-05
8.50130495030987e-05
8.50123267873842e-05
8.50116040839575e-05
8.50108813928183e-05
8.50101587139663e-05
8.50094360474013e-05
8.50087133931228e-05
8.50079907511306e-05
8.50072681214244e-05
8.50065455040038e-05
8.50058228988686e-05
8.50051003060184e-05
8.50043777254529e-05
8.50036551571718e-05
8.50029326011747e-05
8.50022100574615e-05
8.50014875260317e-05
8.50007650068851e-05
8.50000425000212e-05
8.499932000544e-05
8.49985975231409e-05
8.49978750531237e-05
8.49971525953881e-05
8.49964301499337e-05
8.49957077167603e-05
8.49949852958675e-05
8.49942628872551e-05
8.49935404909227e-05
8.499281810687e-05
8.49920957350966e-05
8.49913733756024e-05
8.49906510283869e-05
8.49899286934498e-05
8.49892063707909e-05
8.49884840604098e-05
8.49877617623062e-05
8.49870394764798e-05
8.49863172029303e-05
8.49855949416574e-05
8.49848726926607e-05
8.498415045594e-05
8.49834282314949e-05
8.49827060193251e-05
8.49819838194303e-05
8.49812616318102e-05
8.49805394564645e-05
8.49798172933928e-05
8.49790951425949e-05
8.49783730040705e-05
8.49776508778191e-05
8.49769287638406e-05
8.49762066621346e-05
8.49754845727008e-05
8.49747624955388e-05
8.49740404306484e-05
8.49733183780293e-05
8.49725963376811e-05
8.49718743096035e-05
8.49711522937963e-05
8.4970430290259e-05
8.49697082989914e-05
8.49689863199932e-05
8.49682643532641e-05
8.49675423988037e-05
8.49668204566117e-05
8.49660985266879e-05
8.49653766090318e-05
8.49646547036433e-05
8.49639328105219e-05
8.49632109296675e-05
8.49624890610795e-05
8.49617672047579e-05
8.49610453607021e-05
8.4960323528912e-05
8.49596017093872e-05
8.49588799021274e-05
8.49581581071322e-05
8.49574363244015e-05
8.49567145539348e-05
8.49559927957318e-05
8.49552710497923e-05
8.49545493161159e-05
8.49538275947023e-05
8.49531058855512e-05
8.49523841886623e-05
8.49516625040352e-05
8.49509408316697e-05
8.49502191715655e-05
8.49494975237221e-05
8.49487758881394e-05
8.49480542648171e-05
8.49473326537547e-05
8.4946611054952e-05
8.49458894684086e-05
8.49451678941243e-05
8.49444463320988e-05
8.49437247823317e-05
8.49430032448227e-05
8.49422817195716e-05
8.49415602065779e-05
8.49408387058414e-05
8.49401172173618e-05
8.49393957411387e-05
8.49386742771719e-05
8.4937952825461e-05
8.49372313860057e-05
8.49365099588058e-05
8.49357885438608e-05
8.49350671411706e-05
8.49343457507347e-05
8.49336243725529e-05
8.49329030066248e-05
8.49321816529501e-05
8.49314603115286e-05
8.49307389823599e-05
8.49300176654437e-05
8.49292963607797e-05
8.49285750683675e-05
8.49278537882069e-05
8.49271325202976e-05
8.49264112646392e-05
8.49256900212314e-05
8.4924968790074e-05
8.49242475711665e-05
8.49235263645088e-05
8.49228051701004e-05
8.49220839879411e-05
8.49213628180305e-05
8.49206416603684e-05
8.49199205149544e-05
8.49191993817882e-05
8.49184782608696e-05
8.49177571521981e-05
8.49170360557735e-05
8.49163149715955e-05
8.49155938996637e-05
8.49148728399779e-05
8.49141517925377e-05
8.49134307573429e-05
8.4912709734393e-05
8.49119887236879e-05
8.49112677252271e-05
8.49105467390105e-05
8.49098257650375e-05
8.49091048033081e-05
8.49083838538217e-05
8.49076629165782e-05
8.49069419915772e-05
8.49062210788184e-05
8.49055001783016e-05
8.49047792900262e-05
8.49040584139922e-05
8.49033375501991e-05
8.49026166986467e-05
8.49018958593345e-05
8.49011750322625e-05
8.49004542174301e-05
8.48997334148371e-05
8.48990126244832e-05
8.4898291846368e-05
8.48975710804914e-05
8.48968503268529e-05
8.48961295854522e-05
8.48954088562891e-05
8.48946881393631e-05
8.48939674346741e-05
8.48932467422217e-05
8.48925260620055e-05
8.48918053940253e-05
8.48910847382808e-05
8.48903640947716e-05
8.48896434634975e-05
8.4888922844458e-05
8.4888202237653e-05
8.48874816430821e-05
8.4886761060745e-05
8.48860404906413e-05
8.48853199327708e-05
8.48845993871332e-05
8.48838788537281e-05
8.48831583325552e-05
8.48824378236143e-05
8.4881717326905e-05
8.48809968424269e-05
8.48802763701799e-05
8.48795559101635e-05
8.48788354623775e-05
8.48781150268215e-05
8.48773946034952e-05
8.48766741923984e-05
8.48759537935308e-05
8.48752334068919e-05
8.48745130324815e-05
8.48737926702993e-05
8.48730723203449e-05
8.48723519826181e-05
8.48716316571186e-05
8.4870911343846e-05
8.48701910428e-05
8.48694707539804e-05
8.48687504773867e-05
8.48680302130188e-05
8.48673099608762e-05
8.48665897209587e-05
8.48658694932659e-05
8.48651492777976e-05
8.48644290745534e-05
8.4863708883533e-05
8.48629887047362e-05
8.48622685381626e-05
8.48615483838118e-05
8.48608282416836e-05
8.48601081117777e-05
8.48593879940938e-05
8.48586678886315e-05
8.48579477953905e-05
8.48572277143706e-05
8.48565076455713e-05
8.48557875889925e-05
8.48550675446338e-05
8.48543475124948e-05
8.48536274925753e-05
8.4852907484875e-05
8.48521874893935e-05
8.48514675061305e-05
8.48507475350858e-05
8.4850027576259e-05
8.48493076296497e-05
8.48485876952578e-05
8.48478677730829e-05
8.48471478631246e-05
8.48464279653827e-05
8.48457080798568e-05
8.48449882065466e-05
8.48442683454519e-05
8.48435484965723e-05
8.48428286599075e-05
8.48421088354572e-05
8.48413890232211e-05
8.48406692231988e-05
8.48399494353901e-05
8.48392296597947e-05
8.48385098964122e-05
8.48377901452423e-05
8.48370704062847e-05
8.48363506795392e-05
8.48356309650053e-05
8.48349112626828e-05
8.48341915725714e-05
8.48334718946708e-05
8.48327522289806e-05
8.48320325755005e-05
8.48313129342303e-05
8.48305933051696e-05
8.48298736883181e-05
8.48291540836755e-05
8.48284344912415e-05
8.48277149110157e-05
8.4826995342998e-05
8.48262757871878e-05
8.48255562435851e-05
8.48248367121893e-05
8.48241171930003e-05
8.48233976860177e-05
8.48226781912412e-05
8.48219587086705e-05
8.48212392383053e-05
8.48205197801452e-05
8.481980033419e-05
8.48190809004394e-05
8.48183614788929e-05
8.48176420695505e-05
8.48169226724116e-05
8.4816203287476e-05
8.48154839147435e-05
8.48147645542136e-05
8.48140452058861e-05
8.48133258697607e-05
8.4812606545837e-05
8.48118872341147e-05
8.48111679345936e-05
8.48104486472733e-05
8.48097293721536e-05
8.4809010109234e-05
8.48082908585143e-05
8.48075716199942e-05
8.48068523936734e-05
8.48061331795515e-05
8.48054139776283e-05
8.48046947879035e-05
8.48039756103766e-05
8.48032564450475e-05
8.48025372919158e-05
8.48018181509812e-05
8.48010990222433e-05
8.4800379905702e-05
8.47996608013568e-05
8.47989417092075e-05
8.47982226292537e-05
8.47975035614951e-05
8.47967845059315e-05
8.47960654625625e-05
8.47953464313878e-05
8.47946274124071e-05
8.47939084056201e-05
8.47931894110265e-05
8.47924704286259e-05
8.47917514584181e-05
8.47910325004028e-05
8.47903135545795e-05
8.47895946209481e-05
8.47888756995082e-05
8.47881567902595e-05
8.47874378932017e-05
8.47867190083345e-05
8.47860001356576e-05
8.47852812751706e-05
8.47845624268733e-05
8.47838435907653e-05
8.47831247668464e-05
8.47824059551162e-05
8.47816871555744e-05
8.47809683682207e-05
8.47802495930548e-05
8.47795308300764e-05
8.47788120792851e-05
8.47780933406808e-05
8.47773746142629e-05
8.47766559000314e-05
8.47759371979857e-05
8.47752185081257e-05
8.4774499830451e-05
8.47737811649613e-05
8.47730625116563e-05
8.47723438705357e-05
8.47716252415991e-05
8.47709066248464e-05
8.4770188020277e-05
8.47694694278908e-05
8.47687508476875e-05
8.47680322796667e-05
8.47673137238281e-05
8.47665951801714e-05
8.47658766486963e-05
8.47651581294025e-05
8.47644396222897e-05
8.47637211273575e-05
8.47630026446057e-05
8.47622841740339e-05
8.47615657156419e-05
8.47608472694293e-05
8.47601288353958e-05
8.47594104135412e-05
8.4758692003865e-05
8.4757973606367e-05
8.47572552210469e-05
8.47565368479044e-05
8.47558184869391e-05
8.47551001381508e-05
8.47543818015391e-05
8.47536634771038e-05
8.47529451648445e-05
8.47522268647609e-05
8.47515085768527e-05
8.47507903011196e-05
8.47500720375612e-05
8.47493537861774e-05
8.47486355469677e-05
8.47479173199319e-05
8.47471991050696e-05
8.47464809023805e-05
8.47457627118644e-05
8.47450445335209e-05
8.47443263673497e-05
8.47436082133505e-05
8.4742890071523e-05
8.47421719418669e-05
8.47414538243818e-05
8.47407357190675e-05
8.47400176259237e-05
8.473929954495e-05
8.47385814761461e-05
8.47378634195117e-05
8.47371453750466e-05
8.47364273427504e-05
8.47357093226227e-05
8.47349913146634e-05
8.4734273318872e-05
8.47335553352483e-05
8.4732837363792e-05
8.47321194045027e-05
8.47314014573801e-05
8.4730683522424e-05
8.4729965599634e-05
8.47292476890098e-05
8.47285297905511e-05
8.47278119042576e-05
8.4727094030129e-05
8.47263761681649e-05
8.47256583183651e-05
8.47249404807293e-05
8.47242226552571e-05
8.47235048419483e-05
8.47227870408025e-05
8.47220692518194e-05
8.47213514749987e-05
8.47206337103402e-05
8.47199159578434e-05
8.47191982175081e-05
8.47184804893339e-05
8.47177627733207e-05
8.4717045069468e-05
8.47163273777755e-05
8.4715609698243e-05
8.47148920308701e-05
8.47141743756565e-05
8.4713456732602e-05
8.47127391017061e-05
8.47120214829687e-05
8.47113038763893e-05
8.47105862819677e-05
8.47098686997035e-05
8.47091511295965e-05
8.47084335716464e-05
8.47077160258528e-05
8.47069984922154e-05
8.4706280970734e-05
8.47055634614081e-05
8.47048459642376e-05
8.47041284792221e-05
8.47034110063612e-05
8.47026935456547e-05
8.47019760971023e-05
8.47012586607037e-05
8.47005412364585e-05
8.46998238243664e-05
8.46991064244272e-05
8.46983890366405e-05
8.4697671661006e-05
8.46969542975235e-05
8.46962369461925e-05
8.46955196070128e-05
8.46948022799841e-05
8.4694084965106e-05
8.46933676623784e-05
8.46926503718007e-05
8.46919330933729e-05
8.46912158270944e-05
8.46904985729651e-05
8.46897813309846e-05
8.46890641011526e-05
8.46883468834688e-05
8.46876296779329e-05
8.46869124845446e-05
8.46861953033036e-05
8.46854781342095e-05
8.46847609772621e-05
8.46840438324611e-05
8.46833266998061e-05
8.46826095792968e-05
8.46818924709329e-05
8.46811753747142e-05
8.46804582906403e-05
8.46797412187108e-05
8.46790241589256e-05
8.46783071112842e-05
8.46775900757864e-05
8.46768730524319e-05
8.46761560412204e-05
8.46754390421514e-05
8.46747220552249e-05
8.46740050804403e-05
8.46732881177975e-05
8.46725711672961e-05
8.46718542289358e-05
8.46711373027163e-05
8.46704203886372e-05
8.46697034866984e-05
8.46689865968994e-05
8.466826971924e-05
8.46675528537199e-05
8.46668360003387e-05
8.46661191590961e-05
8.46654023299919e-05
8.46646855130257e-05
8.46639687081972e-05
8.46632519155061e-05
8.46625351349521e-05
8.46618183665349e-05
8.46611016102542e-05
8.46603848661096e-05
8.46596681341009e-05
8.46589514142278e-05
8.46582347064899e-05
8.4657518010887e-05
8.46568013274186e-05
8.46560846560847e-05
8.46553679968847e-05
8.46546513498184e-05
8.46539347148855e-05
8.46532180920858e-05
8.46525014814188e-05
8.46517848828843e-05
8.46510682964819e-05
8.46503517222114e-05
8.46496351600725e-05
8.46489186100648e-05
8.4648202072188e-05
8.46474855464418e-05
8.4646769032826e-05
8.46460525313402e-05
8.46453360419841e-05
8.46446195647574e-05
8.46439030996597e-05
8.46431866466909e-05
8.46424702058505e-05
8.46417537771383e-05
8.46410373605539e-05
8.46403209560971e-05
8.46396045637675e-05
8.46388881835648e-05
8.46381718154888e-05
8.46374554595391e-05
8.46367391157153e-05
8.46360227840173e-05
8.46353064644447e-05
8.46345901569972e-05
8.46338738616744e-05
8.46331575784761e-05
8.4632441307402e-05
8.46317250484517e-05
8.46310088016249e-05
8.46302925669214e-05
8.46295763443408e-05
8.46288601338829e-05
8.46281439355472e-05
8.46274277493336e-05
8.46267115752416e-05
8.46259954132711e-05
8.46252792634216e-05
8.46245631256929e-05
8.46238470000846e-05
8.46231308865965e-05
8.46224147852283e-05
8.46216986959796e-05
8.46209826188502e-05
8.46202665538396e-05
8.46195505009477e-05
8.46188344601741e-05
8.46181184315186e-05
8.46174024149807e-05
8.46166864105602e-05
8.46159704182567e-05
8.46152544380701e-05
8.46145384699999e-05
8.46138225140459e-05
8.46131065702077e-05
8.46123906384851e-05
8.46116747188777e-05
8.46109588113852e-05
8.46102429160074e-05
8.46095270327439e-05
8.46088111615944e-05
8.46080953025585e-05
8.46073794556361e-05
8.46066636208268e-05
8.46059477981302e-05
8.46052319875461e-05
8.46045161890742e-05
8.46038004027141e-05
8.46030846284655e-05
8.46023688663283e-05
8.46016531163019e-05
8.46009373783862e-05
8.46002216525807e-05
8.45995059388853e-05
8.45987902372996e-05
8.45980745478233e-05
8.45973588704561e-05
8.45966432051976e-05
8.45959275520476e-05
8.45952119110058e-05
8.45944962820719e-05
8.45937806652455e-05
8.45930650605263e-05
8.45923494679141e-05
8.45916338874085e-05
8.45909183190093e-05
8.4590202762716e-05
8.45894872185285e-05
8.45887716864463e-05
8.45880561664693e-05
8.4587340658597e-05
8.45866251628293e-05
8.45859096791656e-05
8.45851942076059e-05
8.45844787481497e-05
8.45837633007968e-05
8.45830478655468e-05
8.45823324423994e-05
8.45816170313544e-05
8.45809016324114e-05
8.45801862455701e-05
8.45794708708302e-05
8.45787555081915e-05
8.45780401576535e-05
8.4577324819216e-05
8.45766094928787e-05
8.45758941786412e-05
8.45751788765033e-05
8.45744635864647e-05
8.4573748308525e-05
8.4573033042684e-05
8.45723177889413e-05
8.45716025472967e-05
8.45708873177497e-05
8.45701721003002e-05
8.45694568949478e-05
8.45687417016922e-05
8.45680265205331e-05
8.45673113514702e-05
8.45665961945032e-05
8.45658810496317e-05
8.45651659168555e-05
8.45644507961743e-05
8.45637356875877e-05
8.45630205910955e-05
8.45623055066973e-05
8.45615904343929e-05
8.45608753741819e-05
8.4560160326064e-05
8.45594452900389e-05
8.45587302661063e-05
8.45580152542659e-05
8.45573002545175e-05
8.45565852668606e-05
8.4555870291295e-05
8.45551553278203e-05
8.45544403764364e-05
8.45537254371428e-05
8.45530105099392e-05
8.45522955948254e-05
8.4551580691801e-05
8.45508658008658e-05
8.45501509220194e-05
8.45494360552615e-05
8.45487212005918e-05
8.45480063580101e-05
8.45472915275159e-05
8.4546576709109e-05
8.45458619027892e-05
8.4545147108556e-05
8.45444323264091e-05
8.45437175563484e-05
8.45430027983734e-05
8.45422880524838e-05
8.45415733186795e-05
8.45408585969599e-05
8.45401438873249e-05
8.45394291897741e-05
8.45387145043073e-05
8.4537999830924e-05
8.45372851696241e-05
8.45365705204071e-05
8.45358558832729e-05
8.4535141258221e-05
8.45344266452513e-05
8.45337120443633e-05
8.45329974555568e-05
8.45322828788314e-05
8.45315683141869e-05
8.4530853761623e-05
8.45301392211393e-05
8.45294246927355e-05
8.45287101764114e-05
8.45279956721666e-05
8.45272811800008e-05
8.45265666999138e-05
8.45258522319051e-05
8.45251377759746e-05
8.45244233321218e-05
8.45237089003465e-05
8.45229944806485e-05
8.45222800730272e-05
8.45215656774826e-05
8.45208512940142e-05
8.45201369226218e-05
8.4519422563305e-05
8.45187082160636e-05
8.45179938808972e-05
8.45172795578056e-05
8.45165652467884e-05
8.45158509478453e-05
8.4515136660976e-05
8.45144223861802e-05
8.45137081234576e-05
8.45129938728079e-05
8.45122796342309e-05
8.4511565407726e-05
8.45108511932932e-05
8.45101369909321e-05
8.45094228006423e-05
8.45087086224235e-05
8.45079944562756e-05
8.4507280302198e-05
8.45065661601906e-05
8.45058520302531e-05
8.45051379123851e-05
8.45044238065863e-05
8.45037097128564e-05
8.45029956311951e-05
8.45022815616022e-05
8.45015675040772e-05
8.45008534586199e-05
8.450013942523e-05
8.44994254039073e-05
8.44987113946512e-05
8.44979973974617e-05
8.44972834123383e-05
8.44965694392808e-05
8.44958554782888e-05
8.44951415293621e-05
8.44944275925003e-05
8.44937136677031e-05
8.44929997549703e-05
8.44922858543015e-05
8.44915719656964e-05
8.44908580891548e-05
8.44901442246762e-05
8.44894303722604e-05
8.44887165319072e-05
8.44880027036161e-05
8.44872888873869e-05
8.44865750832193e-05
8.44858612911129e-05
8.44851475110676e-05
8.44844337430828e-05
8.44837199871585e-05
8.44830062432942e-05
8.44822925114896e-05
8.44815787917445e-05
8.44808650840585e-05
8.44801513884313e-05
8.44794377048626e-05
8.44787240333522e-05
8.44780103738997e-05
8.44772967265047e-05
8.44765830911671e-05
8.44758694678865e-05
8.44751558566626e-05
8.4474442257495e-05
8.44737286703835e-05
8.44730150953278e-05
8.44723015323275e-05
8.44715879813825e-05
8.44708744424922e-05
8.44701609156565e-05
8.44694474008751e-05
8.44687338981476e-05
8.44680204074737e-05
8.44673069288532e-05
8.44665934622857e-05
8.44658800077709e-05
8.44651665653085e-05
8.44644531348982e-05
8.44637397165397e-05
8.44630263102327e-05
8.44623129159769e-05
8.4461599533772e-05
8.44608861636176e-05
8.44601728055136e-05
8.44594594594595e-05
8.4458746125455e-05
8.44580328034999e-05
8.44573194935939e-05
8.44566061957366e-05
8.44558929099278e-05
8.44551796361671e-05
8.44544663744542e-05
8.44537531247889e-05
8.44530398871707e-05
8.44523266615995e-05
8.44516134480749e-05
8.44509002465966e-05
8.44501870571643e-05
8.44494738797777e-05
8.44487607144365e-05
8.44480475611404e-05
8.4447334419889e-05
8.44466212906822e-05
8.44459081735195e-05
8.44451950684006e-05
8.44444819753253e-05
8.44437688942933e-05
8.44430558253042e-05
8.44423427683578e-05
8.44416297234537e-05
8.44409166905916e-05
8.44402036697712e-05
8.44394906609923e-05
8.44387776642545e-05
8.44380646795575e-05
8.44373517069011e-05
8.44366387462848e-05
8.44359257977084e-05
8.44352128611716e-05
8.44344999366741e-05
8.44337870242156e-05
8.44330741237958e-05
8.44323612354143e-05
8.44316483590709e-05
8.44309354947653e-05
8.44302226424971e-05
8.44295098022661e-05
8.44287969740719e-05
8.44280841579143e-05
8.44273713537929e-05
8.44266585617074e-05
8.44259457816576e-05
8.44252330136431e-05
8.44245202576636e-05
8.44238075137189e-05
8.44230947818085e-05
8.44223820619323e-05
8.44216693540898e-05
8.44209566582809e-05
8.44202439745051e-05
8.44195313027622e-05
8.44188186430519e-05
8.44181059953739e-05
8.44173933597278e-05
8.44166807361135e-05
8.44159681245304e-05
8.44152555249785e-05
8.44145429374573e-05
8.44138303619665e-05
8.44131177985059e-05
8.44124052470751e-05
8.44116927076739e-05
8.44109801803019e-05
8.44102676649588e-05
8.44095551616443e-05
8.44088426703581e-05
8.44081301911e-05
8.44074177238696e-05
8.44067052686665e-05
8.44059928254906e-05
8.44052803943415e-05
8.44045679752188e-05
8.44038555681224e-05
8.44031431730518e-05
8.44024307900068e-05
8.4401718418987e-05
8.44010060599922e-05
8.44002937130221e-05
8.43995813780764e-05
8.43988690551547e-05
8.43981567442567e-05
8.43974444453822e-05
8.43967321585308e-05
8.43960198837023e-05
8.43953076208963e-05
8.43945953701125e-05
8.43938831313506e-05
8.43931709046104e-05
8.43924586898915e-05
8.43917464871936e-05
8.43910342965163e-05
8.43903221178595e-05
8.43896099512228e-05
8.43888977966059e-05
8.43881856540084e-05
8.43874735234302e-05
8.43867614048708e-05
8.438604929833e-05
8.43853372038075e-05
8.43846251213029e-05
8.4383913050816e-05
8.43832009923464e-05
8.4382488945894e-05
8.43817769114582e-05
8.43810648890389e-05
8.43803528786357e-05
8.43796408802484e-05
8.43789288938766e-05
8.437821691952e-05
8.43775049571784e-05
8.43767930068514e-05
8.43760810685387e-05
8.437536914224e-05
8.4374657227955e-05
8.43739453256834e-05
8.43732334354249e-05
8.43725215571793e-05
8.43718096909461e-05
8.4371097836725e-05
8.43703859945159e-05
8.43696741643184e-05
8.43689623461321e-05
8.43682505399568e-05
8.43675387457922e-05
8.43668269636379e-05
8.43661151934937e-05
8.43654034353592e-05
8.43646916892342e-05
8.43639799551184e-05
8.43632682330113e-05
8.43625565229129e-05
8.43618448248226e-05
8.43611331387403e-05
8.43604214646656e-05
8.43597098025983e-05
8.43589981525379e-05
8.43582865144843e-05
8.43575748884371e-05
8.4356863274396e-05
8.43561516723607e-05
8.43554400823309e-05
8.43547285043063e-05
8.43540169382866e-05
8.43533053842715e-05
8.43525938422607e-05
8.43518823122538e-05
8.43511707942506e-05
8.43504592882508e-05
8.43497477942541e-05
8.43490363122601e-05
8.43483248422686e-05
8.43476133842793e-05
8.43469019382918e-05
8.43461905043059e-05
8.43454790823212e-05
8.43447676723374e-05
8.43440562743543e-05
8.43433448883716e-05
8.43426335143889e-05
8.43419221524059e-05
8.43412108024223e-05
8.43404994644378e-05
8.43397881384522e-05
8.43390768244651e-05
8.43383655224762e-05
8.43376542324852e-05
8.43369429544918e-05
8.43362316884957e-05
8.43355204344966e-05
8.43348091924942e-05
8.43340979624882e-05
8.43333867444783e-05
8.43326755384641e-05
8.43319643444455e-05
8.4331253162422e-05
8.43305419923934e-05
8.43298308343593e-05
8.43291196883196e-05
8.43284085542738e-05
8.43276974322216e-05
8.43269863221628e-05
8.43262752240971e-05
8.43255641380241e-05
8.43248530639435e-05
8.43241420018551e-05
8.43234309517586e-05
8.43227199136535e-05
8.43220088875397e-05
8.43212978734169e-05
8.43205868712846e-05
8.43198758811427e-05
8.43191649029908e-05
8.43184539368286e-05
8.43177429826558e-05
8.43170320404722e-05
8.43163211102773e-05
8.4315610192071e-05
8.43148992858528e-05
8.43141883916225e-05
8.43134775093799e-05
8.43127666391245e-05
8.43120557808561e-05
8.43113449345744e-05
8.43106341002791e-05
8.43099232779698e-05
8.43092124676463e-05
8.43085016693083e-05
8.43077908829555e-05
8.43070801085875e-05
8.43063693462041e-05
8.4305658595805e-05
8.43049478573898e-05
8.43042371309582e-05
8.430352641651e-05
8.43028157140448e-05
8.43021050235624e-05
8.43013943450625e-05
8.43006836785446e-05
8.42999730240086e-05
8.42992623814542e-05
8.42985517508809e-05
8.42978411322886e-05
8.42971305256769e-05
8.42964199310455e-05
8.42957093483942e-05
8.42949987777225e-05
8.42942882190303e-05
8.42935776723171e-05
8.42928671375828e-05
8.4292156614827e-05
8.42914461040494e-05
8.42907356052496e-05
8.42900251184275e-05
8.42893146435826e-05
8.42886041807148e-05
8.42878937298236e-05
8.42871832909088e-05
8.42864728639701e-05
8.42857624490071e-05
8.42850520460196e-05
8.42843416550073e-05
8.42836312759699e-05
8.4282920908907e-05
8.42822105538184e-05
8.42815002107038e-05
8.42807898795628e-05
8.42800795603951e-05
8.42793692532005e-05
8.42786589579787e-05
8.42779486747293e-05
8.4277238403452e-05
8.42765281441466e-05
8.42758178968127e-05
8.427510766145e-05
8.42743974380583e-05
8.42736872266372e-05
8.42729770271865e-05
8.42722668397057e-05
8.42715566641947e-05
8.42708465006531e-05
8.42701363490806e-05
8.42694262094769e-05
8.42687160818418e-05
8.42680059661748e-05
8.42672958624758e-05
8.42665857707443e-05
8.42658756909802e-05
8.4265165623183e-05
8.42644555673526e-05
8.42637455234885e-05
8.42630354915905e-05
8.42623254716584e-05
8.42616154636917e-05
8.42609054676902e-05
8.42601954836535e-05
8.42594855115815e-05
8.42587755514737e-05
8.42580656033299e-05
8.42573556671497e-05
8.4256645742933e-05
8.42559358306793e-05
8.42552259303883e-05
8.42545160420599e-05
8.42538061656935e-05
8.42530963012891e-05
8.42523864488462e-05
8.42516766083645e-05
8.42509667798438e-05
8.42502569632837e-05
8.4249547158684e-05
8.42488373660444e-05
8.42481275853644e-05
8.42474178166439e-05
8.42467080598826e-05
8.424599831508e-05
8.4245288582236e-05
8.42445788613503e-05
8.42438691524224e-05
8.42431594554522e-05
8.42424497704393e-05
8.42417400973835e-05
8.42410304362843e-05
8.42403207871416e-05
8.42396111499549e-05
8.42389015247241e-05
8.42381919114488e-05
8.42374823101287e-05
8.42367727207635e-05
8.42360631433529e-05
8.42353535778966e-05
8.42346440243944e-05
8.42339344828458e-05
8.42332249532506e-05
8.42325154356084e-05
8.42318059299191e-05
8.42310964361823e-05
8.42303869543977e-05
8.42296774845649e-05
8.42289680266837e-05
8.42282585807538e-05
8.42275491467749e-05
8.42268397247467e-05
8.42261303146688e-05
8.4225420916541e-05
8.4224711530363e-05
8.42240021561345e-05
8.42232927938551e-05
8.42225834435246e-05
8.42218741051426e-05
8.42211647787089e-05
8.42204554642232e-05
8.42197461616851e-05
8.42190368710943e-05
8.42183275924507e-05
8.42176183257538e-05
8.42169090710033e-05
8.4216199828199e-05
8.42154905973405e-05
8.42147813784275e-05
8.42140721714599e-05
8.42133629764371e-05
8.4212653793359e-05
8.42119446222252e-05
8.42112354630355e-05
8.42105263157895e-05
8.42098171804869e-05
8.42091080571275e-05
8.42083989457108e-05
8.42076898462368e-05
8.42069807587049e-05
8.4206271683115e-05
8.42055626194666e-05
8.42048535677596e-05
8.42041445279937e-05
8.42034355001684e-05
8.42027264842836e-05
8.42020174803388e-05
8.42013084883339e-05
8.42005995082685e-05
8.41998905401423e-05
8.4199181583955e-05
8.41984726397063e-05
8.41977637073959e-05
8.41970547870235e-05
8.41963458785889e-05
8.41956369820916e-05
8.41949280975314e-05
8.4194219224908e-05
8.41935103642211e-05
8.41928015154704e-05
8.41920926786556e-05
8.41913838537764e-05
8.41906750408325e-05
8.41899662398235e-05
8.41892574507493e-05
8.41885486736094e-05
8.41878399084036e-05
8.41871311551316e-05
8.41864224137931e-05
8.41857136843878e-05
8.41850049669153e-05
8.41842962613754e-05
8.41835875677678e-05
8.41828788860921e-05
8.41821702163482e-05
8.41814615585356e-05
8.41807529126541e-05
8.41800442787033e-05
8.4179335656683e-05
8.41786270465929e-05
8.41779184484326e-05
8.41772098622019e-05
8.41765012879005e-05
8.4175792725528e-05
8.41750841750842e-05
8.41743756365687e-05
8.41736671099813e-05
8.41729585953217e-05
8.41722500925895e-05
8.41715416017844e-05
8.41708331229063e-05
8.41701246559546e-05
8.41694162009292e-05
8.41687077578298e-05
8.4167999326656e-05
8.41672909074076e-05
8.41665825000842e-05
8.41658741046855e-05
8.41651657212113e-05
8.41644573496612e-05
8.4163748990035e-05
8.41630406423323e-05
8.41623323065529e-05
8.41616239826964e-05
8.41609156707625e-05
8.4160207370751e-05
8.41594990826615e-05
8.41587908064937e-05
8.41580825422474e-05
8.41573742899221e-05
8.41566660495178e-05
8.41559578210339e-05
8.41552496044703e-05
8.41545413998266e-05
8.41538332071026e-05
8.41531250262978e-05
8.41524168574121e-05
8.41517087004452e-05
8.41510005553966e-05
8.41502924222662e-05
8.41495843010536e-05
8.41488761917585e-05
8.41481680943806e-05
8.41474600089196e-05
8.41467519353753e-05
8.41460438737473e-05
8.41453358240353e-05
8.4144627786239e-05
8.41439197603581e-05
8.41432117463924e-05
8.41425037443414e-05
8.4141795754205e-05
8.41410877759828e-05
8.41403798096745e-05
8.41396718552798e-05
8.41389639127984e-05
8.413825598223e-05
8.41375480635743e-05
8.41368401568311e-05
8.41361322619999e-05
8.41354243790806e-05
8.41347165080727e-05
8.41340086489761e-05
8.41333008017904e-05
8.41325929665152e-05
8.41318851431504e-05
8.41311773316956e-05
8.41304695321505e-05
8.41297617445147e-05
8.41290539687881e-05
8.41283462049703e-05
8.4127638453061e-05
8.41269307130599e-05
8.41262229849666e-05
8.4125515268781e-05
8.41248075645027e-05
8.41240998721314e-05
8.41233921916667e-05
8.41226845231085e-05
8.41219768664564e-05
8.412126922171e-05
8.41205615888692e-05
8.41198539679335e-05
8.41191463589028e-05
8.41184387617766e-05
8.41177311765547e-05
8.41170236032368e-05
8.41163160418226e-05
8.41156084923118e-05
8.41149009547041e-05
8.41141934289992e-05
8.41134859151968e-05
8.41127784132965e-05
8.41120709232982e-05
8.41113634452014e-05
8.4110655979006e-05
8.41099485247115e-05
8.41092410823177e-05
8.41085336518243e-05
8.4107826233231e-05
8.41071188265375e-05
8.41064114317434e-05
8.41057040488486e-05
8.41049966778526e-05
8.41042893187553e-05
8.41035819715562e-05
8.41028746362551e-05
8.41021673128517e-05
8.41014600013456e-05
8.41007527017367e-05
8.41000454140245e-05
8.40993381382088e-05
8.40986308742894e-05
8.40979236222658e-05
8.40972163821378e-05
8.4096509153905e-05
8.40958019375673e-05
8.40950947331242e-05
8.40943875405755e-05
8.4093680359921e-05
8.40929731911602e-05
8.40922660342928e-05
8.40915588893187e-05
8.40908517562374e-05
8.40901446350488e-05
8.40894375257524e-05
8.4088730428348e-05
8.40880233428353e-05
8.4087316269214e-05
8.40866092074837e-05
8.40859021576442e-05
8.40851951196953e-05
8.40844880936365e-05
8.40837810794676e-05
8.40830740771883e-05
8.40823670867982e-05
8.40816601082972e-05
8.40809531416848e-05
8.40802461869608e-05
8.40795392441249e-05
8.40788323131768e-05
8.40781253941162e-05
8.40774184869428e-05
8.40767115916562e-05
8.40760047082563e-05
8.40752978367426e-05
8.40745909771149e-05
8.40738841293729e-05
8.40731772935163e-05
8.40724704695447e-05
8.4071763657458e-05
8.40710568572557e-05
8.40703500689377e-05
8.40696432925035e-05
8.40689365279529e-05
8.40682297752856e-05
8.40675230345013e-05
8.40668163055997e-05
8.40661095885805e-05
8.40654028834433e-05
8.4064696190188e-05
8.40639895088141e-05
8.40632828393214e-05
8.40625761817097e-05
8.40618695359785e-05
8.40611629021276e-05
8.40604562801567e-05
8.40597496700655e-05
8.40590430718537e-05
8.4058336485521e-05
8.4057629911067e-05
8.40569233484916e-05
8.40562167977944e-05
8.4055510258975e-05
8.40548037320333e-05
8.40540972169688e-05
8.40533907137814e-05
8.40526842224706e-05
8.40519777430363e-05
8.4051271275478e-05
8.40505648197956e-05
8.40498583759886e-05
8.40491519440569e-05
8.4048445524e-05
8.40477391158178e-05
8.40470327195098e-05
8.40463263350759e-05
8.40456199625156e-05
8.40449136018288e-05
8.40442072530151e-05
8.40435009160742e-05
8.40427945910057e-05
8.40420882778095e-05
8.40413819764852e-05
8.40406756870325e-05
8.40399694094511e-05
8.40392631437408e-05
8.40385568899011e-05
8.40378506479318e-05
8.40371444178327e-05
8.40364381996033e-05
8.40357319932435e-05
8.40350257987529e-05
8.40343196161312e-05
8.40336134453782e-05
8.40329072864934e-05
8.40322011394767e-05
8.40314950043276e-05
8.4030788881046e-05
8.40300827696315e-05
8.40293766700839e-05
8.40286705824027e-05
8.40279645065878e-05
8.40272584426388e-05
8.40265523905554e-05
8.40258463503374e-05
8.40251403219843e-05
8.4024434305496e-05
8.40237283008722e-05
8.40230223081124e-05
8.40223163272165e-05
8.40216103581841e-05
8.4020904401015e-05
8.40201984557087e-05
8.40194925222652e-05
8.40187866006839e-05
8.40180806909647e-05
8.40173747931072e-05
8.40166689071112e-05
8.40159630329763e-05
8.40152571707022e-05
8.40145513202887e-05
8.40138454817354e-05
8.4013139655042e-05
8.40124338402084e-05
8.4011728037234e-05
8.40110222461187e-05
8.40103164668621e-05
8.4009610699464e-05
8.40089049439241e-05
8.40081992002419e-05
8.40074934684174e-05
8.40067877484501e-05
8.40060820403397e-05
8.4005376344086e-05
8.40046706596887e-05
8.40039649871474e-05
8.40032593264619e-05
8.40025536776318e-05
8.40018480406569e-05
8.40011424155369e-05
8.40004368022714e-05
8.39997312008602e-05
8.39990256113029e-05
8.39983200335993e-05
8.39976144677491e-05
8.3996908913752e-05
8.39962033716076e-05
8.39954978413157e-05
8.3994792322876e-05
8.39940868162881e-05
8.39933813215519e-05
8.39926758386669e-05
8.39919703676328e-05
8.39912649084495e-05
8.39905594611166e-05
8.39898540256337e-05
8.39891486020006e-05
8.3988443190217e-05
8.39877377902826e-05
8.39870324021971e-05
8.39863270259602e-05
8.39856216615715e-05
8.39849163090309e-05
8.39842109683379e-05
8.39835056394924e-05
8.3982800322494e-05
8.39820950173423e-05
8.39813897240371e-05
8.39806844425782e-05
8.39799791729652e-05
8.39792739151977e-05
8.39785686692756e-05
8.39778634351985e-05
8.39771582129661e-05
8.39764530025781e-05
8.39757478040342e-05
8.39750426173341e-05
8.39743374424776e-05
8.39736322794642e-05
8.39729271282938e-05
8.39722219889661e-05
8.39715168614806e-05
8.39708117458371e-05
8.39701066420354e-05
8.39694015500752e-05
8.3968696469956e-05
8.39679914016777e-05
8.39672863452399e-05
8.39665813006423e-05
8.39658762678847e-05
8.39651712469668e-05
8.39644662378881e-05
8.39637612406485e-05
8.39630562552477e-05
8.39623512816853e-05
8.3961646319961e-05
8.39609413700746e-05
8.39602364320258e-05
8.39595315058142e-05
8.39588265914396e-05
8.39581216889016e-05
8.39574167982e-05
8.39567119193344e-05
8.39560070523046e-05
8.39553021971103e-05
8.39545973537511e-05
8.39538925222268e-05
8.39531877025371e-05
8.39524828946816e-05
8.39517780986601e-05
8.39510733144723e-05
8.39503685421179e-05
8.39496637815966e-05
8.3948959032908e-05
8.39482542960519e-05
8.3947549571028e-05
8.3946844857836e-05
8.39461401564756e-05
8.39454354669465e-05
8.39447307892484e-05
8.39440261233809e-05
8.39433214693439e-05
8.3942616827137e-05
8.39419121967598e-05
8.39412075782122e-05
8.39405029714938e-05
8.39397983766043e-05
8.39390937935434e-05
8.39383892223108e-05
8.39376846629063e-05
8.39369801153294e-05
8.393627557958e-05
8.39355710556577e-05
8.39348665435622e-05
8.39341620432932e-05
8.39334575548505e-05
8.39327530782337e-05
8.39320486134426e-05
8.39313441604767e-05
8.39306397193359e-05
8.39299352900199e-05
8.39292308725283e-05
8.39285264668608e-05
8.39278220730172e-05
8.39271176909971e-05
8.39264133208003e-05
8.39257089624265e-05
8.39250046158752e-05
8.39243002811464e-05
8.39235959582396e-05
8.39228916471546e-05
8.3922187347891e-05
8.39214830604486e-05
8.39207787848271e-05
8.39200745210262e-05
8.39193702690455e-05
8.39186660288848e-05
8.39179618005438e-05
8.39172575840221e-05
8.39165533793196e-05
8.39158491864358e-05
8.39151450053706e-05
8.39144408361235e-05
8.39137366786943e-05
8.39130325330827e-05
8.39123283992884e-05
8.39116242773111e-05
8.39109201671506e-05
8.39102160688064e-05
8.39095119822783e-05
8.39088079075661e-05
8.39081038446693e-05
8.39073997935878e-05
8.39066957543212e-05
8.39059917268692e-05
8.39052877112316e-05
8.39045837074079e-05
8.3903879715398e-05
8.39031757352016e-05
8.39024717668182e-05
8.39017678102478e-05
8.39010638654898e-05
8.39003599325441e-05
8.38996560114104e-05
8.38989521020882e-05
8.38982482045775e-05
8.38975443188778e-05
8.38968404449888e-05
8.38961365829104e-05
8.3895432732642e-05
8.38947288941836e-05
8.38940250675347e-05
8.38933212526951e-05
8.38926174496644e-05
8.38919136584425e-05
8.38912098790289e-05
8.38905061114234e-05
8.38898023556256e-05
8.38890986116354e-05
8.38883948794524e-05
8.38876911590762e-05
8.38869874505067e-05
8.38862837537434e-05
8.38855800687862e-05
8.38848763956346e-05
8.38841727342885e-05
8.38834690847475e-05
8.38827654470113e-05
8.38820618210796e-05
8.38813582069521e-05
8.38806546046285e-05
8.38799510141086e-05
8.3879247435392e-05
8.38785438684784e-05
8.38778403133676e-05
8.38771367700592e-05
8.3876433238553e-05
8.38757297188486e-05
8.38750262109457e-05
8.38743227148441e-05
8.38736192305434e-05
8.38729157580434e-05
8.38722122973438e-05
8.38715088484442e-05
8.38708054113444e-05
8.3870101986044e-05
8.38693985725428e-05
8.38686951708405e-05
8.38679917809368e-05
8.38672884028314e-05
8.38665850365239e-05
8.38658816820141e-05
8.38651783393017e-05
8.38644750083864e-05
8.3863771689268e-05
8.3863068381946e-05
8.38623650864202e-05
8.38616618026903e-05
8.3860958530756e-05
8.3860255270617e-05
8.38595520222731e-05
8.38588487857239e-05
8.38581455609691e-05
8.38574423480084e-05
8.38567391468415e-05
8.38560359574682e-05
8.38553327798881e-05
8.3854629614101e-05
8.38539264601065e-05
8.38532233179043e-05
8.38525201874942e-05
8.38518170688759e-05
8.3851113962049e-05
8.38504108670133e-05
8.38497077837684e-05
8.38490047123141e-05
8.384830165265e-05
8.3847598604776e-05
8.38468955686916e-05
8.38461925443966e-05
8.38454895318906e-05
8.38447865311735e-05
8.38440835422448e-05
8.38433805651044e-05
8.38426775997518e-05
8.38419746461869e-05
8.38412717044092e-05
8.38405687744186e-05
8.38398658562146e-05
8.38391629497971e-05
8.38384600551657e-05
8.38377571723201e-05
8.38370543012601e-05
8.38363514419852e-05
8.38356485944953e-05
8.38349457587901e-05
8.38342429348692e-05
8.38335401227323e-05
8.38328373223792e-05
8.38321345338095e-05
8.3831431757023e-05
8.38307289920193e-05
8.38300262387982e-05
8.38293234973594e-05
8.38286207677025e-05
8.38279180498273e-05
8.38272153437335e-05
8.38265126494208e-05
8.38258099668888e-05
8.38251072961373e-05
8.38244046371661e-05
8.38237019899747e-05
8.38229993545629e-05
8.38222967309304e-05
8.3821594119077e-05
8.38208915190022e-05
8.38201889307058e-05
8.38194863541876e-05
8.38187837894472e-05
8.38180812364843e-05
8.38173786952987e-05
8.381667616589e-05
8.38159736482579e-05
8.38152711424021e-05
8.38145686483224e-05
8.38138661660185e-05
8.381316369549e-05
8.38124612367367e-05
8.38117587897582e-05
8.38110563545543e-05
8.38103539311247e-05
8.3809651519469e-05
8.3808949119587e-05
8.38082467314784e-05
8.38075443551428e-05
8.38068419905801e-05
8.38061396377899e-05
8.38054372967718e-05
8.38047349675257e-05
8.38040326500511e-05
8.38033303443479e-05
8.38026280504157e-05
8.38019257682541e-05
8.38012234978631e-05
8.38005212392421e-05
8.3799818992391e-05
8.37991167573094e-05
8.3798414533997e-05
8.37977123224536e-05
8.37970101226788e-05
8.37963079346724e-05
8.3795605758434e-05
8.37949035939634e-05
8.37942014412603e-05
8.37934993003243e-05
8.37927971711552e-05
8.37920950537526e-05
8.37913929481164e-05
8.37906908542461e-05
8.37899887721415e-05
8.37892867018023e-05
8.37885846432282e-05
8.37878825964189e-05
8.37871805613741e-05
8.37864785380935e-05
8.37857765265768e-05
8.37850745268238e-05
8.37843725388341e-05
8.37836705626073e-05
8.37829685981434e-05
8.37822666454418e-05
8.37815647045024e-05
8.37808627753249e-05
8.37801608579088e-05
8.37794589522541e-05
8.37787570583603e-05
8.37780551762271e-05
8.37773533058544e-05
8.37766514472417e-05
8.37759496003887e-05
8.37752477652953e-05
8.3774545941961e-05
8.37738441303856e-05
8.37731423305688e-05
8.37724405425103e-05
8.37717387662098e-05
8.3771037001667e-05
8.37703352488817e-05
8.37696335078534e-05
8.3768931778582e-05
8.3768230061067e-05
8.37675283553083e-05
8.37668266613056e-05
8.37661249790585e-05
8.37654233085667e-05
8.376472164983e-05
8.3764020002848e-05
8.37633183676205e-05
8.37626167441471e-05
8.37619151324276e-05
8.37612135324617e-05
8.3760511944249e-05
8.37598103677893e-05
8.37591088030823e-05
8.37584072501277e-05
8.37577057089252e-05
8.37570041794745e-05
8.37563026617753e-05
8.37556011558273e-05
8.37548996616302e-05
8.37541981791837e-05
8.37534967084876e-05
8.37527952495415e-05
8.37520938023451e-05
8.37513923668981e-05
8.37506909432003e-05
8.37499895312513e-05
8.37492881310509e-05
8.37485867425987e-05
8.37478853658945e-05
8.3747184000938e-05
8.37464826477288e-05
8.37457813062667e-05
8.37450799765514e-05
8.37443786585825e-05
8.37436773523599e-05
8.37429760578831e-05
8.3742274775152e-05
8.37415735041661e-05
8.37408722449253e-05
8.37401709974292e-05
8.37394697616775e-05
8.37387685376699e-05
8.37380673254061e-05
8.37373661248859e-05
8.37366649361089e-05
8.37359637590749e-05
8.37352625937835e-05
8.37345614402345e-05
8.37338602984275e-05
8.37331591683623e-05
8.37324580500385e-05
8.37317569434559e-05
8.37310558486143e-05
8.37303547655131e-05
8.37296536941523e-05
8.37289526345315e-05
8.37282515866504e-05
8.37275505505086e-05
8.3726849526106e-05
8.37261485134422e-05
8.3725447512517e-05
8.37247465233299e-05
8.37240455458808e-05
8.37233445801693e-05
8.37226436261951e-05
8.3721942683958e-05
8.37212417534577e-05
8.37205408346938e-05
8.37198399276661e-05
8.37191390323742e-05
8.37184381488179e-05
8.37177372769969e-05
8.37170364169108e-05
8.37163355685595e-05
8.37156347319425e-05
8.37149339070597e-05
8.37142330939106e-05
8.37135322924951e-05
8.37128315028127e-05
8.37121307248633e-05
8.37114299586466e-05
8.37107292041621e-05
8.37100284614097e-05
8.3709327730389e-05
8.37086270110998e-05
8.37079263035417e-05
8.37072256077145e-05
8.37065249236178e-05
8.37058242512514e-05
8.3705123590615e-05
8.37044229417082e-05
8.37037223045309e-05
8.37030216790826e-05
8.37023210653631e-05
8.37016204633722e-05
8.37009198731094e-05
8.37002192945746e-05
8.36995187277673e-05
8.36988181726874e-05
8.36981176293345e-05
8.36974170977084e-05
8.36967165778087e-05
8.36960160696351e-05
8.36953155731874e-05
8.36946150884652e-05
8.36939146154683e-05
8.36932141541964e-05
8.36925137046491e-05
8.36918132668262e-05
8.36911128407274e-05
8.36904124263524e-05
8.36897120237009e-05
8.36890116327726e-05
8.36883112535672e-05
8.36876108860844e-05
8.36869105303239e-05
8.36862101862855e-05
8.36855098539688e-05
8.36848095333735e-05
8.36841092244994e-05
8.36834089273461e-05
8.36827086419133e-05
8.36820083682008e-05
8.36813081062083e-05
8.36806078559355e-05
8.3679907617382e-05
8.36792073905476e-05
8.3678507175432e-05
8.36778069720349e-05
8.3677106780356e-05
8.3676406600395e-05
8.36757064321516e-05
8.36750062756255e-05
8.36743061308164e-05
8.36736059977241e-05
8.36729058763482e-05
8.36722057666884e-05
8.36715056687445e-05
8.36708055825161e-05
8.3670105508003e-05
8.36694054452049e-05
8.36687053941214e-05
8.36680053547523e-05
8.36673053270973e-05
8.36666053111561e-05
8.36659053069284e-05
8.36652053144138e-05
8.36645053336122e-05
8.36638053645232e-05
8.36631054071465e-05
8.36624054614818e-05
8.36617055275289e-05
8.36610056052874e-05
8.3660305694757e-05
8.36596057959375e-05
8.36589059088285e-05
8.36582060334298e-05
8.36575061697411e-05
8.3656806317762e-05
8.36561064774923e-05
8.36554066489317e-05
8.36547068320799e-05
8.36540070269366e-05
8.36533072335015e-05
8.36526074517743e-05
8.36519076817547e-05
8.36512079234424e-05
8.36505081768372e-05
8.36498084419387e-05
8.36491087187466e-05
8.36484090072607e-05
8.36477093074806e-05
8.36470096194061e-05
8.36463099430369e-05
8.36456102783726e-05
8.3644910625413e-05
8.36442109841578e-05
8.36435113546067e-05
8.36428117367593e-05
8.36421121306155e-05
8.36414125361749e-05
8.36407129534372e-05
8.36400133824021e-05
8.36393138230694e-05
8.36386142754387e-05
8.36379147395097e-05
8.36372152152822e-05
8.36365157027558e-05
8.36358162019303e-05
8.36351167128054e-05
8.36344172353807e-05
8.3633717769656e-05
8.3633018315631e-05
8.36323188733054e-05
8.36316194426789e-05
8.36309200237512e-05
8.3630220616522e-05
8.3629521220991e-05
8.3628821837158e-05
8.36281224650225e-05
8.36274231045845e-05
8.36267237558434e-05
8.36260244187991e-05
8.36253250934513e-05
8.36246257797996e-05
8.36239264778438e-05
8.36232271875836e-05
8.36225279090187e-05
8.36218286421487e-05
8.36211293869735e-05
8.36204301434927e-05
8.36197309117059e-05
8.3619031691613e-05
8.36183324832136e-05
8.36176332865075e-05
8.36169341014942e-05
8.36162349281737e-05
8.36155357665454e-05
8.36148366166092e-05
8.36141374783648e-05
8.36134383518119e-05
8.36127392369501e-05
8.36120401337793e-05
8.3611341042299e-05
8.3610641962509e-05
8.3609942894409e-05
8.36092438379987e-05
8.36085447932779e-05
8.36078457602461e-05
8.36071467389032e-05
8.36064477292489e-05
8.36057487312828e-05
8.36050497450046e-05
8.36043507704141e-05
8.3603651807511e-05
8.36029528562949e-05
8.36022539167656e-05
8.36015549889228e-05
8.36008560727662e-05
8.36001571682955e-05
8.35994582755104e-05
8.35987593944106e-05
8.35980605249958e-05
8.35973616672658e-05
8.35966628212202e-05
8.35959639868587e-05
8.35952651641811e-05
8.3594566353187e-05
8.35938675538762e-05
8.35931687662484e-05
8.35924699903033e-05
8.35917712260405e-05
8.35910724734598e-05
8.3590373732561e-05
8.35896750033436e-05
8.35889762858074e-05
8.35882775799522e-05
8.35875788857776e-05
8.35868802032833e-05
8.35861815324691e-05
8.35854828733346e-05
8.35847842258795e-05
8.35840855901036e-05
8.35833869660066e-05
8.35826883535882e-05
8.35819897528481e-05
8.35812911637859e-05
8.35805925864014e-05
8.35798940206944e-05
8.35791954666644e-05
8.35784969243113e-05
8.35777983936347e-05
8.35770998746343e-05
8.35764013673099e-05
8.35757028716612e-05
8.35750043876877e-05
8.35743059153894e-05
8.35736074547658e-05
8.35729090058167e-05
8.35722105685417e-05
8.35715121429407e-05
8.35708137290133e-05
8.35701153267592e-05
8.3569416936178e-05
8.35687185572696e-05
8.35680201900337e-05
8.35673218344698e-05
8.35666234905779e-05
8.35659251583574e-05
8.35652268378083e-05
8.356452852893e-05
8.35638302317225e-05
8.35631319461853e-05
8.35624336723183e-05
8.3561735410121e-05
8.35610371595932e-05
8.35603389207347e-05
8.3559640693545e-05
8.3558942478024e-05
8.35582442741713e-05
8.35575460819867e-05
8.35568479014698e-05
8.35561497326203e-05
8.3555451575438e-05
8.35547534299226e-05
8.35540552960738e-05
8.35533571738912e-05
8.35526590633747e-05
8.35519609645238e-05
8.35512628773384e-05
8.35505648018181e-05
8.35498667379626e-05
8.35491686857716e-05
8.35484706452448e-05
8.35477726163821e-05
8.35470745991829e-05
8.35463765936471e-05
8.35456785997744e-05
8.35449806175645e-05
8.35442826470171e-05
8.35435846881318e-05
8.35428867409085e-05
8.35421888053467e-05
8.35414908814463e-05
8.35407929692069e-05
8.35400950686282e-05
8.353939717971e-05
8.35386993024519e-05
8.35380014368536e-05
8.35373035829149e-05
8.35366057406355e-05
8.35359079100151e-05
8.35352100910534e-05
8.353451228375e-05
8.35338144881048e-05
8.35331167041173e-05
8.35324189317874e-05
8.35317211711147e-05
8.3531023422099e-05
8.35303256847398e-05
8.35296279590371e-05
8.35289302449903e-05
8.35282325425994e-05
8.35275348518639e-05
8.35268371727836e-05
8.35261395053582e-05
8.35254418495874e-05
8.35247442054709e-05
8.35240465730084e-05
8.35233489521996e-05
8.35226513430442e-05
8.3521953745542e-05
8.35212561596926e-05
8.35205585854958e-05
8.35198610229513e-05
8.35191634720587e-05
8.35184659328177e-05
8.35177684052282e-05
8.35170708892898e-05
8.35163733850021e-05
8.3515675892365e-05
8.35149784113781e-05
8.35142809420411e-05
8.35135834843537e-05
8.35128860383157e-05
8.35121886039267e-05
8.35114911811865e-05
8.35107937700948e-05
8.35100963706512e-05
8.35093989828555e-05
8.35087016067074e-05
8.35080042422066e-05
8.35073068893528e-05
8.35066095481457e-05
8.35059122185851e-05
8.35052149006705e-05
8.35045175944019e-05
8.35038202997787e-05
8.35031230168008e-05
8.35024257454679e-05
8.35017284857797e-05
8.35010312377358e-05
8.3500334001336e-05
8.349963677658e-05
8.34989395634675e-05
8.34982423619983e-05
8.34975451721719e-05
8.34968479939882e-05
8.34961508274469e-05
8.34954536725475e-05
8.349475652929e-05
8.34940593976739e-05
8.34933622776989e-05
8.34926651693649e-05
8.34919680726714e-05
8.34912709876182e-05
8.34905739142051e-05
8.34898768524316e-05
8.34891798022976e-05
8.34884827638027e-05
8.34877857369467e-05
8.34870887217292e-05
8.34863917181499e-05
8.34856947262087e-05
8.34849977459051e-05
8.34843007772388e-05
8.34836038202097e-05
8.34829068748174e-05
8.34822099410616e-05
8.3481513018942e-05
8.34808161084583e-05
8.34801192096102e-05
8.34794223223975e-05
8.34787254468199e-05
8.3478028582877e-05
8.34773317305686e-05
8.34766348898943e-05
8.3475938060854e-05
8.34752412434472e-05
8.34745444376737e-05
8.34738476435333e-05
8.34731508610256e-05
8.34724540901503e-05
8.34717573309071e-05
8.34710605832958e-05
8.3470363847316e-05
8.34696671229675e-05
8.346897041025e-05
8.34682737091631e-05
8.34675770197067e-05
8.34668803418803e-05
8.34661836756838e-05
8.34654870211168e-05
8.3464790378179e-05
8.34640937468701e-05
8.34633971271899e-05
8.3462700519138e-05
8.34620039227142e-05
8.34613073379181e-05
8.34606107647496e-05
8.34599142032082e-05
8.34592176532937e-05
8.34585211150058e-05
8.34578245883443e-05
8.34571280733087e-05
8.34564315698989e-05
8.34557350781146e-05
8.34550385979554e-05
8.3454342129421e-05
8.34536456725112e-05
8.34529492272257e-05
8.34522527935642e-05
8.34515563715263e-05
8.34508599611119e-05
8.34501635623206e-05
8.34494671751521e-05
8.34487707996061e-05
8.34480744356824e-05
8.34473780833806e-05
8.34466817427005e-05
8.34459854136418e-05
8.34452890962041e-05
8.34445927903872e-05
8.34438964961908e-05
8.34432002136146e-05
8.34425039426583e-05
8.34418076833216e-05
8.34411114356043e-05
8.3440415199506e-05
8.34397189750265e-05
8.34390227621654e-05
8.34383265609225e-05
8.34376303712975e-05
8.343693419329e-05
8.34362380268998e-05
8.34355418721267e-05
8.34348457289702e-05
8.34341495974302e-05
8.34334534775063e-05
8.34327573691983e-05
8.34320612725058e-05
8.34313651874286e-05
8.34306691139663e-05
8.34299730521187e-05
8.34292770018855e-05
8.34285809632664e-05
8.34278849362611e-05
8.34271889208693e-05
8.34264929170908e-05
8.34257969249251e-05
8.34251009443721e-05
8.34244049754315e-05
8.34237090181029e-05
8.34230130723862e-05
8.34223171382808e-05
8.34216212157867e-05
8.34209253049035e-05
8.34202294056309e-05
8.34195335179686e-05
8.34188376419163e-05
8.34181417774738e-05
8.34174459246407e-05
8.34167500834168e-05
8.34160542538017e-05
8.34153584357952e-05
8.3414662629397e-05
8.34139668346068e-05
8.34132710514243e-05
8.34125752798492e-05
8.34118795198812e-05
8.34111837715201e-05
8.34104880347655e-05
8.34097923096172e-05
8.34090965960748e-05
8.34084008941381e-05
8.34077052038067e-05
8.34070095250805e-05
8.34063138579591e-05
8.34056182024421e-05
8.34049225585294e-05
8.34042269262206e-05
8.34035313055155e-05
8.34028356964137e-05
8.34021400989149e-05
8.3401444513019e-05
8.34007489387255e-05
8.34000533760342e-05
8.33993578249447e-05
8.33986622854569e-05
8.33979667575705e-05
8.3397271241285e-05
8.33965757366003e-05
8.3395880243516e-05
8.33951847620318e-05
8.33944892921476e-05
8.33937938338629e-05
8.33930983871775e-05
8.33924029520911e-05
8.33917075286034e-05
8.33910121167141e-05
8.33903167164229e-05
8.33896213277296e-05
8.33889259506337e-05
8.33882305851352e-05
8.33875352312336e-05
8.33868398889287e-05
8.33861445582202e-05
8.33854492391078e-05
8.33847539315911e-05
8.338405863567e-05
8.33833633513441e-05
8.33826680786132e-05
8.33819728174769e-05
8.33812775679349e-05
8.3380582329987e-05
8.33798871036329e-05
8.33791918888722e-05
8.33784966857048e-05
8.33778014941302e-05
8.33771063141483e-05
8.33764111457586e-05
8.33757159889611e-05
8.33750208437552e-05
8.33743257101408e-05
8.33736305881176e-05
8.33729354776852e-05
8.33722403788435e-05
8.3371545291592e-05
8.33708502159305e-05
8.33701551518587e-05
8.33694600993764e-05
8.33687650584832e-05
8.33680700291788e-05
8.3367375011463e-05
8.33666800053355e-05
8.33659850107959e-05
8.3365290027844e-05
8.33645950564795e-05
8.33639000967021e-05
8.33632051485115e-05
8.33625102119075e-05
8.33618152868897e-05
8.33611203734578e-05
8.33604254716116e-05
8.33597305813508e-05
8.3359035702675e-05
8.3358340835584e-05
8.33576459800775e-05
8.33569511361552e-05
8.33562563038169e-05
8.33555614830622e-05
8.33548666738908e-05
8.33541718763024e-05
8.33534770902968e-05
8.33527823158737e-05
8.33520875530328e-05
8.33513928017737e-05
8.33506980620963e-05
8.33500033340001e-05
8.3349308617485e-05
8.33486139125506e-05
8.33479192191967e-05
8.33472245374229e-05
8.3346529867229e-05
8.33458352086146e-05
8.33451405615796e-05
8.33444459261235e-05
8.33437513022461e-05
8.33430566899472e-05
8.33423620892263e-05
8.33416675000833e-05
8.33409729225179e-05
8.33402783565297e-05
8.33395838021185e-05
8.33388892592839e-05
8.33381947280258e-05
8.33375002083437e-05
8.33368057002375e-05
8.33361112037068e-05
8.33354167187513e-05
8.33347222453708e-05
8.33340277835649e-05
8.33333333333333e-05
8.33326388946759e-05
8.33319444675922e-05
8.3331250052082e-05
8.33305556481451e-05
8.3329861255781e-05
8.33291668749896e-05
8.33284725057705e-05
8.33277781481235e-05
8.33270838020482e-05
8.33263894675444e-05
8.33256951446117e-05
8.332500083325e-05
8.33243065334589e-05
8.33236122452381e-05
8.33229179685873e-05
8.33222237035062e-05
8.33215294499946e-05
8.33208352080521e-05
8.33201409776785e-05
8.33194467588735e-05
8.33187525516368e-05
8.33180583559681e-05
8.33173641718671e-05
8.33166699993335e-05
8.3315975838367e-05
8.33152816889674e-05
8.33145875511343e-05
8.33138934248675e-05
8.33131993101667e-05
8.33125052070316e-05
8.33118111154618e-05
8.33111170354572e-05
8.33104229670174e-05
8.33097289101421e-05
8.33090348648311e-05
8.3308340831084e-05
8.33076468089006e-05
8.33069527982805e-05
8.33062587992236e-05
8.33055648117294e-05
8.33048708357978e-05
8.33041768714283e-05
8.33034829186208e-05
8.3302788977375e-05
8.33020950476904e-05
8.3301401129567e-05
8.33007072230043e-05
8.33000133280021e-05
8.32993194445601e-05
8.32986255726781e-05
8.32979317123556e-05
8.32972378635924e-05
8.32965440263883e-05
8.3295850200743e-05
8.32951563866561e-05
8.32944625841274e-05
8.32937687931566e-05
8.32930750137434e-05
8.32923812458874e-05
8.32916874895885e-05
8.32909937448464e-05
8.32903000116606e-05
8.32896062900311e-05
8.32889125799574e-05
8.32882188814392e-05
8.32875251944764e-05
8.32868315190685e-05
8.32861378552154e-05
8.32854442029167e-05
8.32847505621721e-05
8.32840569329813e-05
8.32833633153441e-05
8.32826697092602e-05
8.32819761147293e-05
8.3281282531751e-05
8.32805889603251e-05
8.32798954004514e-05
8.32792018521295e-05
8.32785083153591e-05
8.32778147901399e-05
8.32771212764717e-05
8.32764277743542e-05
8.3275734283787e-05
8.327504080477e-05
8.32743473373027e-05
8.3273653881385e-05
8.32729604370165e-05
8.32722670041969e-05
8.3271573582926e-05
8.32708801732034e-05
8.32701867750289e-05
8.32694933884022e-05
8.3268800013323e-05
8.3268106649791e-05
8.32674132978059e-05
8.32667199573674e-05
8.32660266284753e-05
8.32653333111292e-05
8.32646400053289e-05
8.32639467110741e-05
8.32632534283645e-05
8.32625601571997e-05
8.32618668975796e-05
8.32611736495038e-05
8.3260480412972e-05
8.32597871879839e-05
8.32590939745394e-05
8.3258400772638e-05
8.32577075822794e-05
8.32570144034635e-05
8.32563212361899e-05
8.32556280804582e-05
8.32549349362684e-05
8.32542418036199e-05
8.32535486825126e-05
8.32528555729462e-05
8.32521624749203e-05
8.32514693884347e-05
8.32507763134891e-05
8.32500832500833e-05
8.32493901982168e-05
8.32486971578895e-05
8.3248004129101e-05
8.32473111118511e-05
8.32466181061394e-05
8.32459251119658e-05
8.32452321293298e-05
8.32445391582312e-05
8.32438461986698e-05
8.32431532506451e-05
8.3242460314157e-05
8.32417673892052e-05
8.32410744757893e-05
8.32403815739091e-05
8.32396886835643e-05
8.32389958047546e-05
8.32383029374797e-05
8.32376100817393e-05
8.32369172375332e-05
8.3236224404861e-05
8.32355315837225e-05
8.32348387741173e-05
8.32341459760452e-05
8.32334531895059e-05
8.32327604144991e-05
8.32320676510246e-05
8.3231374899082e-05
8.3230682158671e-05
8.32299894297913e-05
8.32292967124428e-05
8.3228604006625e-05
8.32279113123377e-05
8.32272186295806e-05
8.32265259583534e-05
8.32258332986559e-05
8.32251406504877e-05
8.32244480138485e-05
8.32237553887382e-05
8.32230627751562e-05
8.32223701731025e-05
8.32216775825767e-05
8.32209850035785e-05
8.32202924361076e-05
8.32195998801638e-05
8.32189073357467e-05
8.3218214802856e-05
8.32175222814916e-05
8.3216829771653e-05
8.321613727334e-05
8.32154447865524e-05
8.32147523112897e-05
8.32140598475518e-05
8.32133673953384e-05
8.32126749546491e-05
8.32119825254837e-05
8.32112901078418e-05
8.32105977017233e-05
8.32099053071278e-05
8.3209212924055e-05
8.32085205525046e-05
8.32078281924764e-05
8.320713584397e-05
8.32064435069852e-05
8.32057511815217e-05
8.32050588675791e-05
8.32043665651573e-05
8.32036742742559e-05
8.32029819948747e-05
8.32022897270133e-05
8.32015974706714e-05
8.32009052258489e-05
8.32002129925453e-05
8.31995207707604e-05
8.31988285604939e-05
8.31981363617455e-05
8.3197444174515e-05
8.3196751998802e-05
8.31960598346062e-05
8.31953676819275e-05
8.31946755407654e-05
8.31939834111197e-05
8.31932912929901e-05
8.31925991863764e-05
8.31919070912782e-05
8.31912150076952e-05
8.31905229356272e-05
8.31898308750738e-05
8.31891388260349e-05
8.318844678851e-05
8.3187754762499e-05
8.31870627480014e-05
8.31863707450171e-05
8.31856787535458e-05
8.31849867735871e-05
8.31842948051408e-05
8.31836028482066e-05
8.31829109027841e-05
8.31822189688732e-05
8.31815270464735e-05
8.31808351355848e-05
8.31801432362067e-05
8.31794513483389e-05
8.31787594719812e-05
8.31780676071333e-05
8.3177375753795e-05
8.31766839119658e-05
8.31759920816456e-05
8.3175300262834e-05
8.31746084555307e-05
8.31739166597355e-05
8.31732248754481e-05
8.31725331026682e-05
8.31718413413955e-05
8.31711495916297e-05
8.31704578533705e-05
8.31697661266176e-05
8.31690744113709e-05
8.31683827076299e-05
8.31676910153943e-05
8.3166999334664e-05
8.31663076654386e-05
8.31656160077178e-05
8.31649243615013e-05
8.31642327267889e-05
8.31635411035802e-05
8.3162849491875e-05
8.3162157891673e-05
8.31614663029739e-05
8.31607747257773e-05
8.31600831600832e-05
8.3159391605891e-05
8.31587000632006e-05
8.31580085320117e-05
8.31573170123239e-05
8.3156625504137e-05
8.31559340074508e-05
8.31552425222648e-05
8.31545510485789e-05
8.31538595863927e-05
8.3153168135706e-05
8.31524766965184e-05
8.31517852688297e-05
8.31510938526396e-05
8.31504024479479e-05
8.31497110547541e-05
8.3149019673058e-05
8.31483283028595e-05
8.3147636944158e-05
8.31469455969535e-05
8.31462542612455e-05
8.31455629370339e-05
8.31448716243182e-05
8.31441803230983e-05
8.31434890333738e-05
8.31427977551445e-05
8.314210648841e-05
8.31414152331701e-05
8.31407239894245e-05
8.31400327571729e-05
8.3139341536415e-05
8.31386503271506e-05
8.31379591293793e-05
8.31372679431009e-05
8.3136576768315e-05
8.31358856050214e-05
8.31351944532198e-05
8.313450331291e-05
8.31338121840915e-05
8.31331210667642e-05
8.31324299609278e-05
8.31317388665819e-05
8.31310477837263e-05
8.31303567123607e-05
8.31296656524847e-05
8.31289746040983e-05
8.31282835672009e-05
8.31275925417924e-05
8.31269015278724e-05
8.31262105254408e-05
8.31255195344971e-05
8.31248285550411e-05
8.31241375870725e-05
8.31234466305911e-05
8.31227556855965e-05
8.31220647520884e-05
8.31213738300667e-05
8.31206829195309e-05
8.31199920204808e-05
8.31193011329161e-05
8.31186102568365e-05
8.31179193922418e-05
8.31172285391316e-05
8.31165376975057e-05
8.31158468673637e-05
8.31151560487055e-05
8.31144652415306e-05
8.31137744458389e-05
8.311308366163e-05
8.31123928889037e-05
8.31117021276596e-05
8.31110113778975e-05
8.3110320639617e-05
8.3109629912818e-05
8.31089391975001e-05
8.3108248493663e-05
8.31075578013064e-05
8.31068671204302e-05
8.31061764510338e-05
8.31054857931172e-05
8.310479514668e-05
8.31041045117218e-05
8.31034138882425e-05
8.31027232762418e-05
8.31020326757192e-05
8.31013420866747e-05
8.31006515091078e-05
8.30999609430184e-05
8.3099270388406e-05
8.30985798452704e-05
8.30978893136114e-05
8.30971987934287e-05
8.30965082847219e-05
8.30958177874908e-05
8.3095127301735e-05
8.30944368274544e-05
8.30937463646486e-05
8.30930559133173e-05
8.30923654734603e-05
8.30916750450772e-05
8.30909846281678e-05
8.30902942227318e-05
8.30896038287689e-05
8.30889134462789e-05
8.30882230752613e-05
8.3087532715716e-05
8.30868423676427e-05
8.3086152031041e-05
8.30854617059107e-05
8.30847713922515e-05
8.30840810900631e-05
8.30833907993453e-05
8.30827005200977e-05
8.30820102523201e-05
8.30813199960121e-05
8.30806297511735e-05
8.3079939517804e-05
8.30792492959034e-05
8.30785590854712e-05
8.30778688865073e-05
8.30771786990114e-05
8.30764885229831e-05
8.30757983584222e-05
8.30751082053284e-05
8.30744180637015e-05
8.3073727933541e-05
8.30730378148468e-05
8.30723477076186e-05
8.3071657611856e-05
8.30709675275588e-05
8.30702774547267e-05
8.30695873933594e-05
8.30688973434567e-05
8.30682073050181e-05
8.30675172780436e-05
8.30668272625327e-05
8.30661372584852e-05
8.30654472659008e-05
8.30647572847792e-05
8.30640673151202e-05
8.30633773569233e-05
8.30626874101885e-05
8.30619974749153e-05
8.30613075511035e-05
8.30606176387528e-05
8.30599277378629e-05
8.30592378484335e-05
8.30585479704644e-05
8.30578581039552e-05
8.30571682489057e-05
8.30564784053156e-05
8.30557885731846e-05
8.30550987525124e-05
8.30544089432988e-05
8.30537191455433e-05
8.30530293592459e-05
8.30523395844061e-05
8.30516498210237e-05
8.30509600690984e-05
8.30502703286299e-05
8.3049580599618e-05
8.30488908820623e-05
8.30482011759625e-05
8.30475114813185e-05
8.30468217981298e-05
8.30461321263962e-05
8.30454424661175e-05
8.30447528172932e-05
8.30440631799233e-05
8.30433735540073e-05
8.30426839395449e-05
8.3041994336536e-05
8.30413047449802e-05
8.30406151648771e-05
8.30399255962267e-05
8.30392360390284e-05
8.30385464932822e-05
8.30378569589876e-05
8.30371674361444e-05
8.30364779247523e-05
8.30357884248111e-05
8.30350989363204e-05
8.30344094592799e-05
8.30337199936894e-05
8.30330305395486e-05
8.30323410968572e-05
8.30316516656149e-05
8.30309622458215e-05
8.30302728374765e-05
8.30295834405799e-05
8.30288940551312e-05
8.30282046811302e-05
8.30275153185766e-05
8.30268259674701e-05
8.30261366278104e-05
8.30254472995973e-05
8.30247579828305e-05
8.30240686775096e-05
8.30233793836344e-05
8.30226901012047e-05
8.302200083022e-05
8.30213115706802e-05
8.30206223225849e-05
8.30199330859339e-05
8.30192438607269e-05
8.30185546469636e-05
8.30178654446437e-05
8.30171762537669e-05
8.3016487074333e-05
8.30157979063416e-05
8.30151087497925e-05
8.30144196046853e-05
8.30137304710199e-05
8.30130413487959e-05
8.3012352238013e-05
8.3011663138671e-05
8.30109740507695e-05
8.30102849743083e-05
8.30095959092871e-05
8.30089068557056e-05
8.30082178135635e-05
8.30075287828606e-05
8.30068397635965e-05
8.3006150755771e-05
8.30054617593838e-05
8.30047727744345e-05
8.3004083800923e-05
8.30033948388489e-05
8.3002705888212e-05
8.30020169490119e-05
8.30013280212483e-05
8.30006391049211e-05
8.29999502000299e-05
8.29992613065744e-05
8.29985724245543e-05
8.29978835539694e-05
8.29971946948193e-05
8.29965058471038e-05
8.29958170108227e-05
8.29951281859755e-05
8.2994439372562e-05
8.2993750570582e-05
8.29930617800352e-05
8.29923730009212e-05
8.29916842332398e-05
8.29909954769907e-05
8.29903067321737e-05
8.29896179987883e-05
8.29889292768345e-05
8.29882405663118e-05
8.29875518672199e-05
8.29868631795587e-05
8.29861745033277e-05
8.29854858385268e-05
8.29847971851557e-05
8.2984108543214e-05
8.29834199127014e-05
8.29827312936178e-05
8.29820426859628e-05
8.2981354089736e-05
8.29806655049374e-05
8.29799769315664e-05
8.29792883696229e-05
8.29785998191066e-05
8.29779112800173e-05
8.29772227523545e-05
8.2976534236118e-05
8.29758457313076e-05
8.2975157237923e-05
8.29744687559638e-05
8.29737802854298e-05
8.29730918263207e-05
8.29724033786363e-05
8.29717149423762e-05
8.29710265175401e-05
8.29703381041278e-05
8.2969649702139e-05
8.29689613115733e-05
8.29682729324306e-05
8.29675845647106e-05
8.29668962084128e-05
8.29662078635372e-05
8.29655195300833e-05
8.29648312080509e-05
8.29641428974397e-05
8.29634545982495e-05
8.29627663104799e-05
8.29620780341306e-05
8.29613897692014e-05
8.2960701515692e-05
8.29600132736021e-05
8.29593250429315e-05
8.29586368236797e-05
8.29579486158466e-05
8.29572604194319e-05
8.29565722344353e-05
8.29558840608564e-05
8.29551958986951e-05
8.2954507747951e-05
8.29538196086239e-05
8.29531314807134e-05
8.29524433642193e-05
8.29517552591413e-05
8.29510671654791e-05
8.29503790832324e-05
8.2949691012401e-05
8.29490029529845e-05
8.29483149049827e-05
8.29476268683953e-05
8.2946938843222e-05
8.29462508294625e-05
8.29455628271166e-05
8.29448748361839e-05
8.29441868566641e-05
8.29434988885571e-05
8.29428109318625e-05
8.294212298658e-05
8.29414350527093e-05
8.29407471302502e-05
8.29400592192023e-05
8.29393713195654e-05
8.29386834313392e-05
8.29379955545234e-05
8.29373076891178e-05
8.2936619835122e-05
8.29359319925358e-05
8.29352441613588e-05
8.29345563415909e-05
8.29338685332316e-05
8.29331807362808e-05
8.29324929507381e-05
8.29318051766033e-05
8.2931117413876e-05
8.29304296625561e-05
8.29297419226431e-05
8.29290541941369e-05
8.29283664770371e-05
8.29276787713435e-05
8.29269910770558e-05
8.29263033941736e-05
8.29256157226967e-05
8.29249280626249e-05
8.29242404139578e-05
8.29235527766952e-05
8.29228651508367e-05
8.29221775363821e-05
8.29214899333311e-05
8.29208023416835e-05
8.29201147614388e-05
8.2919427192597e-05
8.29187396351575e-05
8.29180520891203e-05
8.2917364554485e-05
8.29166770312513e-05
8.29159895194189e-05
8.29153020189876e-05
8.2914614529957e-05
8.2913927052327e-05
8.29132395860971e-05
8.29125521312671e-05
8.29118646878368e-05
8.29111772558059e-05
8.29104898351739e-05
8.29098024259408e-05
8.29091150281062e-05
8.29084276416698e-05
8.29077402666313e-05
8.29070529029905e-05
8.2906365550747e-05
8.29056782099006e-05
8.2904990880451e-05
8.29043035623979e-05
8.29036162557411e-05
8.29029289604802e-05
8.29022416766149e-05
8.29015544041451e-05
8.29008671430703e-05
8.29001798933904e-05
8.2899492655105e-05
8.28988054282138e-05
8.28981182127166e-05
8.2897431008613e-05
8.28967438159029e-05
8.28960566345859e-05
8.28953694646617e-05
8.28946823061301e-05
8.28939951589907e-05
8.28933080232433e-05
8.28926208988876e-05
8.28919337859233e-05
8.28912466843501e-05
8.28905595941678e-05
8.28898725153761e-05
8.28891854479746e-05
8.28884983919631e-05
8.28878113473414e-05
8.2887124314109e-05
8.28864372922659e-05
8.28857502818115e-05
8.28850632827458e-05
8.28843762950684e-05
8.2883689318779e-05
8.28830023538773e-05
8.2882315400363e-05
8.2881628458236e-05
8.28809415274958e-05
8.28802546081422e-05
8.28795677001749e-05
8.28788808035936e-05
8.28781939183981e-05
8.28775070445881e-05
8.28768201821632e-05
8.28761333311233e-05
8.2875446491468e-05
8.2874759663197e-05
8.287407284631e-05
8.28733860408069e-05
8.28726992466872e-05
8.28720124639507e-05
8.28713256925971e-05
8.28706389326262e-05
8.28699521840376e-05
8.28692654468311e-05
8.28685787210064e-05
8.28678920065631e-05
8.28672053035011e-05
8.28665186118201e-05
8.28658319315197e-05
8.28651452625997e-05
8.28644586050597e-05
8.28637719588996e-05
8.2863085324119e-05
8.28623987007176e-05
8.28617120886952e-05
8.28610254880514e-05
8.28603388987861e-05
8.28596523208989e-05
8.28589657543894e-05
8.28582791992576e-05
8.2857592655503e-05
8.28569061231254e-05
8.28562196021244e-05
8.28555330924999e-05
8.28548465942515e-05
8.2854160107379e-05
8.2853473631882e-05
8.28527871677603e-05
8.28521007150136e-05
8.28514142736416e-05
8.28507278436441e-05
8.28500414250207e-05
8.28493550177712e-05
8.28486686218952e-05
8.28479822373926e-05
8.2847295864263e-05
8.28466095025061e-05
8.28459231521217e-05
8.28452368131094e-05
8.28445504854691e-05
8.28438641692003e-05
8.28431778643029e-05
8.28424915707765e-05
8.28418052886208e-05
8.28411190178357e-05
8.28404327584207e-05
8.28397465103757e-05
8.28390602737003e-05
8.28383740483942e-05
8.28376878344572e-05
8.28370016318889e-05
8.28363154406892e-05
8.28356292608577e-05
8.28349430923941e-05
8.28342569352982e-05
8.28335707895696e-05
8.28328846552081e-05
8.28321985322134e-05
8.28315124205853e-05
8.28308263203234e-05
8.28301402314274e-05
8.28294541538971e-05
8.28287680877322e-05
8.28280820329324e-05
8.28273959894975e-05
8.28267099574271e-05
8.28260239367209e-05
8.28253379273787e-05
8.28246519294003e-05
8.28239659427852e-05
8.28232799675333e-05
8.28225940036442e-05
8.28219080511177e-05
8.28212221099534e-05
8.28205361801512e-05
8.28198502617107e-05
8.28191643546317e-05
8.28184784589138e-05
8.28177925745567e-05
8.28171067015603e-05
8.28164208399241e-05
8.2815734989648e-05
8.28150491507317e-05
8.28143633231748e-05
8.28136775069771e-05
8.28129917021382e-05
8.2812305908658e-05
8.28116201265362e-05
8.28109343557723e-05
8.28102485963663e-05
8.28095628483177e-05
8.28088771116264e-05
8.28081913862919e-05
8.28075056723141e-05
8.28068199696927e-05
8.28061342784273e-05
8.28054485985178e-05
8.28047629299637e-05
8.28040772727649e-05
8.2803391626921e-05
8.28027059924318e-05
8.2802020369297e-05
8.28013347575163e-05
8.28006491570894e-05
8.2799963568016e-05
8.27992779902959e-05
8.27985924239288e-05
8.27979068689144e-05
8.27972213252523e-05
8.27965357929424e-05
8.27958502719844e-05
8.27951647623779e-05
8.27944792641227e-05
8.27937937772185e-05
8.2793108301665e-05
8.27924228374619e-05
8.2791737384609e-05
8.2791051943106e-05
8.27903665129526e-05
8.27896810941484e-05
8.27889956866933e-05
8.2788310290587e-05
8.27876249058291e-05
8.27869395324194e-05
8.27862541703575e-05
8.27855688196434e-05
8.27848834802765e-05
8.27841981522567e-05
8.27835128355837e-05
8.27828275302571e-05
8.27821422362768e-05
8.27814569536424e-05
8.27807716823536e-05
8.27800864224102e-05
8.27794011738119e-05
8.27787159365584e-05
8.27780307106494e-05
8.27773454960846e-05
8.27766602928638e-05
8.27759751009867e-05
8.27752899204529e-05
8.27746047512623e-05
8.27739195934145e-05
8.27732344469092e-05
8.27725493117462e-05
8.27718641879252e-05
8.27711790754459e-05
8.2770493974308e-05
8.27698088845113e-05
8.27691238060554e-05
8.27684387389401e-05
8.2767753683165e-05
8.276706863873e-05
8.27663836056347e-05
8.27656985838789e-05
8.27650135734622e-05
8.27643285743844e-05
8.27636435866453e-05
8.27629586102444e-05
8.27622736451816e-05
8.27615886914565e-05
8.27609037490689e-05
8.27602188180186e-05
8.27595338983051e-05
8.27588489899282e-05
8.27581640928878e-05
8.27574792071834e-05
8.27567943328147e-05
8.27561094697816e-05
8.27554246180837e-05
8.27547397777208e-05
8.27540549486925e-05
8.27533701309986e-05
8.27526853246388e-05
8.27520005296128e-05
8.27513157459204e-05
8.27506309735612e-05
8.2749946212535e-05
8.27492614628414e-05
8.27485767244803e-05
8.27478919974514e-05
8.27472072817542e-05
8.27465225773887e-05
8.27458378843544e-05
8.27451532026511e-05
8.27444685322786e-05
8.27437838732365e-05
8.27430992255246e-05
8.27424145891425e-05
8.27417299640901e-05
8.2741045350367e-05
8.27403607479729e-05
8.27396761569075e-05
8.27389915771707e-05
8.2738307008762e-05
8.27376224516812e-05
8.27369379059281e-05
8.27362533715023e-05
8.27355688484036e-05
8.27348843366317e-05
8.27341998361863e-05
8.27335153470671e-05
8.27328308692738e-05
8.27321464028063e-05
8.27314619476641e-05
8.2730777503847e-05
8.27300930713547e-05
8.2729408650187e-05
8.27287242403435e-05
8.2728039841824e-05
8.27273554546282e-05
8.27266710787558e-05
8.27259867142065e-05
8.27253023609801e-05
8.27246180190763e-05
8.27239336884948e-05
8.27232493692352e-05
8.27225650612974e-05
8.27218807646811e-05
8.27211964793859e-05
8.27205122054116e-05
8.27198279427579e-05
8.27191436914245e-05
8.27184594514112e-05
8.27177752227176e-05
8.27170910053435e-05
8.27164067992886e-05
8.27157226045527e-05
8.27150384211353e-05
8.27143542490364e-05
8.27136700882555e-05
8.27129859387924e-05
8.27123018006468e-05
8.27116176738185e-05
8.27109335583071e-05
8.27102494541124e-05
8.2709565361234e-05
8.27088812796718e-05
8.27081972094254e-05
8.27075131504946e-05
8.2706829102879e-05
8.27061450665785e-05
8.27054610415926e-05
8.27047770279211e-05
8.27040930255638e-05
8.27034090345204e-05
8.27027250547906e-05
8.2702041086374e-05
8.27013571292705e-05
8.27006731834797e-05
8.26999892490014e-05
8.26993053258353e-05
8.2698621413981e-05
8.26979375134384e-05
8.26972536242071e-05
8.26965697462869e-05
8.26958858796775e-05
8.26952020243785e-05
8.26945181803898e-05
8.2693834347711e-05
8.26931505263419e-05
8.26924667162821e-05
8.26917829175315e-05
8.26910991300896e-05
8.26904153539563e-05
8.26897315891313e-05
8.26890478356142e-05
8.26883640934048e-05
8.26876803625028e-05
8.26869966429079e-05
8.26863129346199e-05
8.26856292376385e-05
8.26849455519634e-05
8.26842618775942e-05
8.26835782145308e-05
8.26828945627728e-05
8.26822109223201e-05
8.26815272931722e-05
8.26808436753289e-05
8.26801600687899e-05
8.2679476473555e-05
8.26787928896238e-05
8.26781093169961e-05
8.26774257556717e-05
8.26767422056501e-05
8.26760586669312e-05
8.26753751395147e-05
8.26746916234002e-05
8.26740081185876e-05
8.26733246250765e-05
8.26726411428666e-05
8.26719576719577e-05
8.26712742123494e-05
8.26705907640416e-05
8.26699073270339e-05
8.2669223901326e-05
8.26685404869177e-05
8.26678570838087e-05
8.26671736919986e-05
8.26664903114873e-05
8.26658069422745e-05
8.26651235843598e-05
8.26644402377429e-05
8.26637569024237e-05
8.26630735784018e-05
8.26623902656769e-05
8.26617069642488e-05
8.26610236741172e-05
8.26603403952817e-05
8.26596571277422e-05
8.26589738714984e-05
8.26582906265498e-05
8.26576073928964e-05
8.26569241705378e-05
8.26562409594736e-05
8.26555577597038e-05
8.26548745712278e-05
8.26541913940456e-05
8.26535082281567e-05
8.2652825073561e-05
8.26521419302581e-05
8.26514587982478e-05
8.26507756775297e-05
8.26500925681037e-05
8.26494094699693e-05
8.26487263831264e-05
8.26480433075747e-05
8.26473602433138e-05
8.26466771903436e-05
8.26459941486636e-05
8.26453111182737e-05
8.26446280991736e-05
8.26439450913629e-05
8.26432620948414e-05
8.26425791096089e-05
8.26418961356649e-05
8.26412131730094e-05
8.26405302216419e-05
8.26398472815622e-05
8.26391643527701e-05
8.26384814352652e-05
8.26377985290472e-05
8.26371156341159e-05
8.2636432750471e-05
8.26357498781123e-05
8.26350670170393e-05
8.2634384167252e-05
8.26337013287499e-05
8.26330185015328e-05
8.26323356856005e-05
8.26316528809526e-05
8.26309700875888e-05
8.2630287305509e-05
8.26296045347127e-05
8.26289217751998e-05
8.26282390269699e-05
8.26275562900227e-05
8.26268735643581e-05
8.26261908499756e-05
8.26255081468751e-05
8.26248254550562e-05
8.26241427745187e-05
8.26234601052623e-05
8.26227774472867e-05
8.26220948005916e-05
8.26214121651767e-05
8.26207295410419e-05
8.26200469281867e-05
8.26193643266109e-05
8.26186817363142e-05
8.26179991572964e-05
8.26173165895572e-05
8.26166340330962e-05
8.26159514879133e-05
8.26152689540081e-05
8.26145864313803e-05
8.26139039200297e-05
8.2613221419956e-05
8.2612538931159e-05
8.26118564536382e-05
8.26111739873935e-05
8.26104915324246e-05
8.26098090887312e-05
8.2609126656313e-05
8.26084442351697e-05
8.26077618253011e-05
8.26070794267069e-05
8.26063970393867e-05
8.26057146633404e-05
8.26050322985676e-05
8.26043499450681e-05
8.26036676028416e-05
8.26029852718877e-05
8.26023029522063e-05
8.2601620643797e-05
8.26009383466596e-05
8.26002560607938e-05
8.25995737861993e-05
8.25988915228758e-05
8.2598209270823e-05
8.25975270300407e-05
8.25968448005286e-05
8.25961625822864e-05
8.25954803753139e-05
8.25947981796107e-05
8.25941159951765e-05
8.25934338220112e-05
8.25927516601143e-05
8.25920695094857e-05
8.2591387370125e-05
8.25907052420321e-05
8.25900231252065e-05
8.2589341019648e-05
8.25886589253564e-05
8.25879768423313e-05
8.25872947705725e-05
8.25866127100797e-05
8.25859306608526e-05
8.2585248622891e-05
8.25845665961945e-05
8.25838845807629e-05
8.25832025765959e-05
8.25825205836932e-05
8.25818386020546e-05
8.25811566316798e-05
8.25804746725684e-05
8.25797927247203e-05
8.2579110788135e-05
8.25784288628125e-05
8.25777469487522e-05
8.25770650459541e-05
8.25763831544178e-05
8.25757012741431e-05
8.25750194051296e-05
8.2574337547377e-05
8.25736557008852e-05
8.25729738656538e-05
8.25722920416825e-05
8.25716102289711e-05
8.25709284275192e-05
8.25702466373267e-05
8.25695648583932e-05
8.25688830907184e-05
8.25682013343021e-05
8.2567519589144e-05
8.25668378552438e-05
8.25661561326012e-05
8.2565474421216e-05
8.25647927210879e-05
8.25641110322165e-05
8.25634293546017e-05
8.25627476882431e-05
8.25620660331404e-05
8.25613843892934e-05
8.25607027567019e-05
8.25600211353654e-05
8.25593395252838e-05
8.25586579264567e-05
8.2557976338884e-05
8.25572947625652e-05
8.25566131975002e-05
8.25559316436886e-05
8.25552501011302e-05
8.25545685698247e-05
8.25538870497717e-05
8.25532055409712e-05
8.25525240434226e-05
8.25518425571259e-05
8.25511610820806e-05
8.25504796182866e-05
8.25497981657435e-05
8.25491167244511e-05
8.2548435294409e-05
8.25477538756171e-05
8.25470724680749e-05
8.25463910717823e-05
8.2545709686739e-05
8.25450283129447e-05
8.25443469503991e-05
8.25436655991019e-05
8.25429842590529e-05
8.25423029302517e-05
8.25416216126982e-05
8.2540940306392e-05
8.25402590113328e-05
8.25395777275203e-05
8.25388964549544e-05
8.25382151936347e-05
8.25375339435608e-05
8.25368527047327e-05
8.25361714771499e-05
8.25354902608122e-05
8.25348090557192e-05
8.25341278618709e-05
8.25334466792668e-05
8.25327655079066e-05
8.25320843477902e-05
8.25314031989172e-05
8.25307220612873e-05
8.25300409349003e-05
8.25293598197559e-05
8.25286787158538e-05
8.25279976231937e-05
8.25273165417753e-05
8.25266354715985e-05
8.25259544126628e-05
8.2525273364968e-05
8.25245923285139e-05
8.25239113033001e-05
8.25232302893264e-05
8.25225492865926e-05
8.25218682950982e-05
8.25211873148431e-05
8.25205063458269e-05
8.25198253880495e-05
8.25191444415104e-05
8.25184635062095e-05
8.25177825821464e-05
8.2517101669321e-05
8.25164207677328e-05
8.25157398773816e-05
8.25150589982672e-05
8.25143781303892e-05
8.25136972737474e-05
8.25130164283416e-05
8.25123355941713e-05
8.25116547712364e-05
8.25109739595366e-05
8.25102931590716e-05
8.25096123698411e-05
8.25089315918448e-05
8.25082508250825e-05
8.25075700695539e-05
8.25068893252587e-05
8.25062085921966e-05
8.25055278703673e-05
8.25048471597706e-05
8.25041664604062e-05
8.25034857722739e-05
8.25028050953732e-05
8.25021244297041e-05
8.25014437752661e-05
8.2500763132059e-05
8.25000825000825e-05
8.24994018793364e-05
8.24987212698203e-05
8.2498040671534e-05
8.24973600844773e-05
8.24966795086498e-05
8.24959989440512e-05
8.24953183906813e-05
8.24946378485398e-05
8.24939573176265e-05
8.2493276797941e-05
8.2492596289483e-05
8.24919157922524e-05
8.24912353062487e-05
8.24905548314718e-05
8.24898743679213e-05
8.24891939155971e-05
8.24885134744987e-05
8.24878330446259e-05
8.24871526259785e-05
8.24864722185562e-05
8.24857918223586e-05
8.24851114373856e-05
8.24844310636367e-05
8.24837507011119e-05
8.24830703498107e-05
8.24823900097329e-05
8.24817096808783e-05
8.24810293632465e-05
8.24803490568372e-05
8.24796687616503e-05
8.24789884776853e-05
8.24783082049421e-05
8.24776279434203e-05
8.24769476931198e-05
8.24762674540401e-05
8.24755872261811e-05
8.24749070095424e-05
8.24742268041237e-05
8.24735466099249e-05
8.24728664269455e-05
8.24721862551854e-05
8.24715060946443e-05
8.24708259453218e-05
8.24701458072178e-05
8.24694656803319e-05
8.24687855646638e-05
8.24681054602133e-05
8.246742536698e-05
8.24667452849638e-05
8.24660652141644e-05
8.24653851545814e-05
8.24647051062145e-05
8.24640250690636e-05
8.24633450431283e-05
8.24626650284084e-05
8.24619850249035e-05
8.24613050326134e-05
8.24606250515379e-05
8.24599450816766e-05
8.24592651230292e-05
8.24585851755956e-05
8.24579052393753e-05
8.24572253143682e-05
8.24565454005739e-05
8.24558654979922e-05
8.24551856066228e-05
8.24545057264654e-05
8.24538258575198e-05
8.24531459997856e-05
8.24524661532626e-05
8.24517863179506e-05
8.24511064938492e-05
8.24504266809581e-05
8.24497468792771e-05
8.24490670888059e-05
8.24483873095442e-05
8.24477075414918e-05
8.24470277846484e-05
8.24463480390136e-05
8.24456683045873e-05
8.24449885813691e-05
8.24443088693587e-05
8.2443629168556e-05
8.24429494789606e-05
8.24422698005722e-05
8.24415901333905e-05
8.24409104774153e-05
8.24402308326463e-05
8.24395511990833e-05
8.24388715767259e-05
8.24381919655738e-05
8.24375123656269e-05
8.24368327768847e-05
8.24361531993471e-05
8.24354736330138e-05
8.24347940778844e-05
8.24341145339587e-05
8.24334350012365e-05
8.24327554797174e-05
8.24320759694012e-05
8.24313964702876e-05
8.24307169823763e-05
8.24300375056671e-05
8.24293580401596e-05
8.24286785858536e-05
8.24279991427488e-05
8.2427319710845e-05
8.24266402901418e-05
8.2425960880639e-05
8.24252814823363e-05
8.24246020952334e-05
8.24239227193301e-05
8.2423243354626e-05
8.24225640011209e-05
8.24218846588146e-05
8.24212053277067e-05
8.2420526007797e-05
8.24198466990851e-05
8.24191674015709e-05
8.2418488115254e-05
8.24178088401342e-05
8.24171295762111e-05
8.24164503234846e-05
8.24157710819542e-05
8.24150918516199e-05
8.24144126324812e-05
8.24137334245379e-05
8.24130542277897e-05
8.24123750422363e-05
8.24116958678776e-05
8.24110167047131e-05
8.24103375527426e-05
8.24096584119659e-05
8.24089792823826e-05
8.24083001639925e-05
8.24076210567953e-05
8.24069419607908e-05
8.24062628759786e-05
8.24055838023584e-05
8.24049047399301e-05
8.24042256886933e-05
8.24035466486478e-05
8.24028676197932e-05
8.24021886021293e-05
8.24015095956558e-05
8.24008306003725e-05
8.2400151616279e-05
8.23994726433751e-05
8.23987936816605e-05
8.23981147311349e-05
8.23974357917982e-05
8.23967568636499e-05
8.23960779466897e-05
8.23953990409176e-05
8.2394720146333e-05
8.23940412629359e-05
8.23933623907258e-05
8.23926835297026e-05
8.23920046798659e-05
8.23913258412154e-05
8.2390647013751e-05
8.23899681974723e-05
8.2389289392379e-05
8.23886105984709e-05
8.23879318157476e-05
8.2387253044209e-05
8.23865742838547e-05
8.23858955346845e-05
8.2385216796698e-05
8.2384538069895e-05
8.23838593542753e-05
8.23831806498385e-05
8.23825019565844e-05
8.23818232745127e-05
8.23811446036231e-05
8.23804659439154e-05
8.23797872953892e-05
8.23791086580443e-05
8.23784300318805e-05
8.23777514168973e-05
8.23770728130947e-05
8.23763942204722e-05
8.23757156390296e-05
8.23750370687667e-05
8.23743585096831e-05
8.23736799617786e-05
8.23730014250529e-05
8.23723228995058e-05
8.23716443851369e-05
8.23709658819459e-05
8.23702873899327e-05
8.23696089090969e-05
8.23689304394382e-05
8.23682519809565e-05
8.23675735336513e-05
8.23668950975224e-05
8.23662166725696e-05
8.23655382587925e-05
8.2364859856191e-05
8.23641814647646e-05
8.23635030845132e-05
8.23628247154364e-05
8.23621463575341e-05
8.23614680108058e-05
8.23607896752514e-05
8.23601113508705e-05
8.2359433037663e-05
8.23587547356284e-05
8.23580764447666e-05
8.23573981650772e-05
8.235671989656e-05
8.23560416392147e-05
8.2355363393041e-05
8.23546851580386e-05
8.23540069342074e-05
8.23533287215469e-05
8.2352650520057e-05
8.23519723297373e-05
8.23512941505876e-05
8.23506159826076e-05
8.23499378257969e-05
8.23492596801555e-05
8.23485815456829e-05
8.23479034223789e-05
8.23472253102432e-05
8.23465472092755e-05
8.23458691194756e-05
8.23451910408432e-05
8.2344512973378e-05
8.23438349170798e-05
8.23431568719482e-05
8.23424788379829e-05
8.23418008151838e-05
8.23411228035505e-05
8.23404448030828e-05
8.23397668137804e-05
8.23390888356429e-05
8.23384108686702e-05
8.2337732912862e-05
8.23370549682179e-05
8.23363770347377e-05
8.23356991124212e-05
8.2335021201268e-05
8.23343433012778e-05
8.23336654124505e-05
8.23329875347857e-05
8.23323096682831e-05
8.23316318129425e-05
8.23309539687636e-05
8.23302761357462e-05
8.23295983138898e-05
8.23289205031944e-05
8.23282427036595e-05
8.23275649152849e-05
8.23268871380704e-05
8.23262093720157e-05
8.23255316171204e-05
8.23248538733844e-05
8.23241761408073e-05
8.23234984193888e-05
8.23228207091288e-05
8.23221430100268e-05
8.23214653220827e-05
8.23207876452962e-05
8.23201099796669e-05
8.23194323251947e-05
8.23187546818792e-05
8.23180770497201e-05
8.23173994287173e-05
8.23167218188703e-05
8.2316044220179e-05
8.2315366632643e-05
8.23146890562621e-05
8.2314011491036e-05
8.23133339369644e-05
8.23126563940471e-05
8.23119788622838e-05
8.23113013416742e-05
8.2310623832218e-05
8.2309946333915e-05
8.23092688467648e-05
8.23085913707673e-05
8.23079139059221e-05
8.23072364522289e-05
8.23065590096875e-05
8.23058815782976e-05
8.23052041580589e-05
8.23045267489712e-05
8.23038493510342e-05
8.23031719642475e-05
8.2302494588611e-05
8.23018172241243e-05
8.23011398707872e-05
8.23004625285994e-05
8.22997851975606e-05
8.22991078776706e-05
8.22984305689291e-05
8.22977532713357e-05
8.22970759848903e-05
8.22963987095925e-05
8.22957214454421e-05
8.22950441924387e-05
8.22943669505822e-05
8.22936897198723e-05
8.22930125003086e-05
8.22923352918909e-05
8.22916580946189e-05
8.22909809084924e-05
8.22903037335111e-05
8.22896265696746e-05
8.22889494169828e-05
8.22882722754353e-05
8.22875951450319e-05
8.22869180257723e-05
8.22862409176562e-05
8.22855638206833e-05
8.22848867348534e-05
8.22842096601662e-05
8.22835325966214e-05
8.22828555442188e-05
8.2282178502958e-05
8.22815014728389e-05
8.2280824453861e-05
8.22801474460242e-05
8.22794704493282e-05
8.22787934637726e-05
8.22781164893573e-05
8.2277439526082e-05
8.22767625739462e-05
8.22760856329499e-05
8.22754087030927e-05
8.22747317843744e-05
8.22740548767946e-05
8.22733779803531e-05
8.22727010950497e-05
8.22720242208839e-05
8.22713473578557e-05
8.22706705059646e-05
8.22699936652105e-05
8.2269316835593e-05
8.22686400171119e-05
8.22679632097668e-05
8.22672864135576e-05
8.2266609628484e-05
8.22659328545456e-05
8.22652560917422e-05
8.22645793400735e-05
8.22639025995393e-05
8.22632258701393e-05
8.22625491518731e-05
8.22618724447406e-05
8.22611957487414e-05
8.22605190638753e-05
8.2259842390142e-05
8.22591657275412e-05
8.22584890760726e-05
8.22578124357361e-05
8.22571358065312e-05
8.22564591884578e-05
8.22557825815155e-05
8.22551059857041e-05
8.22544294010232e-05
8.22537528274728e-05
8.22530762650523e-05
8.22523997137617e-05
8.22517231736005e-05
8.22510466445685e-05
8.22503701266656e-05
8.22496936198913e-05
8.22490171242454e-05
8.22483406397276e-05
8.22476641663377e-05
8.22469877040753e-05
8.22463112529403e-05
8.22456348129323e-05
8.22449583840511e-05
8.22442819662963e-05
8.22436055596677e-05
8.22429291641651e-05
8.22422527797881e-05
8.22415764065366e-05
8.22409000444101e-05
8.22402236934084e-05
8.22395473535314e-05
8.22388710247786e-05
8.22381947071498e-05
8.22375184006447e-05
8.22368421052632e-05
8.22361658210048e-05
8.22354895478693e-05
8.22348132858564e-05
8.2234137034966e-05
8.22334607951976e-05
8.2232784566551e-05
8.2232108349026e-05
8.22314321426222e-05
8.22307559473394e-05
8.22300797631774e-05
8.22294035901358e-05
8.22287274282143e-05
8.22280512774128e-05
8.22273751377309e-05
8.22266990091683e-05
8.22260228917248e-05
8.22253467854001e-05
8.22246706901939e-05
8.2223994606106e-05
8.2223318533136e-05
8.22226424712837e-05
8.22219664205489e-05
8.22212903809312e-05
8.22206143524304e-05
8.22199383350463e-05
8.22192623287784e-05
8.22185863336266e-05
8.22179103495906e-05
8.221723437667e-05
8.22165584148648e-05
8.22158824641744e-05
8.22152065245988e-05
8.22145305961376e-05
8.22138546787905e-05
8.22131787725572e-05
8.22125028774376e-05
8.22118269934313e-05
8.2211151120538e-05
8.22104752587575e-05
8.22097994080894e-05
8.22091235685336e-05
8.22084477400898e-05
8.22077719227576e-05
8.22070961165368e-05
8.22064203214271e-05
8.22057445374283e-05
8.220506876454e-05
8.22043930027621e-05
8.22037172520941e-05
8.2203041512536e-05
8.22023657840873e-05
8.22016900667478e-05
8.22010143605172e-05
8.22003386653953e-05
8.21996629813818e-05
8.21989873084764e-05
8.21983116466788e-05
8.21976359959888e-05
8.2196960356406e-05
8.21962847279303e-05
8.21956091105613e-05
8.21949335042988e-05
8.21942579091425e-05
8.21935823250921e-05
8.21929067521473e-05
8.21922311903079e-05
8.21915556395736e-05
8.21908800999441e-05
8.21902045714192e-05
8.21895290539985e-05
8.21888535476819e-05
8.21881780524689e-05
8.21875025683595e-05
8.21868270953532e-05
8.21861516334498e-05
8.2185476182649e-05
8.21848007429506e-05
8.21841253143543e-05
8.21834498968598e-05
8.21827744904668e-05
8.21820990951751e-05
8.21814237109844e-05
8.21807483378944e-05
8.21800729759048e-05
8.21793976250154e-05
8.21787222852259e-05
8.2178046956536e-05
8.21773716389455e-05
8.2176696332454e-05
8.21760210370614e-05
8.21753457527673e-05
8.21746704795714e-05
8.21739952174735e-05
8.21733199664733e-05
8.21726447265705e-05
8.21719694977649e-05
8.21712942800562e-05
8.21706190734441e-05
8.21699438779283e-05
8.21692686935086e-05
8.21685935201847e-05
8.21679183579563e-05
8.21672432068232e-05
8.2166568066785e-05
8.21658929378415e-05
8.21652178199924e-05
8.21645427132375e-05
8.21638676175765e-05
8.21631925330091e-05
8.2162517459535e-05
8.21618423971539e-05
8.21611673458657e-05
8.21604923056699e-05
8.21598172765664e-05
8.21591422585548e-05
8.21584672516349e-05
8.21577922558065e-05
8.21571172710692e-05
8.21564422974228e-05
8.21557673348669e-05
8.21550923834014e-05
8.21544174430259e-05
8.21537425137402e-05
8.2153067595544e-05
8.2152392688437e-05
8.2151717792419e-05
8.21510429074897e-05
8.21503680336488e-05
8.2149693170896e-05
8.21490183192311e-05
8.21483434786537e-05
8.21476686491637e-05
8.21469938307608e-05
8.21463190234446e-05
8.21456442272148e-05
8.21449694420714e-05
8.21442946680138e-05
8.2143619905042e-05
8.21429451531555e-05
8.21422704123542e-05
8.21415956826377e-05
8.21409209640058e-05
8.21402462564583e-05
8.21395715599947e-05
8.2138896874615e-05
8.21382222003187e-05
8.21375475371056e-05
8.21368728849755e-05
8.21361982439281e-05
8.2135523613963e-05
8.21348489950801e-05
8.21341743872791e-05
8.21334997905596e-05
8.21328252049214e-05
8.21321506303643e-05
8.21314760668879e-05
8.2130801514492e-05
8.21301269731763e-05
8.21294524429406e-05
8.21287779237845e-05
8.21281034157078e-05
8.21274289187103e-05
8.21267544327916e-05
8.21260799579515e-05
8.21254054941896e-05
8.21247310415058e-05
8.21240565998998e-05
8.21233821693713e-05
8.21227077499199e-05
8.21220333415455e-05
8.21213589442478e-05
8.21206845580265e-05
8.21200101828813e-05
8.21193358188119e-05
8.21186614658181e-05
8.21179871238996e-05
8.21173127930562e-05
8.21166384732875e-05
8.21159641645932e-05
8.21152898669732e-05
8.21146155804272e-05
8.21139413049548e-05
8.21132670405557e-05
8.21125927872299e-05
8.21119185449768e-05
8.21112443137963e-05
8.21105700936882e-05
8.2109895884652e-05
8.21092216866876e-05
8.21085474997947e-05
8.2107873323973e-05
8.21071991592223e-05
8.21065250055422e-05
8.21058508629325e-05
8.21051767313929e-05
8.21045026109232e-05
8.2103828501523e-05
8.21031544031922e-05
8.21024803159303e-05
8.21018062397373e-05
8.21011321746127e-05
8.21004581205563e-05
8.20997840775679e-05
8.20991100456471e-05
8.20984360247937e-05
8.20977620150075e-05
8.20970880162881e-05
8.20964140286352e-05
8.20957400520487e-05
8.20950660865282e-05
8.20943921320735e-05
8.20937181886842e-05
8.20930442563602e-05
8.20923703351011e-05
8.20916964249066e-05
8.20910225257766e-05
8.20903486377107e-05
8.20896747607086e-05
8.20890008947701e-05
8.20883270398949e-05
8.20876531960828e-05
8.20869793633334e-05
8.20863055416465e-05
8.20856317310218e-05
8.20849579314591e-05
8.2084284142958e-05
8.20836103655183e-05
8.20829365991398e-05
8.20822628438221e-05
8.2081589099565e-05
8.20809153663682e-05
8.20802416442314e-05
8.20795679331544e-05
8.20788942331369e-05
8.20782205441786e-05
8.20775468662793e-05
8.20768731994386e-05
8.20761995436563e-05
8.20755258989322e-05
8.20748522652659e-05
8.20741786426572e-05
8.20735050311059e-05
8.20728314306115e-05
8.2072157841174e-05
8.20714842627929e-05
8.20708106954681e-05
8.20701371391992e-05
8.20694635939859e-05
8.20687900598281e-05
8.20681165367255e-05
8.20674430246777e-05
8.20667695236845e-05
8.20660960337456e-05
8.20654225548607e-05
8.20647490870297e-05
8.20640756302521e-05
8.20634021845278e-05
8.20627287498564e-05
8.20620553262377e-05
8.20613819136714e-05
8.20607085121573e-05
8.2060035121695e-05
8.20593617422844e-05
8.2058688373925e-05
8.20580150166168e-05
8.20573416703592e-05
8.20566683351523e-05
8.20559950109955e-05
8.20553216978887e-05
8.20546483958316e-05
8.20539751048239e-05
8.20533018248654e-05
8.20526285559558e-05
8.20519552980948e-05
8.2051282051282e-05
8.20506088155174e-05
8.20499355908006e-05
8.20492623771312e-05
8.20485891745091e-05
8.2047915982934e-05
8.20472428024056e-05
8.20465696329236e-05
8.20458964744878e-05
8.20452233270979e-05
8.20445501907536e-05
8.20438770654546e-05
8.20432039512007e-05
8.20425308479916e-05
8.2041857755827e-05
8.20411846747067e-05
8.20405116046304e-05
8.20398385455977e-05
8.20391654976086e-05
8.20384924606625e-05
8.20378194347594e-05
8.20371464198989e-05
8.20364734160808e-05
8.20358004233047e-05
8.20351274415705e-05
8.20344544708778e-05
8.20337815112263e-05
8.20331085626159e-05
8.20324356250461e-05
8.20317626985169e-05
8.20310897830278e-05
8.20304168785786e-05
8.2029743985169e-05
8.20290711027988e-05
8.20283982314677e-05
8.20277253711755e-05
8.20270525219217e-05
8.20263796837063e-05
8.20257068565288e-05
8.20250340403891e-05
8.20243612352869e-05
8.20236884412218e-05
8.20230156581937e-05
8.20223428862022e-05
8.20216701252471e-05
8.20209973753281e-05
8.20203246364449e-05
8.20196519085973e-05
8.2018979191785e-05
8.20183064860077e-05
8.20176337912651e-05
8.2016961107557e-05
8.20162884348832e-05
8.20156157732432e-05
8.20149431226369e-05
8.20142704830641e-05
8.20135978545243e-05
8.20129252370174e-05
8.2012252630543e-05
8.2011580035101e-05
8.20109074506909e-05
8.20102348773127e-05
8.20095623149659e-05
8.20088897636504e-05
8.20082172233658e-05
8.20075446941119e-05
8.20068721758883e-05
8.20061996686949e-05
8.20055271725314e-05
8.20048546873975e-05
8.20041822132929e-05
8.20035097502173e-05
8.20028372981705e-05
8.20021648571522e-05
8.20014924271622e-05
8.20008200082001e-05
8.20001476002657e-05
8.19994752033587e-05
8.19988028174789e-05
8.19981304426259e-05
8.19974580787996e-05
8.19967857259995e-05
8.19961133842256e-05
8.19954410534774e-05
8.19947687337548e-05
8.19940964250574e-05
8.1993424127385e-05
8.19927518407373e-05
8.1992079565114e-05
8.19914073005149e-05
8.19907350469397e-05
8.19900628043881e-05
8.19893905728599e-05
8.19887183523547e-05
8.19880461428724e-05
8.19873739444126e-05
8.1986701756975e-05
8.19860295805595e-05
8.19853574151657e-05
8.19846852607933e-05
8.19840131174421e-05
8.19833409851118e-05
8.19826688638022e-05
8.19819967535129e-05
8.19813246542438e-05
8.19806525659944e-05
8.19799804887646e-05
8.19793084225541e-05
8.19786363673627e-05
8.19779643231899e-05
8.19772922900357e-05
8.19766202678996e-05
8.19759482567815e-05
8.1975276256681e-05
8.19746042675979e-05
8.19739322895319e-05
8.19732603224828e-05
8.19725883664503e-05
8.1971916421434e-05
8.19712444874338e-05
8.19705725644494e-05
8.19699006524804e-05
8.19692287515267e-05
8.19685568615879e-05
8.19678849826638e-05
8.19672131147541e-05
8.19665412578585e-05
8.19658694119769e-05
8.19651975771088e-05
8.1964525753254e-05
8.19638539404123e-05
8.19631821385834e-05
8.19625103477669e-05
8.19618385679628e-05
8.19611667991706e-05
8.19604950413901e-05
8.1959823294621e-05
8.19591515588631e-05
8.1958479834116e-05
8.19578081203796e-05
8.19571364176536e-05
8.19564647259376e-05
8.19557930452314e-05
8.19551213755348e-05
8.19544497168474e-05
8.1953778069169e-05
8.19531064324993e-05
8.19524348068381e-05
8.19517631921851e-05
8.195109158854e-05
8.19504199959025e-05
8.19497484142724e-05
8.19490768436494e-05
8.19484052840332e-05
8.19477337354235e-05
8.19470621978202e-05
8.19463906712229e-05
8.19457191556313e-05
8.19450476510452e-05
8.19443761574643e-05
8.19437046748884e-05
8.19430332033171e-05
8.19423617427501e-05
8.19416902931874e-05
8.19410188546284e-05
8.19403474270731e-05
8.19396760105211e-05
8.19390046049721e-05
8.19383332104258e-05
8.19376618268821e-05
8.19369904543406e-05
8.19363190928011e-05
8.19356477422632e-05
8.19349764027268e-05
8.19343050741915e-05
8.19336337566571e-05
8.19329624501233e-05
8.19322911545898e-05
8.19316198700564e-05
8.19309485965228e-05
8.19302773339888e-05
8.1929606082454e-05
8.19289348419181e-05
8.1928263612381e-05
8.19275923938423e-05
8.19269211863018e-05
8.19262499897592e-05
8.19255788042142e-05
8.19249076296667e-05
8.19242364661161e-05
8.19235653135624e-05
8.19228941720053e-05
8.19222230414445e-05
8.19215519218796e-05
8.19208808133105e-05
8.19202097157369e-05
8.19195386291584e-05
8.19188675535749e-05
8.19181964889861e-05
8.19175254353916e-05
8.19168543927913e-05
8.19161833611848e-05
8.19155123405719e-05
8.19148413309523e-05
8.19141703323258e-05
8.1913499344692e-05
8.19128283680507e-05
8.19121574024017e-05
8.19114864477446e-05
8.19108155040792e-05
8.19101445714052e-05
8.19094736497223e-05
8.19088027390304e-05
8.1908131839329e-05
8.1907460950618e-05
8.1906790072897e-05
8.19061192061659e-05
8.19054483504243e-05
8.19047775056719e-05
8.19041066719085e-05
8.19034358491339e-05
8.19027650373477e-05
8.19020942365496e-05
8.19014234467395e-05
8.1900752667917e-05
8.19000819000819e-05
8.18994111432339e-05
8.18987403973727e-05
8.18980696624981e-05
8.18973989386097e-05
8.18967282257074e-05
8.18960575237908e-05
8.18953868328597e-05
8.18947161529138e-05
8.18940454839529e-05
8.18933748259766e-05
8.18927041789847e-05
8.18920335429769e-05
8.1891362917953e-05
8.18906923039127e-05
8.18900217008558e-05
8.18893511087818e-05
8.18886805276907e-05
8.1888009957582e-05
8.18873393984556e-05
8.18866688503112e-05
8.18859983131484e-05
8.18853277869671e-05
8.1884657271767e-05
8.18839867675477e-05
8.18833162743091e-05
8.18826457920508e-05
8.18819753207726e-05
8.18813048604743e-05
8.18806344111554e-05
8.18799639728159e-05
8.18792935454553e-05
8.18786231290735e-05
8.18779527236701e-05
8.18772823292449e-05
8.18766119457977e-05
8.18759415733281e-05
8.18752712118359e-05
8.18746008613208e-05
8.18739305217826e-05
8.18732601932209e-05
8.18725898756355e-05
8.18719195690262e-05
8.18712492733927e-05
8.18705789887346e-05
8.18699087150518e-05
8.18692384523439e-05
8.18685682006107e-05
8.1867897959852e-05
8.18672277300674e-05
8.18665575112566e-05
8.18658873034195e-05
8.18652171065558e-05
8.18645469206651e-05
8.18638767457472e-05
8.18632065818018e-05
8.18625364288287e-05
8.18618662868276e-05
8.18611961557982e-05
8.18605260357403e-05
8.18598559266536e-05
8.18591858285378e-05
8.18585157413926e-05
8.18578456652178e-05
8.18571756000131e-05
8.18565055457783e-05
8.1855835502513e-05
8.1855165470217e-05
8.18544954488901e-05
8.18538254385319e-05
8.18531554391422e-05
8.18524854507207e-05
8.18518154732672e-05
8.18511455067814e-05
8.1850475551263e-05
8.18498056067117e-05
8.18491356731273e-05
8.18484657505095e-05
8.18477958388581e-05
8.18471259381727e-05
8.18464560484531e-05
8.18457861696991e-05
8.18451163019103e-05
8.18444464450865e-05
8.18437765992274e-05
8.18431067643328e-05
8.18424369404023e-05
8.18417671274358e-05
8.18410973254329e-05
8.18404275343934e-05
8.1839757754317e-05
8.18390879852035e-05
8.18384182270525e-05
8.18377484798638e-05
8.18370787436372e-05
8.18364090183723e-05
8.18357393040689e-05
8.18350696007267e-05
8.18343999083455e-05
8.18337302269249e-05
8.18330605564648e-05
8.18323908969648e-05
8.18317212484247e-05
8.18310516108443e-05
8.18303819842231e-05
8.1829712368561e-05
8.18290427638578e-05
8.1828373170113e-05
8.18277035873265e-05
8.1827034015498e-05
8.18263644546273e-05
8.1825694904714e-05
8.18250253657579e-05
8.18243558377587e-05
8.18236863207161e-05
8.18230168146299e-05
8.18223473194999e-05
8.18216778353257e-05
8.18210083621071e-05
8.18203388998437e-05
8.18196694485354e-05
8.18190000081819e-05
8.18183305787829e-05
8.18176611603381e-05
8.18169917528472e-05
8.18163223563101e-05
8.18156529707264e-05
8.18149835960958e-05
8.18143142324181e-05
8.1813644879693e-05
8.18129755379203e-05
8.18123062070997e-05
8.18116368872308e-05
8.18109675783136e-05
8.18102982803475e-05
8.18096289933325e-05
8.18089597172682e-05
8.18082904521544e-05
8.18076211979908e-05
8.18069519547771e-05
8.18062827225131e-05
8.18056135011985e-05
8.18049442908329e-05
8.18042750914163e-05
8.18036059029482e-05
8.18029367254284e-05
8.18022675588567e-05
8.18015984032328e-05
8.18009292585564e-05
8.18002601248272e-05
8.1799591002045e-05
8.17989218902095e-05
8.17982527893204e-05
8.17975836993775e-05
8.17969146203805e-05
8.17962455523291e-05
8.17955764952231e-05
8.17949074490622e-05
8.17942384138461e-05
8.17935693895746e-05
8.17929003762473e-05
8.17922313738641e-05
8.17915623824246e-05
8.17908934019286e-05
8.17902244323758e-05
8.1789555473766e-05
8.17888865260988e-05
8.17882175893741e-05
8.17875486635915e-05
8.17868797487507e-05
8.17862108448516e-05
8.17855419518937e-05
8.1784873069877e-05
8.1784204198801e-05
8.17835353386656e-05
8.17828664894704e-05
8.17821976512153e-05
8.17815288238998e-05
8.17808600075238e-05
8.1780191202087e-05
8.17795224075891e-05
8.17788536240299e-05
8.1778184851409e-05
8.17775160897263e-05
8.17768473389814e-05
8.17761785991741e-05
8.1775509870304e-05
8.17748411523711e-05
8.17741724453749e-05
8.17735037493151e-05
8.17728350641917e-05
8.17721663900042e-05
8.17714977267524e-05
8.1770829074436e-05
8.17701604330548e-05
8.17694918026085e-05
8.17688231830968e-05
8.17681545745194e-05
8.17674859768762e-05
8.17668173901667e-05
8.17661488143908e-05
8.17654802495482e-05
8.17648116956387e-05
8.17641431526618e-05
8.17634746206175e-05
8.17628060995053e-05
8.17621375893251e-05
8.17614690900766e-05
8.17608006017595e-05
8.17601321243735e-05
8.17594636579184e-05
8.17587952023939e-05
8.17581267577997e-05
8.17574583241356e-05
8.17567899014013e-05
8.17561214895965e-05
8.1755453088721e-05
8.17547846987745e-05
8.17541163197567e-05
8.17534479516674e-05
8.17527795945062e-05
8.1752111248273e-05
8.17514429129674e-05
8.17507745885892e-05
8.17501062751382e-05
8.17494379726139e-05
8.17487696810163e-05
8.1748101400345e-05
8.17474331305997e-05
8.17467648717802e-05
8.17460966238862e-05
8.17454283869175e-05
8.17447601608737e-05
8.17440919457546e-05
8.174342374156e-05
8.17427555482895e-05
8.1742087365943e-05
8.17414191945201e-05
8.17407510340205e-05
8.1740082884444e-05
8.17394147457904e-05
8.17387466180594e-05
8.17380785012506e-05
8.17374103953639e-05
8.17367423003989e-05
8.17360742163554e-05
8.17354061432331e-05
8.17347380810318e-05
8.17340700297512e-05
8.1733401989391e-05
8.1732733959951e-05
8.17320659414308e-05
8.17313979338303e-05
8.17307299371491e-05
8.1730061951387e-05
8.17293939765437e-05
8.17287260126189e-05
8.17280580596124e-05
8.1727390117524e-05
8.17267221863533e-05
8.17260542661e-05
8.1725386356764e-05
8.17247184583449e-05
8.17240505708425e-05
8.17233826942565e-05
8.17227148285866e-05
8.17220469738326e-05
8.17213791299942e-05
8.17207112970711e-05
8.17200434750631e-05
8.17193756639699e-05
8.17187078637913e-05
8.17180400745268e-05
8.17173722961764e-05
8.17167045287398e-05
8.17160367722166e-05
8.17153690266065e-05
8.17147012919094e-05
8.1714033568125e-05
8.17133658552529e-05
8.1712698153293e-05
8.1712030462245e-05
8.17113627821085e-05
8.17106951128833e-05
8.17100274545692e-05
8.17093598071659e-05
8.17086921706731e-05
8.17080245450906e-05
8.1707356930418e-05
8.17066893266552e-05
8.17060217338018e-05
8.17053541518576e-05
8.17046865808223e-05
8.17040190206956e-05
8.17033514714774e-05
8.17026839331672e-05
8.17020164057649e-05
8.17013488892702e-05
8.17006813836827e-05
8.17000138890024e-05
8.16993464052288e-05
8.16986789323617e-05
8.16980114704008e-05
8.16973440193459e-05
8.16966765791968e-05
8.1696009149953e-05
8.16953417316145e-05
8.16946743241808e-05
8.16940069276518e-05
8.16933395420271e-05
8.16926721673066e-05
8.16920048034899e-05
8.16913374505767e-05
8.16906701085669e-05
8.16900027774601e-05
8.16893354572561e-05
8.16886681479545e-05
8.16880008495552e-05
8.16873335620579e-05
8.16866662854622e-05
8.1685999019768e-05
8.1685331764975e-05
8.16846645210828e-05
8.16839972880913e-05
8.16833300660001e-05
8.16826628548091e-05
8.16819956545178e-05
8.16813284651262e-05
8.16806612866338e-05
8.16799941190404e-05
8.16793269623458e-05
8.16786598165497e-05
8.16779926816519e-05
8.16773255576519e-05
8.16766584445497e-05
8.16759913423449e-05
8.16753242510373e-05
8.16746571706265e-05
8.16739901011124e-05
8.16733230424946e-05
8.16726559947729e-05
8.16719889579471e-05
8.16713219320168e-05
8.16706549169818e-05
8.16699879128418e-05
8.16693209195966e-05
8.16686539372458e-05
8.16679869657893e-05
8.16673200052267e-05
8.16666530555578e-05
8.16659861167824e-05
8.16653191889001e-05
8.16646522719106e-05
8.16639853658138e-05
8.16633184706094e-05
8.1662651586297e-05
8.16619847128765e-05
8.16613178503475e-05
8.16606509987098e-05
8.16599841579631e-05
8.16593173281071e-05
8.16586505091417e-05
8.16579837010665e-05
8.16573169038812e-05
8.16566501175856e-05
8.16559833421794e-05
8.16553165776624e-05
8.16546498240342e-05
8.16539830812947e-05
8.16533163494435e-05
8.16526496284804e-05
8.16519829184052e-05
8.16513162192175e-05
8.1650649530917e-05
8.16499828535036e-05
8.16493161869769e-05
8.16486495313368e-05
8.16479828865828e-05
8.16473162527148e-05
8.16466496297324e-05
8.16459830176355e-05
8.16453164164238e-05
8.16446498260969e-05
8.16439832466546e-05
8.16433166780967e-05
8.16426501204229e-05
8.16419835736329e-05
8.16413170377264e-05
8.16406505127033e-05
8.16399839985631e-05
8.16393174953057e-05
8.16386510029308e-05
8.16379845214381e-05
8.16373180508274e-05
8.16366515910983e-05
8.16359851422507e-05
8.16353187042842e-05
8.16346522771986e-05
8.16339858609937e-05
8.1633319455669e-05
8.16326530612245e-05
8.16319866776598e-05
8.16313203049746e-05
8.16306539431687e-05
8.16299875922419e-05
8.16293212521938e-05
8.16286549230242e-05
8.16279886047328e-05
8.16273222973194e-05
8.16266560007836e-05
8.16259897151253e-05
8.16253234403441e-05
8.16246571764399e-05
8.16239909234122e-05
8.16233246812609e-05
8.16226584499857e-05
8.16219922295863e-05
8.16213260200625e-05
8.1620659821414e-05
8.16199936336405e-05
8.16193274567418e-05
8.16186612907175e-05
8.16179951355675e-05
8.16173289912914e-05
8.16166628578891e-05
8.16159967353601e-05
8.16153306237044e-05
8.16146645229215e-05
8.16139984330112e-05
8.16133323539733e-05
8.16126662858076e-05
8.16120002285136e-05
8.16113341820912e-05
8.16106681465401e-05
8.16100021218601e-05
8.16093361080508e-05
8.1608670105112e-05
8.16080041130434e-05
8.16073381318448e-05
8.16066721615159e-05
8.16060062020565e-05
8.16053402534662e-05
8.16046743157448e-05
8.16040083888921e-05
8.16033424729077e-05
8.16026765677914e-05
8.1602010673543e-05
8.16013447901621e-05
8.16006789176486e-05
8.16000130560021e-05
8.15993472052224e-05
8.15986813653091e-05
8.15980155362622e-05
8.15973497180812e-05
8.15966839107659e-05
8.1596018114316e-05
8.15953523287314e-05
8.15946865540116e-05
8.15940207901565e-05
8.15933550371658e-05
8.15926892950392e-05
8.15920235637764e-05
8.15913578433772e-05
8.15906921338414e-05
8.15900264351686e-05
8.15893607473585e-05
8.15886950704111e-05
8.15880294043258e-05
8.15873637491025e-05
8.1586698104741e-05
8.15860324712409e-05
8.1585366848602e-05
8.15847012368241e-05
8.15840356359068e-05
8.15833700458499e-05
8.15827044666531e-05
8.15820388983161e-05
8.15813733408388e-05
8.15807077942208e-05
8.15800422584619e-05
8.15793767335618e-05
8.15787112195202e-05
8.15780457163368e-05
8.15773802240115e-05
8.15767147425439e-05
8.15760492719338e-05
8.15753838121808e-05
8.15747183632848e-05
8.15740529252455e-05
8.15733874980626e-05
8.15727220817359e-05
8.1572056676265e-05
8.15713912816497e-05
8.15707258978898e-05
8.15700605249849e-05
8.15693951629349e-05
8.15687298117394e-05
8.15680644713982e-05
8.1567399141911e-05
8.15667338232775e-05
8.15660685154976e-05
8.15654032185708e-05
8.1564737932497e-05
8.15640726572759e-05
8.15634073929072e-05
8.15627421393907e-05
8.15620768967261e-05
8.15614116649131e-05
8.15607464439515e-05
8.15600812338409e-05
8.15594160345812e-05
8.1558750846172e-05
8.15580856686132e-05
8.15574205019044e-05
8.15567553460453e-05
8.15560902010358e-05
8.15554250668754e-05
8.15547599435641e-05
8.15540948311015e-05
8.15534297294873e-05
8.15527646387213e-05
8.15520995588031e-05
8.15514344897327e-05
8.15507694315096e-05
8.15501043841336e-05
8.15494393476045e-05
8.15487743219219e-05
8.15481093070857e-05
8.15474443030955e-05
8.15467793099511e-05
8.15461143276523e-05
8.15454493561987e-05
8.15447843955901e-05
8.15441194458262e-05
8.15434545069067e-05
8.15427895788315e-05
8.15421246616002e-05
8.15414597552125e-05
8.15407948596683e-05
8.15401299749672e-05
8.15394651011089e-05
8.15388002380933e-05
8.153813538592e-05
8.15374705445888e-05
8.15368057140993e-05
8.15361408944515e-05
8.15354760856449e-05
8.15348112876793e-05
8.15341465005544e-05
8.15334817242701e-05
8.15328169588259e-05
8.15321522042217e-05
8.15314874604572e-05
8.15308227275321e-05
8.15301580054462e-05
8.15294932941992e-05
8.15288285937908e-05
8.15281639042207e-05
8.15274992254888e-05
8.15268345575946e-05
8.15261699005381e-05
8.15255052543188e-05
8.15248406189366e-05
8.15241759943911e-05
8.15235113806822e-05
8.15228467778095e-05
8.15221821857727e-05
8.15215176045717e-05
8.15208530342061e-05
8.15201884746758e-05
8.15195239259803e-05
8.15188593881194e-05
8.1518194861093e-05
8.15175303449007e-05
8.15168658395422e-05
8.15162013450173e-05
8.15155368613258e-05
8.15148723884673e-05
8.15142079264416e-05
8.15135434752484e-05
8.15128790348875e-05
8.15122146053586e-05
8.15115501866614e-05
8.15108857787958e-05
8.15102213817613e-05
8.15095569955577e-05
8.15088926201849e-05
8.15082282556424e-05
8.15075639019301e-05
8.15068995590477e-05
8.15062352269949e-05
8.15055709057714e-05
8.1504906595377e-05
8.15042422958115e-05
8.15035780070745e-05
8.15029137291658e-05
8.15022494620852e-05
8.15015852058323e-05
8.15009209604069e-05
8.15002567258087e-05
8.14995925020375e-05
8.1498928289093e-05
8.14982640869749e-05
8.14975998956831e-05
8.14969357152171e-05
8.14962715455768e-05
8.14956073867618e-05
8.1494943238772e-05
8.14942791016071e-05
8.14936149752667e-05
8.14929508597506e-05
8.14922867550586e-05
8.14916226611904e-05
8.14909585781458e-05
8.14902945059243e-05
8.14896304445259e-05
8.14889663939503e-05
8.14883023541971e-05
8.14876383252661e-05
8.1486974307157e-05
8.14863102998696e-05
8.14856463034037e-05
8.14849823177588e-05
8.14843183429349e-05
8.14836543789316e-05
8.14829904257486e-05
8.14823264833858e-05
8.14816625518427e-05
8.14809986311192e-05
8.1480334721215e-05
8.14796708221299e-05
8.14790069338635e-05
8.14783430564156e-05
8.1477679189786e-05
8.14770153339743e-05
8.14763514889803e-05
8.14756876548038e-05
8.14750238314445e-05
8.1474360018902e-05
8.14736962171763e-05
8.14730324262669e-05
8.14723686461737e-05
8.14717048768963e-05
8.14710411184345e-05
8.1470377370788e-05
8.14697136339566e-05
8.146904990794e-05
8.14683861927379e-05
8.14677224883501e-05
8.14670587947763e-05
8.14663951120163e-05
8.14657314400697e-05
8.14650677789364e-05
8.1464404128616e-05
8.14637404891083e-05
8.1463076860413e-05
8.14624132425299e-05
8.14617496354587e-05
8.14610860391991e-05
8.14604224537509e-05
8.14597588791137e-05
8.14590953152874e-05
8.14584317622717e-05
8.14577682200663e-05
8.14571046886709e-05
8.14564411680854e-05
8.14557776583093e-05
8.14551141593425e-05
8.14544506711847e-05
8.14537871938356e-05
8.14531237272949e-05
8.14524602715625e-05
8.1451796826638e-05
8.14511333925212e-05
8.14504699692117e-05
8.14498065567094e-05
8.1449143155014e-05
8.14484797641252e-05
8.14478163840427e-05
8.14471530147664e-05
8.14464896562958e-05
8.14458263086308e-05
8.14451629717711e-05
8.14444996457164e-05
8.14438363304665e-05
8.14431730260211e-05
8.14425097323799e-05
8.14418464495427e-05
8.14411831775092e-05
8.14405199162791e-05
8.14398566658523e-05
8.14391934262283e-05
8.1438530197407e-05
8.14378669793881e-05
8.14372037721713e-05
8.14365405757563e-05
8.1435877390143e-05
8.1435214215331e-05
8.14345510513201e-05
8.14338878981099e-05
8.14332247557003e-05
8.1432561624091e-05
8.14318985032817e-05
8.14312353932721e-05
8.14305722940621e-05
8.14299092056512e-05
8.14292461280393e-05
8.14285830612262e-05
8.14279200052114e-05
8.14272569599948e-05
8.14265939255761e-05
8.1425930901955e-05
8.14252678891314e-05
8.14246048871048e-05
8.14239418958751e-05
8.14232789154419e-05
8.14226159458051e-05
8.14219529869643e-05
8.14212900389194e-05
8.14206271016699e-05
8.14199641752158e-05
8.14193012595566e-05
8.14186383546922e-05
8.14179754606222e-05
8.14173125773464e-05
8.14166497048647e-05
8.14159868431765e-05
8.14153239922818e-05
8.14146611521803e-05
8.14139983228716e-05
8.14133355043556e-05
8.1412672696632e-05
8.14120098997004e-05
8.14113471135607e-05
8.14106843382125e-05
8.14100215736557e-05
8.14093588198899e-05
8.14086960769149e-05
8.14080333447305e-05
8.14073706233362e-05
8.1406707912732e-05
8.14060452129175e-05
8.14053825238925e-05
8.14047198456567e-05
8.14040571782098e-05
8.14033945215515e-05
8.14027318756818e-05
8.14020692406001e-05
8.14014066163063e-05
8.14007440028002e-05
8.14000814000814e-05
8.13994188081497e-05
8.13987562270049e-05
8.13980936566466e-05
8.13974310970746e-05
8.13967685482886e-05
8.13961060102885e-05
8.13954434830738e-05
8.13947809666444e-05
8.1394118461e-05
8.13934559661403e-05
8.13927934820651e-05
8.13921310087741e-05
8.1391468546267e-05
8.13908060945436e-05
8.13901436536035e-05
8.13894812234467e-05
8.13888188040727e-05
8.13881563954813e-05
8.13874939976723e-05
8.13868316106454e-05
8.13861692344003e-05
8.13855068689368e-05
8.13848445142546e-05
8.13841821703534e-05
8.1383519837233e-05
8.13828575148931e-05
8.13821952033334e-05
8.13815329025537e-05
8.13808706125538e-05
8.13802083333333e-05
8.13795460648921e-05
8.13788838072297e-05
8.1378221560346e-05
8.13775593242407e-05
8.13768970989136e-05
8.13762348843644e-05
8.13755726805927e-05
8.13749104875985e-05
8.13742483053813e-05
8.13735861339409e-05
8.13729239732771e-05
8.13722618233896e-05
8.13715996842782e-05
8.13709375559425e-05
8.13702754383824e-05
8.13696133315975e-05
8.13689512355875e-05
8.13682891503523e-05
8.13676270758916e-05
8.1366965012205e-05
8.13663029592924e-05
8.13656409171535e-05
8.1364978885788e-05
8.13643168651956e-05
8.13636548553761e-05
8.13629928563292e-05
8.13623308680547e-05
8.13616688905523e-05
8.13610069238217e-05
8.13603449678627e-05
8.13596830226749e-05
8.13590210882583e-05
8.13583591646124e-05
8.1357697251737e-05
8.13570353496319e-05
8.13563734582967e-05
8.13557115777313e-05
8.13550497079354e-05
8.13543878489086e-05
8.13537260006508e-05
8.13530641631617e-05
8.1352402336441e-05
8.13517405204884e-05
8.13510787153038e-05
8.13504169208867e-05
8.1349755137237e-05
8.13490933643545e-05
8.13484316022387e-05
8.13477698508895e-05
8.13471081103067e-05
8.13464463804899e-05
8.13457846614388e-05
8.13451229531533e-05
8.13444612556331e-05
8.13437995688779e-05
8.13431378928874e-05
8.13424762276613e-05
8.13418145731995e-05
8.13411529295016e-05
8.13404912965674e-05
8.13398296743967e-05
8.13391680629891e-05
8.13385064623443e-05
8.13378448724623e-05
8.13371832933426e-05
8.13365217249849e-05
8.13358601673892e-05
8.1335198620555e-05
8.13345370844822e-05
8.13338755591704e-05
8.13332140446194e-05
8.13325525408289e-05
8.13318910477987e-05
8.13312295655286e-05
8.13305680940181e-05
8.13299066332672e-05
8.13292451832754e-05
8.13285837440427e-05
8.13279223155686e-05
8.1327260897853e-05
8.13265994908955e-05
8.13259380946959e-05
8.1325276709254e-05
8.13246153345695e-05
8.13239539706421e-05
8.13232926174715e-05
8.13226312750575e-05
8.13219699433999e-05
8.13213086224984e-05
8.13206473123526e-05
8.13199860129624e-05
8.13193247243275e-05
8.13186634464476e-05
8.13180021793225e-05
8.13173409229518e-05
8.13166796773354e-05
8.1316018442473e-05
8.13153572183643e-05
8.1314696005009e-05
8.13140348024069e-05
8.13133736105577e-05
8.13127124294612e-05
8.13120512591171e-05
8.13113900995251e-05
8.1310728950685e-05
8.13100678125966e-05
8.13094066852594e-05
8.13087455686734e-05
8.13080844628381e-05
8.13074233677535e-05
8.13067622834191e-05
8.13061012098348e-05
8.13054401470002e-05
8.13047790949152e-05
8.13041180535794e-05
8.13034570229926e-05
8.13027960031545e-05
8.13021349940649e-05
8.13014739957235e-05
8.13008130081301e-05
8.13001520312843e-05
8.12994910651859e-05
8.12988301098347e-05
8.12981691652304e-05
8.12975082313727e-05
8.12968473082614e-05
8.12961863958962e-05
8.12955254942768e-05
8.1294864603403e-05
8.12942037232745e-05
8.12935428538911e-05
8.12928819952525e-05
8.12922211473584e-05
8.12915603102086e-05
8.12908994838028e-05
8.12902386681407e-05
8.12895778632222e-05
8.12889170690468e-05
8.12882562856144e-05
8.12875955129247e-05
8.12869347509775e-05
8.12862739997724e-05
8.12856132593092e-05
8.12849525295877e-05
8.12842918106076e-05
8.12836311023686e-05
8.12829704048705e-05
8.12823097181129e-05
8.12816490420958e-05
8.12809883768187e-05
8.12803277222814e-05
8.12796670784836e-05
8.12790064454252e-05
8.12783458231058e-05
8.12776852115252e-05
8.12770246106831e-05
8.12763640205792e-05
8.12757034412133e-05
8.12750428725851e-05
8.12743823146944e-05
8.12737217675409e-05
8.12730612311243e-05
8.12724007054444e-05
8.1271740190501e-05
8.12710796862936e-05
8.12704191928222e-05
8.12697587100864e-05
8.12690982380859e-05
8.12684377768206e-05
8.12677773262901e-05
8.12671168864942e-05
8.12664564574326e-05
8.12657960391051e-05
8.12651356315114e-05
8.12644752346512e-05
8.12638148485243e-05
8.12631544731303e-05
8.12624941084692e-05
8.12618337545405e-05
8.12611734113441e-05
8.12605130788796e-05
8.12598527571468e-05
8.12591924461455e-05
8.12585321458753e-05
8.12578718563361e-05
8.12572115775275e-05
8.12565513094493e-05
8.12558910521013e-05
8.12552308054831e-05
8.12545705695945e-05
8.12539103444353e-05
8.12532501300052e-05
8.12525899263039e-05
8.12519297333312e-05
8.12512695510867e-05
8.12506093795703e-05
8.12499492187817e-05
8.12492890687207e-05
8.12486289293868e-05
8.124796880078e-05
8.12473086828999e-05
8.12466485757463e-05
8.12459884793188e-05
8.12453283936174e-05
8.12446683186416e-05
8.12440082543912e-05
8.12433482008661e-05
8.12426881580658e-05
8.12420281259901e-05
8.12413681046389e-05
8.12407080940117e-05
8.12400480941085e-05
8.12393881049288e-05
8.12387281264725e-05
8.12380681587392e-05
8.12374082017287e-05
8.12367482554408e-05
8.12360883198752e-05
8.12354283950316e-05
8.12347684809098e-05
8.12341085775095e-05
8.12334486848305e-05
8.12327888028724e-05
8.1232128931635e-05
8.12314690711182e-05
8.12308092213215e-05
8.12301493822447e-05
8.12294895538876e-05
8.122882973625e-05
8.12281699293315e-05
8.12275101331319e-05
8.12268503476509e-05
8.12261905728883e-05
8.12255308088438e-05
8.12248710555172e-05
8.12242113129082e-05
8.12235515810164e-05
8.12228918598418e-05
8.12222321493839e-05
8.12215724496426e-05
8.12209127606176e-05
8.12202530823086e-05
8.12195934147154e-05
8.12189337578376e-05
8.12182741116751e-05
8.12176144762276e-05
8.12169548514948e-05
8.12162952374765e-05
8.12156356341723e-05
8.12149760415821e-05
8.12143164597055e-05
8.12136568885424e-05
8.12129973280924e-05
8.12123377783553e-05
8.12116782393308e-05
8.12110187110187e-05
8.12103591934187e-05
8.12096996865306e-05
8.1209040190354e-05
8.12083807048887e-05
8.12077212301346e-05
8.12070617660912e-05
8.12064023127583e-05
8.12057428701358e-05
8.12050834382232e-05
8.12044240170204e-05
8.12037646065272e-05
8.12031052067431e-05
8.1202445817668e-05
8.12017864393017e-05
8.12011270716438e-05
8.1200467714694e-05
8.11998083684522e-05
8.11991490329181e-05
8.11984897080914e-05
8.11978303939719e-05
8.11971710905592e-05
8.11965117978532e-05
8.11958525158535e-05
8.11951932445599e-05
8.11945339839722e-05
8.11938747340901e-05
8.11932154949132e-05
8.11925562664415e-05
8.11918970486745e-05
8.11912378416121e-05
8.1190578645254e-05
8.11899194595999e-05
8.11892602846495e-05
8.11886011204027e-05
8.11879419668591e-05
8.11872828240184e-05
8.11866236918805e-05
8.11859645704451e-05
8.11853054597118e-05
8.11846463596805e-05
8.11839872703508e-05
8.11833281917225e-05
8.11826691237955e-05
8.11820100665693e-05
8.11813510200437e-05
8.11806919842185e-05
8.11800329590934e-05
8.11793739446681e-05
8.11787149409425e-05
8.11780559479162e-05
8.11773969655889e-05
8.11767379939605e-05
8.11760790330306e-05
8.11754200827989e-05
8.11747611432653e-05
8.11741022144295e-05
8.11734432962912e-05
8.11727843888501e-05
8.1172125492106e-05
8.11714666060586e-05
8.11708077307077e-05
8.1170148866053e-05
8.11694900120943e-05
8.11688311688312e-05
8.11681723362635e-05
8.1167513514391e-05
8.11668547032134e-05
8.11661959027304e-05
8.11655371129419e-05
8.11648783338474e-05
8.11642195654468e-05
8.11635608077398e-05
8.11629020607261e-05
8.11622433244055e-05
8.11615845987777e-05
8.11609258838425e-05
8.11602671795996e-05
8.11596084860487e-05
8.11589498031895e-05
8.11582911310219e-05
8.11576324695456e-05
8.11569738187602e-05
8.11563151786656e-05
8.11556565492615e-05
8.11549979305476e-05
8.11543393225236e-05
8.11536807251893e-05
8.11530221385444e-05
8.11523635625888e-05
8.1151704997322e-05
8.11510464427439e-05
8.11503878988542e-05
8.11497293656526e-05
8.11490708431388e-05
8.11484123313127e-05
8.1147753830174e-05
8.11470953397223e-05
8.11464368599575e-05
8.11457783908792e-05
8.11451199324873e-05
8.11444614847814e-05
8.11438030477612e-05
8.11431446214267e-05
8.11424862057773e-05
8.1141827800813e-05
8.11411694065335e-05
8.11405110229384e-05
8.11398526500276e-05
8.11391942878007e-05
8.11385359362576e-05
8.11378775953979e-05
8.11372192652213e-05
8.11365609457278e-05
8.11359026369168e-05
8.11352443387883e-05
8.1134586051342e-05
8.11339277745775e-05
8.11332695084946e-05
8.11326112530932e-05
8.11319530083728e-05
8.11312947743333e-05
8.11306365509744e-05
8.11299783382958e-05
8.11293201362973e-05
8.11286619449785e-05
8.11280037643394e-05
8.11273455943795e-05
8.11266874350987e-05
8.11260292864966e-05
8.1125371148573e-05
8.11247130213277e-05
8.11240549047604e-05
8.11233967988708e-05
8.11227387036586e-05
8.11220806191237e-05
8.11214225452658e-05
8.11207644820845e-05
8.11201064295796e-05
8.1119448387751e-05
8.11187903565982e-05
8.11181323361211e-05
8.11174743263194e-05
8.11168163271928e-05
8.11161583387411e-05
8.1115500360964e-05
8.11148423938612e-05
8.11141844374326e-05
8.11135264916777e-05
8.11128685565965e-05
8.11122106321886e-05
8.11115527184537e-05
8.11108948153916e-05
8.11102369230021e-05
8.11095790412848e-05
8.11089211702395e-05
8.1108263309866e-05
8.1107605460164e-05
8.11069476211332e-05
8.11062897927734e-05
8.11056319750844e-05
8.11049741680657e-05
8.11043163717173e-05
8.11036585860388e-05
8.110300081103e-05
8.11023430466906e-05
8.11016852930204e-05
8.11010275500191e-05
8.11003698176864e-05
8.10997120960221e-05
8.10990543850259e-05
8.10983966846975e-05
8.10977389950368e-05
8.10970813160434e-05
8.10964236477171e-05
8.10957659900577e-05
8.10951083430648e-05
8.10944507067381e-05
8.10937930810776e-05
8.10931354660828e-05
8.10924778617535e-05
8.10918202680896e-05
8.10911626850906e-05
8.10905051127563e-05
8.10898475510866e-05
8.10891900000811e-05
8.10885324597395e-05
8.10878749300617e-05
8.10872174110473e-05
8.10865599026961e-05
8.10859024050079e-05
8.10852449179823e-05
8.10845874416191e-05
8.10839299759181e-05
8.10832725208789e-05
8.10826150765014e-05
8.10819576427853e-05
8.10813002197303e-05
8.10806428073362e-05
8.10799854056026e-05
8.10793280145294e-05
8.10786706341163e-05
8.1078013264363e-05
8.10773559052692e-05
8.10766985568348e-05
8.10760412190594e-05
8.10753838919427e-05
8.10747265754846e-05
8.10740692696848e-05
8.1073411974543e-05
8.10727546900589e-05
8.10720974162323e-05
8.10714401530629e-05
8.10707829005505e-05
8.10701256586948e-05
8.10694684274955e-05
8.10688112069525e-05
8.10681539970653e-05
8.10674967978339e-05
8.10668396092578e-05
8.10661824313369e-05
8.1065525264071e-05
8.10648681074596e-05
8.10642109615026e-05
8.10635538261997e-05
8.10628967015507e-05
8.10622395875553e-05
8.10615824842133e-05
8.10609253915243e-05
8.10602683094881e-05
8.10596112381045e-05
8.10589541773732e-05
8.1058297127294e-05
8.10576400878665e-05
8.10569830590905e-05
8.10563260409659e-05
8.10556690334922e-05
8.10550120366693e-05
8.10543550504969e-05
8.10536980749747e-05
8.10530411101024e-05
8.10523841558799e-05
8.10517272123069e-05
8.1051070279383e-05
8.10504133571081e-05
8.10497564454819e-05
8.10490995445041e-05
8.10484426541744e-05
8.10477857744926e-05
8.10471289054585e-05
8.10464720470718e-05
8.10458151993322e-05
8.10451583622394e-05
8.10445015357933e-05
8.10438447199935e-05
8.10431879148398e-05
8.10425311203319e-05
8.10418743364697e-05
8.10412175632527e-05
8.10405608006807e-05
8.10399040487536e-05
8.1039247307471e-05
8.10385905768327e-05
8.10379338568384e-05
8.10372771474878e-05
8.10366204487808e-05
8.1035963760717e-05
8.10353070832962e-05
8.10346504165181e-05
8.10339937603825e-05
8.10333371148891e-05
8.10326804800376e-05
8.10320238558278e-05
8.10313672422595e-05
8.10307106393323e-05
8.10300540470461e-05
8.10293974654004e-05
8.10287408943952e-05
8.10280843340302e-05
8.1027427784305e-05
8.10267712452194e-05
8.10261147167732e-05
8.10254581989661e-05
8.10248016917979e-05
8.10241451952682e-05
8.10234887093769e-05
8.10228322341236e-05
8.10221757695081e-05
8.10215193155302e-05
8.10208628721896e-05
8.1020206439486e-05
8.10195500174192e-05
8.10188936059889e-05
8.10182372051949e-05
8.10175808150369e-05
8.10169244355146e-05
8.10162680666278e-05
8.10156117083762e-05
8.10149553607596e-05
8.10142990237777e-05
8.10136426974302e-05
8.1012986381717e-05
8.10123300766377e-05
8.1011673782192e-05
8.10110174983798e-05
8.10103612252007e-05
8.10097049626545e-05
8.1009048710741e-05
8.10083924694598e-05
8.10077362388108e-05
8.10070800187936e-05
8.10064238094081e-05
8.10057676106539e-05
8.10051114225308e-05
8.10044552450385e-05
8.10037990781768e-05
8.10031429219454e-05
8.1002486776344e-05
8.10018306413725e-05
8.10011745170305e-05
8.10005184033178e-05
8.09998623002341e-05
8.09992062077792e-05
8.09985501259527e-05
8.09978940547546e-05
8.09972379941844e-05
8.09965819442419e-05
8.0995925904927e-05
8.09952698762392e-05
8.09946138581784e-05
8.09939578507443e-05
8.09933018539367e-05
8.09926458677552e-05
8.09919898921997e-05
8.09913339272698e-05
8.09906779729653e-05
8.0990022029286e-05
8.09893660962316e-05
8.09887101738018e-05
8.09880542619963e-05
8.09873983608151e-05
8.09867424702576e-05
8.09860865903238e-05
8.09854307210133e-05
8.09847748623259e-05
8.09841190142613e-05
8.09834631768193e-05
8.09828073499996e-05
8.0982151533802e-05
8.09814957282261e-05
8.09808399332718e-05
8.09801841489388e-05
8.09795283752267e-05
8.09788726121355e-05
8.09782168596648e-05
8.09775611178142e-05
8.09769053865837e-05
8.0976249665973e-05
8.09755939559817e-05
8.09749382566096e-05
8.09742825678564e-05
8.0973626889722e-05
8.0972971222206e-05
8.09723155653082e-05
8.09716599190283e-05
8.09710042833661e-05
8.09703486583213e-05
8.09696930438937e-05
8.09690374400829e-05
8.09683818468888e-05
8.0967726264311e-05
8.09670706923494e-05
8.09664151310037e-05
8.09657595802735e-05
8.09651040401587e-05
8.0964448510659e-05
8.09637929917741e-05
8.09631374835038e-05
8.09624819858478e-05
8.09618264988058e-05
8.09611710223777e-05
8.09605155565631e-05
8.09598601013618e-05
8.09592046567735e-05
8.09585492227979e-05
8.09578937994349e-05
8.09572383866841e-05
8.09565829845454e-05
8.09559275930184e-05
8.09552722121028e-05
8.09546168417985e-05
8.09539614821051e-05
8.09533061330225e-05
8.09526507945503e-05
8.09519954666883e-05
8.09513401494362e-05
8.09506848427938e-05
8.09500295467608e-05
8.0949374261337e-05
8.0948718986522e-05
8.09480637223158e-05
8.09474084687179e-05
8.09467532257281e-05
8.09460979933462e-05
8.0945442771572e-05
8.09447875604051e-05
8.09441323598452e-05
8.09434771698923e-05
8.09428219905459e-05
8.09421668218058e-05
8.09415116636718e-05
8.09408565161436e-05
8.0940201379221e-05
8.09395462529037e-05
8.09388911371914e-05
8.09382360320839e-05
8.09375809375809e-05
8.09369258536822e-05
8.09362707803875e-05
8.09356157176966e-05
8.09349606656091e-05
8.09343056241249e-05
8.09336505932437e-05
8.09329955729651e-05
8.09323405632891e-05
8.09316855642152e-05
8.09310305757434e-05
8.09303755978732e-05
8.09297206306044e-05
8.09290656739368e-05
8.09284107278701e-05
8.09277557924041e-05
8.09271008675385e-05
8.09264459532731e-05
8.09257910496075e-05
8.09251361565416e-05
8.0924481274075e-05
8.09238264022076e-05
8.0923171540939e-05
8.09225166902691e-05
8.09218618501974e-05
8.09212070207239e-05
8.09205522018482e-05
8.09198973935701e-05
8.09192425958893e-05
8.09185878088056e-05
8.09179330323186e-05
8.09172782664282e-05
8.09166235111341e-05
8.09159687664361e-05
8.09153140323338e-05
8.0914659308827e-05
8.09140045959155e-05
8.09133498935989e-05
8.09126952018772e-05
8.09120405207499e-05
8.09113858502168e-05
8.09107311902778e-05
8.09100765409324e-05
8.09094219021805e-05
8.09087672740218e-05
8.09081126564561e-05
8.0907458049483e-05
8.09068034531024e-05
8.09061488673139e-05
8.09054942921174e-05
8.09048397275125e-05
8.0904185173499e-05
8.09035306300767e-05
8.09028760972453e-05
8.09022215750044e-05
8.0901567063354e-05
8.09009125622937e-05
8.09002580718232e-05
8.08996035919424e-05
8.08989491226509e-05
8.08982946639485e-05
8.08976402158349e-05
8.08969857783099e-05
8.08963313513732e-05
8.08956769350246e-05
8.08950225292638e-05
8.08943681340905e-05
8.08937137495045e-05
8.08930593755056e-05
8.08924050120934e-05
8.08917506592678e-05
8.08910963170284e-05
8.0890441985375e-05
8.08897876643074e-05
8.08891333538252e-05
8.08884790539284e-05
8.08878247646164e-05
8.08871704858892e-05
8.08865162177465e-05
8.0885861960188e-05
8.08852077132134e-05
8.08845534768225e-05
8.08838992510151e-05
8.08832450357908e-05
8.08825908311495e-05
8.08819366370908e-05
8.08812824536146e-05
8.08806282807205e-05
8.08799741184083e-05
8.08793199666777e-05
8.08786658255285e-05
8.08780116949605e-05
8.08773575749733e-05
8.08767034655667e-05
8.08760493667405e-05
8.08753952784944e-05
8.08747412008282e-05
8.08740871337415e-05
8.08734330772341e-05
8.08727790313058e-05
8.08721249959564e-05
8.08714709711855e-05
8.08708169569929e-05
8.08701629533783e-05
8.08695089603416e-05
8.08688549778824e-05
8.08682010060004e-05
8.08675470446955e-05
8.08668930939673e-05
8.08662391538157e-05
8.08655852242403e-05
8.08649313052409e-05
8.08642773968172e-05
8.0863623498969e-05
8.0862969611696e-05
8.0862315734998e-05
8.08616618688747e-05
8.08610080133259e-05
8.08603541683513e-05
8.08597003339506e-05
8.08590465101236e-05
8.085839269687e-05
8.08577388941896e-05
8.08570851020821e-05
8.08564313205472e-05
8.08557775495848e-05
8.08551237891945e-05
8.08544700393761e-05
8.08538163001294e-05
8.0853162571454e-05
8.08525088533497e-05
8.08518551458163e-05
8.08512014488535e-05
8.08505477624611e-05
8.08498940866387e-05
8.08492404213862e-05
8.08485867667033e-05
8.08479331225897e-05
8.08472794890452e-05
8.08466258660695e-05
8.08459722536623e-05
8.08453186518235e-05
8.08446650605527e-05
8.08440114798496e-05
8.08433579097141e-05
8.08427043501459e-05
8.08420508011447e-05
8.08413972627103e-05
8.08407437348424e-05
8.08400902175407e-05
8.0839436710805e-05
8.0838783214635e-05
8.08381297290306e-05
8.08374762539913e-05
8.08368227895171e-05
8.08361693356075e-05
8.08355158922624e-05
8.08348624594815e-05
8.08342090372646e-05
8.08335556256113e-05
8.08329022245215e-05
8.08322488339948e-05
8.08315954540311e-05
8.083094208463e-05
8.08302887257913e-05
8.08296353775148e-05
8.08289820398002e-05
8.08283287126472e-05
8.08276753960556e-05
8.08270220900251e-05
8.08263687945555e-05
8.08257155096466e-05
8.08250622352979e-05
8.08244089715094e-05
8.08237557182807e-05
8.08231024756116e-05
8.08224492435019e-05
8.08217960219512e-05
8.08211428109594e-05
8.08204896105261e-05
8.08198364206511e-05
8.08191832413342e-05
8.0818530072575e-05
8.08178769143735e-05
8.08172237667292e-05
8.08165706296419e-05
8.08159175031114e-05
8.08152643871374e-05
8.08146112817197e-05
8.0813958186858e-05
8.08133051025521e-05
8.08126520288016e-05
8.08119989656064e-05
8.08113459129662e-05
8.08106928708807e-05
8.08100398393496e-05
8.08093868183728e-05
8.080873380795e-05
8.08080808080808e-05
8.08074278187651e-05
8.08067748400026e-05
8.0806121871793e-05
8.08054689141361e-05
8.08048159670316e-05
8.08041630304793e-05
8.08035101044789e-05
8.08028571890302e-05
8.08022042841329e-05
8.08015513897867e-05
8.08008985059914e-05
8.08002456327467e-05
8.07995927700524e-05
8.07989399179083e-05
8.0798287076314e-05
8.07976342452693e-05
8.0796981424774e-05
8.07963286148277e-05
8.07956758154304e-05
8.07950230265816e-05
8.07943702482811e-05
8.07937174805287e-05
8.07930647233242e-05
8.07924119766672e-05
8.07917592405575e-05
8.07911065149948e-05
8.0790453799979e-05
8.07898010955097e-05
8.07891484015867e-05
8.07884957182097e-05
8.07878430453785e-05
8.07871903830929e-05
8.07865377313524e-05
8.0785885090157e-05
8.07852324595064e-05
8.07845798394003e-05
8.07839272298383e-05
8.07832746308204e-05
8.07826220423462e-05
8.07819694644155e-05
8.07813168970281e-05
8.07806643401835e-05
8.07800117938817e-05
8.07793592581224e-05
8.07787067329052e-05
8.077805421823e-05
8.07774017140965e-05
8.07767492205044e-05
8.07760967374535e-05
8.07754442649435e-05
8.07747918029741e-05
8.07741393515452e-05
8.07734869106564e-05
8.07728344803076e-05
8.07721820604984e-05
8.07715296512285e-05
8.07708772524978e-05
8.0770224864306e-05
8.07695724866528e-05
8.0768920119538e-05
8.07682677629613e-05
8.07676154169224e-05
8.07669630814212e-05
8.07663107564573e-05
8.07656584420304e-05
8.07650061381405e-05
8.07643538447871e-05
8.076370156197e-05
8.0763049289689e-05
8.07623970279438e-05
8.07617447767342e-05
8.07610925360598e-05
8.07604403059205e-05
8.07597880863161e-05
8.07591358772461e-05
8.07584836787104e-05
8.07578314907088e-05
8.07571793132409e-05
8.07565271463066e-05
8.07558749899055e-05
8.07552228440374e-05
8.07545707087021e-05
8.07539185838993e-05
8.07532664696287e-05
8.07526143658901e-05
8.07519622726832e-05
8.07513101900078e-05
8.07506581178637e-05
8.07500060562505e-05
8.0749354005168e-05
8.07487019646159e-05
8.07480499345941e-05
8.07473979151022e-05
8.074674590614e-05
8.07460939077072e-05
8.07454419198036e-05
8.0744789942429e-05
8.0744137975583e-05
8.07434860192654e-05
8.0742834073476e-05
8.07421821382145e-05
8.07415302134806e-05
8.07408782992741e-05
8.07402263955948e-05
8.07395745024424e-05
8.07389226198166e-05
8.07382707477171e-05
8.07376188861438e-05
8.07369670350964e-05
8.07363151945745e-05
8.0735663364578e-05
8.07350115451066e-05
8.07343597361601e-05
8.07337079377382e-05
8.07330561498406e-05
8.0732404372467e-05
8.07317526056173e-05
8.07311008492912e-05
8.07304491034884e-05
8.07297973682086e-05
8.07291456434517e-05
8.07284939292173e-05
8.07278422255052e-05
8.07271905323151e-05
8.07265388496468e-05
8.07258871775001e-05
8.07252355158746e-05
8.07245838647702e-05
8.07239322241865e-05
8.07232805941233e-05
8.07226289745804e-05
8.07219773655575e-05
8.07213257670544e-05
8.07206741790707e-05
8.07200226016063e-05
8.07193710346609e-05
8.07187194782342e-05
8.0718067932326e-05
8.0717416396936e-05
8.07167648720639e-05
8.07161133577096e-05
8.07154618538727e-05
8.07148103605531e-05
8.07141588777503e-05
8.07135074054643e-05
8.07128559436947e-05
8.07122044924413e-05
8.07115530517038e-05
8.0710901621482e-05
8.07102502017756e-05
8.07095987925844e-05
8.07089473939081e-05
8.07082960057464e-05
8.07076446280992e-05
8.07069932609661e-05
8.07063419043468e-05
8.07056905582413e-05
8.07050392226491e-05
8.070438789757e-05
8.07037365830038e-05
8.07030852789502e-05
8.0702433985409e-05
8.07017827023799e-05
8.07011314298627e-05
8.0700480167857e-05
8.06998289163627e-05
8.06991776753795e-05
8.06985264449071e-05
8.06978752249453e-05
8.06972240154939e-05
8.06965728165525e-05
8.06959216281209e-05
8.06952704501989e-05
8.06946192827862e-05
8.06939681258826e-05
8.06933169794878e-05
8.06926658436015e-05
8.06920147182235e-05
8.06913636033535e-05
8.06907124989914e-05
8.06900614051367e-05
8.06894103217894e-05
8.0688759248949e-05
8.06881081866155e-05
8.06874571347884e-05
8.06868060934676e-05
8.06861550626528e-05
8.06855040423438e-05
8.06848530325402e-05
8.06842020332419e-05
8.06835510444486e-05
8.068290006616e-05
8.06822490983759e-05
8.0681598141096e-05
8.06809471943201e-05
8.06802962580479e-05
8.06796453322791e-05
8.06789944170136e-05
8.0678343512251e-05
8.06776926179911e-05
8.06770417342337e-05
8.06763908609784e-05
8.06757399982251e-05
8.06750891459735e-05
8.06744383042233e-05
8.06737874729743e-05
8.06731366522262e-05
8.06724858419787e-05
8.06718350422317e-05
8.06711842529848e-05
8.06705334742379e-05
8.06698827059905e-05
8.06692319482426e-05
8.06685812009938e-05
8.06679304642439e-05
8.06672797379927e-05
8.06666290222398e-05
8.0665978316985e-05
8.06653276222281e-05
8.06646769379689e-05
8.0664026264207e-05
8.06633756009422e-05
8.06627249481742e-05
8.06620743059029e-05
8.06614236741279e-05
8.06607730528489e-05
8.06601224420659e-05
8.06594718417784e-05
8.06588212519862e-05
8.06581706726891e-05
8.06575201038869e-05
8.06568695455792e-05
8.06562189977658e-05
8.06555684604465e-05
8.0654917933621e-05
8.06542674172891e-05
8.06536169114504e-05
8.06529664161048e-05
8.0652315931252e-05
8.06516654568917e-05
8.06510149930237e-05
8.06503645396477e-05
8.06497140967635e-05
8.06490636643709e-05
8.06484132424694e-05
8.06477628310591e-05
8.06471124301394e-05
8.06464620397103e-05
8.06458116597715e-05
8.06451612903226e-05
8.06445109313635e-05
8.06438605828938e-05
8.06432102449134e-05
8.0642559917422e-05
8.06419096004193e-05
8.06412592939051e-05
8.06406089978792e-05
8.06399587123411e-05
8.06393084372908e-05
8.0638658172728e-05
8.06380079186524e-05
8.06373576750637e-05
8.06367074419617e-05
8.06360572193462e-05
8.06354070072169e-05
8.06347568055735e-05
8.06341066144158e-05
8.06334564337435e-05
8.06328062635564e-05
8.06321561038542e-05
8.06315059546367e-05
8.06308558159036e-05
8.06302056876547e-05
8.06295555698897e-05
8.06289054626083e-05
8.06282553658104e-05
8.06276052794956e-05
8.06269552036637e-05
8.06263051383144e-05
8.06256550834476e-05
8.06250050390628e-05
8.062435500516e-05
8.06237049817387e-05
8.06230549687989e-05
8.06224049663401e-05
8.06217549743623e-05
8.0621104992865e-05
8.06204550218481e-05
8.06198050613114e-05
8.06191551112544e-05
8.06185051716771e-05
8.06178552425791e-05
8.06172053239602e-05
8.06165554158202e-05
8.06159055181587e-05
8.06152556309756e-05
8.06146057542706e-05
8.06139558880433e-05
8.06133060322937e-05
8.06126561870214e-05
8.06120063522261e-05
8.06113565279077e-05
8.06107067140658e-05
8.06100569107002e-05
8.06094071178107e-05
8.06087573353969e-05
8.06081075634587e-05
8.06074578019958e-05
8.0606808051008e-05
8.06061583104949e-05
8.06055085804564e-05
8.06048588608921e-05
8.06042091518019e-05
8.06035594531855e-05
8.06029097650425e-05
8.06022600873728e-05
8.06016104201762e-05
8.06009607634523e-05
8.06003111172009e-05
8.05996614814218e-05
8.05990118561146e-05
8.05983622412793e-05
8.05977126369154e-05
8.05970630430227e-05
8.0596413459601e-05
8.05957638866501e-05
8.05951143241697e-05
8.05944647721594e-05
8.05938152306192e-05
8.05931656995487e-05
8.05925161789476e-05
8.05918666688158e-05
8.05912171691529e-05
8.05905676799587e-05
8.0589918201233e-05
8.05892687329755e-05
8.0588619275186e-05
8.05879698278641e-05
8.05873203910097e-05
8.05866709646224e-05
8.05860215487022e-05
8.05853721432486e-05
8.05847227482614e-05
8.05840733637404e-05
8.05834239896853e-05
8.05827746260959e-05
8.05821252729719e-05
8.05814759303131e-05
8.05808265981192e-05
8.058017727639e-05
8.05795279651252e-05
8.05788786643245e-05
8.05782293739877e-05
8.05775800941146e-05
8.05769308247049e-05
8.05762815657583e-05
8.05756323172746e-05
8.05749830792536e-05
8.05743338516949e-05
8.05736846345983e-05
8.05730354279637e-05
8.05723862317906e-05
8.0571737046079e-05
8.05710878708284e-05
8.05704387060388e-05
8.05697895517097e-05
8.0569140407841e-05
8.05684912744324e-05
8.05678421514837e-05
8.05671930389945e-05
8.05665439369647e-05
8.0565894845394e-05
8.05652457642822e-05
8.0564596693629e-05
8.0563947633434e-05
8.05632985836972e-05
8.05626495444182e-05
8.05620005155968e-05
8.05613514972327e-05
8.05607024893257e-05
8.05600534918755e-05
8.05594045048819e-05
8.05587555283446e-05
8.05581065622634e-05
8.05574576066379e-05
8.05568086614681e-05
8.05561597267535e-05
8.0555510802494e-05
8.05548618886893e-05
8.05542129853391e-05
8.05535640924433e-05
8.05529152100015e-05
8.05522663380134e-05
8.05516174764789e-05
8.05509686253977e-05
8.05503197847695e-05
8.05496709545941e-05
8.05490221348713e-05
8.05483733256007e-05
8.05477245267821e-05
8.05470757384153e-05
8.05464269605e-05
8.0545778193036e-05
8.0545129436023e-05
8.05444806894607e-05
8.0543831953349e-05
8.05431832276875e-05
8.0542534512476e-05
8.05418858077143e-05
8.05412371134021e-05
8.05405884295391e-05
8.05399397561251e-05
8.05392910931598e-05
8.0538642440643e-05
8.05379937985745e-05
8.05373451669539e-05
8.05366965457811e-05
8.05360479350557e-05
8.05353993347776e-05
8.05347507449464e-05
8.0534102165562e-05
8.0533453596624e-05
8.05328050381323e-05
8.05321564900865e-05
8.05315079524864e-05
8.05308594253318e-05
8.05302109086224e-05
8.05295624023579e-05
8.05289139065381e-05
8.05282654211628e-05
8.05276169462317e-05
8.05269684817445e-05
8.05263200277011e-05
8.0525671584101e-05
8.05250231509442e-05
8.05243747282302e-05
8.0523726315959e-05
8.05230779141302e-05
8.05224295227436e-05
8.05217811417989e-05
8.05211327712958e-05
8.05204844112342e-05
8.05198360616138e-05
8.05191877224343e-05
8.05185393936954e-05
8.0517891075397e-05
8.05172427675387e-05
8.05165944701203e-05
8.05159461831416e-05
8.05152979066023e-05
8.05146496405021e-05
8.05140013848408e-05
8.05133531396182e-05
8.0512704904834e-05
8.05120566804879e-05
8.05114084665797e-05
8.05107602631092e-05
8.0510112070076e-05
8.050946388748e-05
8.05088157153208e-05
8.05081675535983e-05
8.05075194023122e-05
8.05068712614622e-05
8.0506223131048e-05
8.05055750110695e-05
8.05049269015264e-05
8.05042788024184e-05
8.05036307137452e-05
8.05029826355067e-05
8.05023345677025e-05
8.05016865103324e-05
8.05010384633962e-05
8.05003904268936e-05
8.04997424008243e-05
8.04990943851882e-05
8.04984463799849e-05
8.04977983852142e-05
8.04971504008758e-05
8.04965024269695e-05
8.04958544634951e-05
8.04952065104523e-05
8.04945585678408e-05
8.04939106356604e-05
8.04932627139109e-05
8.04926148025919e-05
8.04919669017032e-05
8.04913190112446e-05
8.04906711312159e-05
8.04900232616167e-05
8.04893754024469e-05
8.04887275537061e-05
8.04880797153941e-05
8.04874318875108e-05
8.04867840700557e-05
8.04861362630287e-05
8.04854884664295e-05
8.04848406802579e-05
8.04841929045136e-05
8.04835451391963e-05
8.04828973843058e-05
8.04822496398419e-05
8.04816019058043e-05
8.04809541821928e-05
8.0480306469007e-05
8.04796587662468e-05
8.04790110739119e-05
8.04783633920021e-05
8.0477715720517e-05
8.04770680594565e-05
8.04764204088202e-05
8.0475772768608e-05
8.04751251388196e-05
8.04744775194547e-05
8.04738299105131e-05
8.04731823119945e-05
8.04725347238987e-05
8.04718871462255e-05
8.04712395789745e-05
8.04705920221455e-05
8.04699444757383e-05
8.04692969397526e-05
8.04686494141882e-05
8.04680018990448e-05
8.04673543943222e-05
8.04667069000201e-05
8.04660594161383e-05
8.04654119426764e-05
8.04647644796344e-05
8.04641170270118e-05
8.04634695848085e-05
8.04628221530242e-05
8.04621747316586e-05
8.04615273207116e-05
8.04608799201828e-05
8.0460232530072e-05
8.0459585150379e-05
8.04589377811034e-05
8.04582904222451e-05
8.04576430738038e-05
8.04569957357792e-05
8.04563484081711e-05
8.04557010909793e-05
8.04550537842035e-05
8.04544064878433e-05
8.04537592018987e-05
8.04531119263693e-05
8.04524646612549e-05
8.04518174065552e-05
8.045117016227e-05
8.0450522928399e-05
8.0449875704942e-05
8.04492284918988e-05
8.0448581289269e-05
8.04479340970524e-05
8.04472869152488e-05
8.04466397438579e-05
8.04459925828795e-05
8.04453454323133e-05
8.04446982921591e-05
8.04440511624165e-05
8.04434040430855e-05
8.04427569341656e-05
8.04421098356568e-05
8.04414627475586e-05
8.04408156698709e-05
8.04401686025934e-05
8.04395215457258e-05
8.0438874499268e-05
8.04382274632196e-05
8.04375804375804e-05
8.04369334223502e-05
8.04362864175287e-05
8.04356394231156e-05
8.04349924391107e-05
8.04343454655138e-05
8.04336985023245e-05
8.04330515495427e-05
8.04324046071681e-05
8.04317576752005e-05
8.04311107536395e-05
8.0430463842485e-05
8.04298169417366e-05
8.04291700513942e-05
8.04285231714575e-05
8.04278763019263e-05
8.04272294428001e-05
8.0426582594079e-05
8.04259357557625e-05
8.04252889278505e-05
8.04246421103426e-05
8.04239953032387e-05
8.04233485065384e-05
8.04227017202416e-05
8.04220549443479e-05
8.04214081788572e-05
8.04207614237692e-05
8.04201146790835e-05
8.04194679448001e-05
8.04188212209185e-05
8.04181745074387e-05
8.04175278043602e-05
8.0416881111683e-05
8.04162344294066e-05
8.04155877575309e-05
8.04149410960557e-05
8.04142944449805e-05
8.04136478043053e-05
8.04130011740298e-05
8.04123545541537e-05
8.04117079446767e-05
8.04110613455987e-05
8.04104147569193e-05
8.04097681786383e-05
8.04091216107555e-05
8.04084750532706e-05
8.04078285061834e-05
8.04071819694935e-05
8.04065354432008e-05
8.0405888927305e-05
8.04052424218059e-05
8.04045959267032e-05
8.04039494419966e-05
8.04033029676859e-05
8.04026565037709e-05
8.04020100502513e-05
8.04013636071268e-05
8.04007171743972e-05
8.04000707520623e-05
8.03994243401217e-05
8.03987779385753e-05
8.03981315474228e-05
8.0397485166664e-05
8.03968387962985e-05
8.03961924363262e-05
8.03955460867468e-05
8.039489974756e-05
8.03942534187656e-05
8.03936071003634e-05
8.0392960792353e-05
8.03923144947343e-05
8.0391668207507e-05
8.03910219306708e-05
8.03903756642255e-05
8.03897294081708e-05
8.03890831625065e-05
8.03884369272324e-05
8.03877907023481e-05
8.03871444878535e-05
8.03864982837483e-05
8.03858520900322e-05
8.03852059067049e-05
8.03845597337663e-05
8.03839135712161e-05
8.03832674190541e-05
8.03826212772799e-05
8.03819751458933e-05
8.03813290248941e-05
8.0380682914282e-05
8.03800368140569e-05
8.03793907242183e-05
8.03787446447661e-05
8.03780985757001e-05
8.03774525170199e-05
8.03768064687254e-05
8.03761604308162e-05
8.03755144032922e-05
8.0374868386153e-05
8.03742223793985e-05
8.03735763830283e-05
8.03729303970423e-05
8.03722844214401e-05
8.03716384562216e-05
8.03709925013864e-05
8.03703465569344e-05
8.03697006228652e-05
8.03690546991786e-05
8.03684087858745e-05
8.03677628829524e-05
8.03671169904122e-05
8.03664711082536e-05
8.03658252364764e-05
8.03651793750804e-05
8.03645335240652e-05
8.03638876834306e-05
8.03632418531764e-05
8.03625960333023e-05
8.0361950223808e-05
8.03613044246934e-05
8.03606586359582e-05
8.03600128576021e-05
8.03593670896248e-05
8.03587213320262e-05
8.03580755848059e-05
8.03574298479637e-05
8.03567841214995e-05
8.03561384054128e-05
8.03554926997035e-05
8.03548470043713e-05
8.0354201319416e-05
8.03535556448373e-05
8.03529099806349e-05
8.03522643268087e-05
8.03516186833584e-05
8.03509730502836e-05
8.03503274275843e-05
8.034968181526e-05
8.03490362133106e-05
8.03483906217358e-05
8.03477450405354e-05
8.03470994697091e-05
8.03464539092567e-05
8.03458083591779e-05
8.03451628194725e-05
8.03445172901401e-05
8.03438717711806e-05
8.03432262625938e-05
8.03425807643793e-05
8.03419352765369e-05
8.03412897990664e-05
8.03406443319675e-05
8.033999887524e-05
8.03393534288836e-05
8.03387079928981e-05
8.03380625672831e-05
8.03374171520386e-05
8.03367717471641e-05
8.03361263526595e-05
8.03354809685246e-05
8.0334835594759e-05
8.03341902313625e-05
8.03335448783349e-05
8.03328995356758e-05
8.03322542033852e-05
8.03316088814627e-05
8.0330963569908e-05
8.0330318268721e-05
8.03296729779013e-05
8.03290276974488e-05
8.03283824273631e-05
8.0327737167644e-05
8.03270919182913e-05
8.03264466793047e-05
8.0325801450684e-05
8.03251562324289e-05
8.03245110245391e-05
8.03238658270145e-05
8.03232206398548e-05
8.03225754630596e-05
8.03219302966289e-05
8.03212851405622e-05
8.03206399948595e-05
8.03199948595203e-05
8.03193497345445e-05
8.03187046199319e-05
8.03180595156821e-05
8.03174144217949e-05
8.03167693382701e-05
8.03161242651075e-05
8.03154792023067e-05
8.03148341498675e-05
8.03141891077897e-05
8.0313544076073e-05
8.03128990547172e-05
8.0312254043722e-05
8.03116090430872e-05
8.03109640528125e-05
8.03103190728977e-05
8.03096741033425e-05
8.03090291441467e-05
8.030838419531e-05
8.03077392568322e-05
8.0307094328713e-05
8.03064494109522e-05
8.03058045035495e-05
8.03051596065047e-05
8.03045147198175e-05
8.03038698434878e-05
8.03032249775151e-05
8.03025801218993e-05
8.03019352766402e-05
8.03012904417374e-05
8.03006456171908e-05
8.0300000803e-05
8.02993559991649e-05
8.02987112056851e-05
8.02980664225605e-05
8.02974216497908e-05
8.02967768873757e-05
8.0296132135315e-05
8.02954873936085e-05
8.02948426622558e-05
8.02941979412568e-05
8.02935532306111e-05
8.02929085303186e-05
8.0292263840379e-05
8.0291619160792e-05
8.02909744915574e-05
8.0290329832675e-05
8.02896851841444e-05
8.02890405459655e-05
8.0288395918138e-05
8.02877513006616e-05
8.02871066935361e-05
8.02864620967612e-05
8.02858175103368e-05
8.02851729342625e-05
8.02845283685381e-05
8.02838838131634e-05
8.0283239268138e-05
8.02825947334618e-05
8.02819502091345e-05
8.02813056951558e-05
8.02806611915256e-05
8.02800166982435e-05
8.02793722153093e-05
8.02787277427227e-05
8.02780832804836e-05
8.02774388285916e-05
8.02767943870465e-05
8.02761499558481e-05
8.02755055349961e-05
8.02748611244903e-05
8.02742167243303e-05
8.0273572334516e-05
8.02729279550472e-05
8.02722835859235e-05
8.02716392271447e-05
8.02709948787105e-05
8.02703505406208e-05
8.02697062128753e-05
8.02690618954736e-05
8.02684175884157e-05
8.02677732917011e-05
8.02671290053297e-05
8.02664847293013e-05
8.02658404636155e-05
8.02651962082721e-05
8.02645519632709e-05
8.02639077286117e-05
8.02632635042941e-05
8.02626192903179e-05
8.02619750866829e-05
8.02613308933889e-05
8.02606867104355e-05
8.02600425378225e-05
8.02593983755498e-05
8.02587542236169e-05
8.02581100820238e-05
8.02574659507701e-05
8.02568218298555e-05
8.02561777192799e-05
8.0255533619043e-05
8.02548895291446e-05
8.02542454495843e-05
8.0253601380362e-05
8.02529573214773e-05
8.02523132729301e-05
8.02516692347201e-05
8.0251025206847e-05
8.02503811893107e-05
8.02497371821107e-05
8.0249093185247e-05
8.02484491987192e-05
8.02478052225272e-05
8.02471612566705e-05
8.02465173011491e-05
8.02458733559627e-05
8.02452294211109e-05
8.02445854965936e-05
8.02439415824105e-05
8.02432976785614e-05
8.0242653785046e-05
8.0242009901864e-05
8.02413660290153e-05
8.02407221664995e-05
8.02400783143164e-05
8.02394344724658e-05
8.02387906409475e-05
8.0238146819761e-05
8.02375030089064e-05
8.02368592083831e-05
8.02362154181912e-05
8.02355716383301e-05
8.02349278687999e-05
8.02342841096e-05
8.02336403607304e-05
8.02329966221908e-05
8.0232352893981e-05
8.02317091761006e-05
8.02310654685494e-05
8.02304217713273e-05
8.02297780844338e-05
8.02291344078689e-05
8.02284907416322e-05
8.02278470857235e-05
8.02272034401425e-05
8.0226559804889e-05
8.02259161799628e-05
8.02252725653635e-05
8.02246289610911e-05
8.02239853671451e-05
8.02233417835253e-05
8.02226982102316e-05
8.02220546472636e-05
8.02214110946212e-05
8.02207675523039e-05
8.02201240203117e-05
8.02194804986443e-05
8.02188369873014e-05
8.02181934862827e-05
8.0217549995588e-05
8.02169065152171e-05
8.02162630451698e-05
8.02156195854457e-05
8.02149761360446e-05
8.02143326969663e-05
8.02136892682105e-05
8.0213045849777e-05
8.02124024416655e-05
8.02117590438758e-05
8.02111156564077e-05
8.02104722792608e-05
8.02098289124349e-05
8.02091855559299e-05
8.02085422097453e-05
8.02078988738811e-05
8.02072555483369e-05
8.02066122331125e-05
8.02059689282076e-05
8.02053256336221e-05
8.02046823493556e-05
8.02040390754078e-05
8.02033958117787e-05
8.02027525584678e-05
8.0202109315475e-05
8.02014660828e-05
8.02008228604425e-05
8.02001796484024e-05
8.01995364466793e-05
8.01988932552731e-05
8.01982500741834e-05
8.019760690341e-05
8.01969637429527e-05
8.01963205928112e-05
8.01956774529853e-05
8.01950343234747e-05
8.01943912042792e-05
8.01937480953985e-05
8.01931049968324e-05
8.01924619085806e-05
8.01918188306429e-05
8.0191175763019e-05
8.01905327057088e-05
8.01898896587118e-05
8.0189246622028e-05
8.0188603595657e-05
8.01879605795986e-05
8.01873175738525e-05
8.01866745784186e-05
8.01860315932964e-05
8.01853886184859e-05
8.01847456539868e-05
8.01841026997987e-05
8.01834597559216e-05
8.0182816822355e-05
8.01821738990987e-05
8.01815309861527e-05
8.01808880835164e-05
8.01802451911898e-05
8.01796023091725e-05
8.01789594374644e-05
8.01783165760652e-05
8.01776737249745e-05
8.01770308841923e-05
8.01763880537182e-05
8.01757452335519e-05
8.01751024236933e-05
8.01744596241421e-05
8.01738168348981e-05
8.01731740559609e-05
8.01725312873303e-05
8.01718885290062e-05
8.01712457809882e-05
8.01706030432761e-05
8.01699603158696e-05
8.01693175987686e-05
8.01686748919727e-05
8.01680321954817e-05
8.01673895092954e-05
8.01667468334135e-05
8.01661041678358e-05
8.01654615125619e-05
8.01648188675918e-05
8.0164176232925e-05
8.01635336085615e-05
8.01628909945008e-05
8.01622483907429e-05
8.01616057972873e-05
8.0160963214134e-05
8.01603206412826e-05
8.01596780787328e-05
8.01590355264845e-05
8.01583929845374e-05
8.01577504528913e-05
8.01571079315458e-05
8.01564654205008e-05
8.0155822919756e-05
8.01551804293111e-05
8.0154537949166e-05
8.01538954793203e-05
8.01532530197738e-05
8.01526105705263e-05
8.01519681315775e-05
8.01513257029271e-05
8.0150683284575e-05
8.01500408765208e-05
8.01493984787644e-05
8.01487560913055e-05
8.01481137141437e-05
8.0147471347279e-05
8.0146828990711e-05
8.01461866444395e-05
8.01455443084642e-05
8.01449019827849e-05
8.01442596674013e-05
8.01436173623133e-05
8.01429750675205e-05
8.01423327830226e-05
8.01416905088196e-05
8.0141048244911e-05
8.01404059912967e-05
8.01397637479765e-05
8.013912151495e-05
8.0138479292217e-05
8.01378370797772e-05
8.01371948776305e-05
8.01365526857766e-05
8.01359105042151e-05
8.0135268332946e-05
8.01346261719689e-05
8.01339840212836e-05
8.01333418808898e-05
8.01326997507873e-05
8.01320576309758e-05
8.01314155214552e-05
8.01307734222251e-05
8.01301313332853e-05
8.01294892546355e-05
8.01288471862755e-05
8.01282051282051e-05
8.0127563080424e-05
8.0126921042932e-05
8.01262790157288e-05
8.01256369988141e-05
8.01249949921878e-05
8.01243529958496e-05
8.01237110097991e-05
8.01230690340363e-05
8.01224270685608e-05
8.01217851133723e-05
8.01211431684707e-05
8.01205012338557e-05
8.01198593095271e-05
8.01192173954845e-05
8.01185754917278e-05
8.01179335982566e-05
8.01172917150709e-05
8.01166498421702e-05
8.01160079795544e-05
8.01153661272232e-05
8.01147242851764e-05
8.01140824534137e-05
8.01134406319348e-05
8.01127988207396e-05
8.01121570198278e-05
8.0111515229199e-05
8.01108734488532e-05
8.011023167879e-05
8.01095899190092e-05
8.01089481695105e-05
8.01083064302938e-05
8.01076647013586e-05
8.01070229827049e-05
8.01063812743323e-05
8.01057395762406e-05
8.01050978884296e-05
8.0104456210899e-05
8.01038145436486e-05
8.0103172886678e-05
8.01025312399872e-05
8.01018896035758e-05
8.01012479774435e-05
8.01006063615902e-05
8.00999647560155e-05
8.00993231607193e-05
8.00986815757013e-05
8.00980400009612e-05
8.00973984364988e-05
8.00967568823138e-05
8.00961153384061e-05
8.00954738047753e-05
8.00948322814212e-05
8.00941907683436e-05
8.00935492655422e-05
8.00929077730167e-05
8.0092266290767e-05
8.00916248187927e-05
8.00909833570937e-05
8.00903419056696e-05
8.00897004645203e-05
8.00890590336454e-05
8.00884176130448e-05
8.00877762027182e-05
8.00871348026653e-05
8.00864934128859e-05
8.00858520333798e-05
8.00852106641467e-05
8.00845693051863e-05
8.00839279564984e-05
8.00832866180828e-05
8.00826452899392e-05
8.00820039720674e-05
8.00813626644671e-05
8.00807213671381e-05
8.00800800800801e-05
8.00794388032929e-05
8.00787975367762e-05
8.00781562805298e-05
8.00775150345534e-05
8.00768737988469e-05
8.00762325734099e-05
8.00755913582422e-05
8.00749501533435e-05
8.00743089587137e-05
8.00736677743524e-05
8.00730266002594e-05
8.00723854364345e-05
8.00717442828775e-05
8.00711031395879e-05
8.00704620065658e-05
8.00698208838107e-05
8.00691797713224e-05
8.00685386691007e-05
8.00678975771454e-05
8.00672564954562e-05
8.00666154240328e-05
8.0065974362875e-05
8.00653333119826e-05
8.00646922713553e-05
8.00640512409928e-05
8.0063410220895e-05
8.00627692110615e-05
8.00621282114921e-05
8.00614872221866e-05
8.00608462431448e-05
8.00602052743663e-05
8.0059564315851e-05
8.00589233675986e-05
8.00582824296088e-05
8.00576415018814e-05
8.00570005844161e-05
8.00563596772128e-05
8.00557187802711e-05
8.00550778935908e-05
8.00544370171717e-05
8.00537961510135e-05
8.0053155295116e-05
8.00525144494789e-05
8.00518736141019e-05
8.00512327889849e-05
8.00505919741276e-05
8.00499511695298e-05
8.00493103751911e-05
8.00486695911114e-05
8.00480288172904e-05
8.00473880537278e-05
8.00467473004234e-05
8.0046106557377e-05
8.00454658245884e-05
8.00448251020571e-05
8.00441843897832e-05
8.00435436877661e-05
8.00429029960059e-05
8.00422623145021e-05
8.00416216432545e-05
8.00409809822629e-05
8.00403403315271e-05
8.00396996910468e-05
8.00390590608217e-05
8.00384184408516e-05
8.00377778311363e-05
8.00371372316755e-05
8.0036496642469e-05
8.00358560635164e-05
8.00352154948177e-05
8.00345749363725e-05
8.00339343881806e-05
8.00332938502417e-05
8.00326533225556e-05
8.0032012805122e-05
8.00313722979408e-05
8.00307318010116e-05
8.00300913143342e-05
8.00294508379083e-05
8.00288103717338e-05
8.00281699158104e-05
8.00275294701377e-05
8.00268890347157e-05
8.00262486095439e-05
8.00256081946223e-05
8.00249677899505e-05
8.00243273955282e-05
8.00236870113554e-05
8.00230466374316e-05
8.00224062737566e-05
8.00217659203303e-05
8.00211255771524e-05
8.00204852442225e-05
8.00198449215405e-05
8.00192046091062e-05
8.00185643069192e-05
8.00179240149794e-05
8.00172837332864e-05
8.00166434618401e-05
8.00160032006401e-05
8.00153629496863e-05
8.00147227089784e-05
8.00140824785162e-05
8.00134422582994e-05
8.00128020483277e-05
8.0012161848601e-05
8.00115216591189e-05
8.00108814798813e-05
8.00102413108878e-05
8.00096011521383e-05
8.00089610036324e-05
8.000832086537e-05
8.00076807373508e-05
8.00070406195745e-05
8.0006400512041e-05
8.00057604147499e-05
8.0005120327701e-05
8.00044802508941e-05
8.00038401843288e-05
8.00032001280051e-05
8.00025600819226e-05
8.00019200460811e-05
8.00012800204803e-05
8.000064000512e-05
8e-05
7.999936000512e-05
7.99987200204797e-05
7.99980800460789e-05
7.99974400819174e-05
7.99968001279949e-05
7.99961601843112e-05
7.9995520250866e-05
7.9994880327659e-05
7.99942404146901e-05
7.9993600511959e-05
7.99929606194655e-05
7.99923207372092e-05
7.999168086519e-05
7.99910410034076e-05
7.99904011518618e-05
7.99897613105522e-05
7.99891214794788e-05
7.99884816586412e-05
7.99878418480391e-05
7.99872020476724e-05
7.99865622575407e-05
7.99859224776439e-05
7.99852827079817e-05
7.99846429485539e-05
7.99840031993601e-05
7.99833634604002e-05
7.9982723731674e-05
7.9982084013181e-05
7.99814443049213e-05
7.99808046068943e-05
7.99801649191001e-05
7.99795252415382e-05
7.99788855742084e-05
7.99782459171105e-05
7.99776062702443e-05
7.99769666336095e-05
7.99763270072059e-05
7.99756873910331e-05
7.9975047785091e-05
7.99744081893794e-05
7.99737686038979e-05
7.99731290286464e-05
7.99724894636245e-05
7.99718499088321e-05
7.99712103642689e-05
7.99705708299346e-05
7.9969931305829e-05
7.99692917919519e-05
7.9968652288303e-05
7.9968012794882e-05
7.99673733116888e-05
7.99667338387231e-05
7.99660943759846e-05
7.99654549234731e-05
7.99648154811883e-05
7.996417604913e-05
7.9963536627298e-05
7.99628972156919e-05
7.99622578143116e-05
7.99616184231569e-05
7.99609790422274e-05
7.99603396715229e-05
7.99597003110432e-05
7.99590609607881e-05
7.99584216207572e-05
7.99577822909504e-05
7.99571429713674e-05
7.99565036620079e-05
7.99558643628717e-05
7.99552250739586e-05
7.99545857952683e-05
7.99539465268006e-05
7.99533072685552e-05
7.99526680205318e-05
7.99520287827304e-05
7.99513895551505e-05
7.99507503377919e-05
7.99501111306545e-05
7.99494719337379e-05
7.99488327470419e-05
7.99481935705663e-05
7.99475544043108e-05
7.99469152482751e-05
7.99462761024591e-05
7.99456369668625e-05
7.99449978414851e-05
7.99443587263265e-05
7.99437196213865e-05
7.9943080526665e-05
7.99424414421616e-05
7.99418023678762e-05
7.99411633038084e-05
7.9940524249958e-05
7.99398852063248e-05
7.99392461729086e-05
7.9938607149709e-05
7.99379681367259e-05
7.9937329133959e-05
7.9936690141408e-05
7.99360511590727e-05
7.99354121869529e-05
7.99347732250484e-05
7.99341342733587e-05
7.99334953318839e-05
7.99328564006235e-05
7.99322174795773e-05
7.99315785687452e-05
7.99309396681267e-05
7.99303007777218e-05
7.99296618975302e-05
7.99290230275515e-05
7.99283841677857e-05
7.99277453182323e-05
7.99271064788913e-05
7.99264676497622e-05
7.9925828830845e-05
7.99251900221393e-05
7.99245512236449e-05
7.99239124353615e-05
7.9923273657289e-05
7.9922634889427e-05
7.99219961317754e-05
7.99213573843338e-05
7.99207186471021e-05
7.99200799200799e-05
7.99194412032671e-05
7.99188024966634e-05
7.99181638002685e-05
7.99175251140823e-05
7.99168864381044e-05
7.99162477723346e-05
7.99156091167727e-05
7.99149704714184e-05
7.99143318362715e-05
7.99136932113318e-05
7.99130545965989e-05
7.99124159920727e-05
7.99117773977529e-05
7.99111388136392e-05
7.99105002397315e-05
7.99098616760294e-05
7.99092231225328e-05
7.99085845792413e-05
7.99079460461548e-05
7.9907307523273e-05
7.99066690105956e-05
7.99060305081225e-05
7.99053920158532e-05
7.99047535337877e-05
7.99041150619257e-05
7.99034766002669e-05
7.99028381488111e-05
7.9902199707558e-05
7.99015612765073e-05
7.9900922855659e-05
7.99002844450126e-05
7.9899646044568e-05
7.98990076543249e-05
7.98983692742831e-05
7.98977309044423e-05
7.98970925448023e-05
7.98964541953628e-05
7.98958158561236e-05
7.98951775270845e-05
7.98945392082451e-05
7.98939008996053e-05
7.98932626011648e-05
7.98926243129234e-05
7.98919860348808e-05
7.98913477670368e-05
7.98907095093911e-05
7.98900712619436e-05
7.98894330246938e-05
7.98887947976417e-05
7.98881565807869e-05
7.98875183741292e-05
7.98868801776684e-05
7.98862419914042e-05
7.98856038153364e-05
7.98849656494648e-05
7.9884327493789e-05
7.98836893483089e-05
7.98830512130241e-05
7.98824130879346e-05
7.98817749730399e-05
7.98811368683399e-05
7.98804987738343e-05
7.9879860689523e-05
7.98792226154055e-05
7.98785845514817e-05
7.98779464977514e-05
7.98773084542143e-05
7.98766704208702e-05
7.98760323977187e-05
7.98753943847598e-05
7.9874756381993e-05
7.98741183894183e-05
7.98734804070353e-05
7.98728424348437e-05
7.98722044728435e-05
7.98715665210342e-05
7.98709285794157e-05
7.98702906479877e-05
7.98696527267499e-05
7.98690148157022e-05
7.98683769148443e-05
7.9867739024176e-05
7.98671011436969e-05
7.98664632734069e-05
7.98658254133057e-05
7.9865187563393e-05
7.98645497236687e-05
7.98639118941324e-05
7.9863274074784e-05
7.98626362656231e-05
7.98619984666496e-05
7.98613606778632e-05
7.98607228992637e-05
7.98600851308507e-05
7.98594473726242e-05
7.98588096245837e-05
7.98581718867292e-05
7.98575341590602e-05
7.98568964415767e-05
7.98562587342783e-05
7.98556210371648e-05
7.9854983350236e-05
7.98543456734916e-05
7.98537080069313e-05
7.9853070350555e-05
7.98524327043623e-05
7.98517950683531e-05
7.98511574425271e-05
7.98505198268841e-05
7.98498822214237e-05
7.98492446261458e-05
7.98486070410502e-05
7.98479694661365e-05
7.98473319014045e-05
7.9846694346854e-05
7.98460568024848e-05
7.98454192682966e-05
7.98447817442891e-05
7.98441442304621e-05
7.98435067268154e-05
7.98428692333488e-05
7.98422317500619e-05
7.98415942769545e-05
7.98409568140265e-05
7.98403193612774e-05
7.98396819187072e-05
7.98390444863156e-05
7.98384070641023e-05
7.9837769652067e-05
7.98371322502096e-05
7.98364948585297e-05
7.98358574770272e-05
7.98352201057018e-05
7.98345827445533e-05
7.98339453935814e-05
7.98333080527858e-05
7.98326707221663e-05
7.98320334017228e-05
7.98313960914548e-05
7.98307587913623e-05
7.98301215014449e-05
7.98294842217024e-05
7.98288469521346e-05
7.98282096927412e-05
7.9827572443522e-05
7.98269352044767e-05
7.98262979756051e-05
7.98256607569069e-05
7.98250235483819e-05
7.98243863500299e-05
7.98237491618506e-05
7.98231119838438e-05
7.98224748160092e-05
7.98218376583466e-05
7.98212005108557e-05
7.98205633735363e-05
7.98199262463881e-05
7.9819289129411e-05
7.98186520226046e-05
7.98180149259688e-05
7.98173778395032e-05
7.98167407632077e-05
7.98161036970819e-05
7.98154666411257e-05
7.98148295953388e-05
7.9814192559721e-05
7.98135555342719e-05
7.98129185189915e-05
7.98122815138794e-05
7.98116445189353e-05
7.98110075341591e-05
7.98103705595505e-05
7.98097335951093e-05
7.98090966408351e-05
7.98084596967278e-05
7.98078227627872e-05
7.9807185839013e-05
7.98065489254048e-05
7.98059120219626e-05
7.9805275128686e-05
7.98046382455748e-05
7.98040013726288e-05
7.98033645098477e-05
7.98027276572313e-05
7.98020908147793e-05
7.98014539824916e-05
7.98008171603677e-05
7.98001803484076e-05
7.97995435466109e-05
7.97989067549775e-05
7.9798269973507e-05
7.97976332021992e-05
7.9796996441054e-05
7.97963596900709e-05
7.97957229492499e-05
7.97950862185907e-05
7.97944494980929e-05
7.97938127877564e-05
7.9793176087581e-05
7.97925393975663e-05
7.97919027177122e-05
7.97912660480184e-05
7.97906293884846e-05
7.97899927391107e-05
7.97893560998963e-05
7.97887194708412e-05
7.97880828519452e-05
7.97874462432081e-05
7.97868096446296e-05
7.97861730562094e-05
7.97855364779473e-05
7.97848999098431e-05
7.97842633518965e-05
7.97836268041073e-05
7.97829902664752e-05
7.9782353739e-05
7.97817172216815e-05
7.97810807145194e-05
7.97804442175134e-05
7.97798077306634e-05
7.9779171253969e-05
7.97785347874301e-05
7.97778983310464e-05
7.97772618848176e-05
7.97766254487435e-05
7.97759890228239e-05
7.97753526070585e-05
7.97747162014471e-05
7.97740798059894e-05
7.97734434206853e-05
7.97728070455343e-05
7.97721706805364e-05
7.97715343256912e-05
7.97708979809986e-05
7.97702616464582e-05
7.97696253220699e-05
7.97689890078333e-05
7.97683527037483e-05
7.97677164098146e-05
7.9767080126032e-05
7.97664438524002e-05
7.97658075889189e-05
7.9765171335588e-05
7.97645350924072e-05
7.97638988593762e-05
7.97632626364949e-05
7.97626264237629e-05
7.976199022118e-05
7.9761354028746e-05
7.97607178464606e-05
7.97600816743236e-05
7.97594455123348e-05
7.97588093604939e-05
7.97581732188006e-05
7.97575370872547e-05
7.97569009658561e-05
7.97562648546043e-05
7.97556287534993e-05
7.97549926625407e-05
7.97543565817283e-05
7.97537205110618e-05
7.97530844505411e-05
7.97524484001659e-05
7.97518123599359e-05
7.97511763298509e-05
7.97505403099106e-05
7.97499043001148e-05
7.97492683004633e-05
7.97486323109559e-05
7.97479963315922e-05
7.9747360362372e-05
7.97467244032951e-05
7.97460884543613e-05
7.97454525155703e-05
7.97448165869218e-05
7.97441806684157e-05
7.97435447600517e-05
7.97429088618295e-05
7.97422729737488e-05
7.97416370958096e-05
7.97410012280114e-05
7.97403653703541e-05
7.97397295228375e-05
7.97390936854612e-05
7.9738457858225e-05
7.97378220411288e-05
7.97371862341722e-05
7.9736550437355e-05
7.9735914650677e-05
7.97352788741379e-05
7.97346431077375e-05
7.97340073514755e-05
7.97333716053517e-05
7.97327358693659e-05
7.97321001435178e-05
7.97314644278072e-05
7.97308287222337e-05
7.97301930267973e-05
7.97295573414976e-05
7.97289216663345e-05
7.97282860013075e-05
7.97276503464166e-05
7.97270147016615e-05
7.97263790670419e-05
7.97257434425576e-05
7.97251078282083e-05
7.97244722239939e-05
7.9723836629914e-05
7.97232010459684e-05
7.97225654721569e-05
7.97219299084792e-05
7.97212943549352e-05
7.97206588115244e-05
7.97200232782468e-05
7.9719387755102e-05
7.97187522420899e-05
7.97181167392101e-05
7.97174812464625e-05
7.97168457638468e-05
7.97162102913628e-05
7.97155748290101e-05
7.97149393767886e-05
7.9714303934698e-05
7.97136685027382e-05
7.97130330809087e-05
7.97123976692095e-05
7.97117622676402e-05
7.97111268762006e-05
7.97104914948906e-05
7.97098561237097e-05
7.97092207626578e-05
7.97085854117347e-05
7.97079500709401e-05
7.97073147402737e-05
7.97066794197354e-05
7.97060441093248e-05
7.97054088090418e-05
7.97047735188861e-05
7.97041382388574e-05
7.97035029689555e-05
7.97028677091802e-05
7.97022324595312e-05
7.97015972200083e-05
7.97009619906112e-05
7.97003267713398e-05
7.96996915621937e-05
7.96990563631727e-05
7.96984211742765e-05
7.9697785995505e-05
7.96971508268579e-05
7.9696515668335e-05
7.96958805199359e-05
7.96952453816605e-05
7.96946102535086e-05
7.96939751354798e-05
7.96933400275739e-05
7.96927049297907e-05
7.969206984213e-05
7.96914347645915e-05
7.9690799697175e-05
7.96901646398801e-05
7.96895295927068e-05
7.96888945556547e-05
7.96882595287236e-05
7.96876245119133e-05
7.96869895052235e-05
7.96863545086539e-05
7.96857195222044e-05
7.96850845458747e-05
7.96844495796645e-05
7.96838146235737e-05
7.96831796776019e-05
7.96825447417489e-05
7.96819098160145e-05
7.96812749003984e-05
7.96806399949004e-05
7.96800050995203e-05
7.96793702142578e-05
7.96787353391127e-05
7.96781004740847e-05
7.96774656191736e-05
7.96768307743791e-05
7.96761959397011e-05
7.96755611151391e-05
7.96749263006932e-05
7.96742914963629e-05
7.9673656702148e-05
7.96730219180483e-05
7.96723871440636e-05
7.96717523801936e-05
7.96711176264381e-05
7.96704828827968e-05
7.96698481492694e-05
7.96692134258558e-05
7.96685787125558e-05
7.96679440093689e-05
7.96673093162951e-05
7.96666746333341e-05
7.96660399604857e-05
7.96654052977495e-05
7.96647706451253e-05
7.9664136002613e-05
7.96635013702122e-05
7.96628667479228e-05
7.96622321357444e-05
7.96615975336769e-05
7.966096294172e-05
7.96603283598735e-05
7.96596937881371e-05
7.96590592265105e-05
7.96584246749936e-05
7.96577901335861e-05
7.96571556022878e-05
7.96565210810983e-05
7.96558865700175e-05
7.96552520690452e-05
7.9654617578181e-05
7.96539830974248e-05
7.96533486267763e-05
7.96527141662352e-05
7.96520797158014e-05
7.96514452754745e-05
7.96508108452544e-05
7.96501764251408e-05
7.96495420151334e-05
7.96489076152321e-05
7.96482732254365e-05
7.96476388457464e-05
7.96470044761616e-05
7.96463701166819e-05
7.9645735767307e-05
7.96451014280367e-05
7.96444670988706e-05
7.96438327798087e-05
7.96431984708506e-05
7.96425641719961e-05
7.96419298832449e-05
7.96412956045969e-05
7.96406613360517e-05
7.96400270776092e-05
7.96393928292691e-05
7.96387585910311e-05
7.9638124362895e-05
7.96374901448606e-05
7.96368559369276e-05
7.96362217390958e-05
7.96355875513649e-05
7.96349533737348e-05
7.96343192062051e-05
7.96336850487756e-05
7.96330509014461e-05
7.96324167642164e-05
7.96317826370861e-05
7.96311485200551e-05
7.96305144131231e-05
7.96298803162899e-05
7.96292462295552e-05
7.96286121529188e-05
7.96279780863804e-05
7.96273440299399e-05
7.96267099835969e-05
7.96260759473512e-05
7.96254419212027e-05
7.96248079051509e-05
7.96241738991958e-05
7.9623539903337e-05
7.96229059175744e-05
7.96222719419076e-05
7.96216379763364e-05
7.96210040208607e-05
7.96203700754801e-05
7.96197361401944e-05
7.96191022150034e-05
7.96184682999069e-05
7.96178343949045e-05
7.9617200499996e-05
7.96165666151813e-05
7.961593274046e-05
7.9615298875832e-05
7.96146650212969e-05
7.96140311768546e-05
7.96133973425048e-05
7.96127635182472e-05
7.96121297040817e-05
7.9611495900008e-05
7.96108621060257e-05
7.96102283221348e-05
7.9609594548335e-05
7.96089607846259e-05
7.96083270310074e-05
7.96076932874793e-05
7.96070595540412e-05
7.96064258306931e-05
7.96057921174345e-05
7.96051584142652e-05
7.96045247211852e-05
7.96038910381939e-05
7.96032573652914e-05
7.96026237024772e-05
7.96019900497512e-05
7.96013564071132e-05
7.96007227745628e-05
7.96000891520999e-05
7.95994555397241e-05
7.95988219374353e-05
7.95981883452333e-05
7.95975547631177e-05
7.95969211910883e-05
7.9596287629145e-05
7.95956540772874e-05
7.95950205355153e-05
7.95943870038285e-05
7.95937534822267e-05
7.95931199707097e-05
7.95924864692773e-05
7.95918529779292e-05
7.95912194966651e-05
7.95905860254849e-05
7.95899525643883e-05
7.9589319113375e-05
7.95886856724448e-05
7.95880522415975e-05
7.95874188208328e-05
7.95867854101505e-05
7.95861520095503e-05
7.95855186190321e-05
7.95848852385955e-05
7.95842518682403e-05
7.95836185079663e-05
7.95829851577733e-05
7.95823518176609e-05
7.9581718487629e-05
7.95810851676773e-05
7.95804518578057e-05
7.95798185580137e-05
7.95791852683012e-05
7.9578551988668e-05
7.95779187191138e-05
7.95772854596384e-05
7.95766522102415e-05
7.95760189709229e-05
7.95753857416824e-05
7.95747525225197e-05
7.95741193134345e-05
7.95734861144267e-05
7.95728529254959e-05
7.95722197466421e-05
7.95715865778648e-05
7.95709534191639e-05
7.95703202705391e-05
7.95696871319902e-05
7.95690540035169e-05
7.95684208851191e-05
7.95677877767964e-05
7.95671546785487e-05
7.95665215903756e-05
7.9565888512277e-05
7.95652554442526e-05
7.95646223863021e-05
7.95639893384254e-05
7.95633563006222e-05
7.95627232728922e-05
7.95620902552352e-05
7.95614572476509e-05
7.95608242501392e-05
7.95601912626998e-05
7.95595582853324e-05
7.95589253180368e-05
7.95582923608128e-05
7.95576594136601e-05
7.95570264765784e-05
7.95563935495676e-05
7.95557606326274e-05
7.95551277257576e-05
7.95544948289578e-05
7.9553861942228e-05
7.95532290655678e-05
7.95525961989769e-05
7.95519633424553e-05
7.95513304960026e-05
7.95506976596185e-05
7.95500648333028e-05
7.95494320170554e-05
7.95487992108759e-05
7.95481664147641e-05
7.95475336287198e-05
7.95469008527428e-05
7.95462680868327e-05
7.95456353309894e-05
7.95450025852126e-05
7.95443698495021e-05
7.95437371238576e-05
7.95431044082789e-05
7.95424717027657e-05
7.95418390073178e-05
7.95412063219351e-05
7.95405736466171e-05
7.95399409813638e-05
7.95393083261748e-05
7.95386756810499e-05
7.95380430459889e-05
7.95374104209915e-05
7.95367778060575e-05
7.95361452011867e-05
7.95355126063787e-05
7.95348800216335e-05
7.95342474469507e-05
7.953361488233e-05
7.95329823277713e-05
7.95323497832743e-05
7.95317172488388e-05
7.95310847244646e-05
7.95304522101513e-05
7.95298197058987e-05
7.95291872117067e-05
7.95285547275749e-05
7.95279222535032e-05
7.95272897894913e-05
7.95266573355389e-05
7.95260248916458e-05
7.95253924578118e-05
7.95247600340366e-05
7.952412762032e-05
7.95234952166618e-05
7.95228628230616e-05
7.95222304395194e-05
7.95215980660347e-05
7.95209657026075e-05
7.95203333492374e-05
7.95197010059242e-05
7.95190686726677e-05
7.95184363494676e-05
7.95178040363237e-05
7.95171717332358e-05
7.95165394402036e-05
7.95159071572268e-05
7.95152748843053e-05
7.95146426214387e-05
7.95140103686269e-05
7.95133781258697e-05
7.95127458931667e-05
7.95121136705177e-05
7.95114814579225e-05
7.95108492553809e-05
7.95102170628926e-05
7.95095848804573e-05
7.95089527080749e-05
7.95083205457451e-05
7.95076883934676e-05
7.95070562512423e-05
7.95064241190688e-05
7.9505791996947e-05
7.95051598848765e-05
7.95045277828572e-05
7.95038956908888e-05
7.95032636089711e-05
7.95026315371039e-05
7.95019994752868e-05
7.95013674235197e-05
7.95007353818023e-05
7.95001033501344e-05
7.94994713285157e-05
7.9498839316946e-05
7.9498207315425e-05
7.94975753239526e-05
7.94969433425285e-05
7.94963113711524e-05
7.94956794098241e-05
7.94950474585433e-05
7.94944155173099e-05
7.94937835861236e-05
7.94931516649841e-05
7.94925197538912e-05
7.94918878528446e-05
7.94912559618442e-05
7.94906240808897e-05
7.94899922099808e-05
7.94893603491173e-05
7.94887284982989e-05
7.94880966575255e-05
7.94874648267968e-05
7.94868330061125e-05
7.94862011954725e-05
7.94855693948764e-05
7.9484937604324e-05
7.94843058238151e-05
7.94836740533494e-05
7.94830422929268e-05
7.94824105425469e-05
7.94817788022096e-05
7.94811470719145e-05
7.94805153516615e-05
7.94798836414504e-05
7.94792519412807e-05
7.94786202511524e-05
7.94779885710652e-05
7.94773569010189e-05
7.94767252410132e-05
7.94760935910478e-05
7.94754619511226e-05
7.94748303212373e-05
7.94741987013916e-05
7.94735670915853e-05
7.94729354918183e-05
7.94723039020901e-05
7.94716723224007e-05
7.94710407527497e-05
7.94704091931369e-05
7.94697776435622e-05
7.94691461040251e-05
7.94685145745256e-05
7.94678830550633e-05
7.9467251545638e-05
7.94666200462496e-05
7.94659885568976e-05
7.9465357077582e-05
7.94647256083025e-05
7.94640941490587e-05
7.94634626998506e-05
7.94628312606778e-05
7.94621998315401e-05
7.94615684124373e-05
7.94609370033691e-05
7.94603056043354e-05
7.94596742153357e-05
7.945904283637e-05
7.94584114674379e-05
7.94577801085393e-05
7.94571487596739e-05
7.94565174208414e-05
7.94558860920417e-05
7.94552547732744e-05
7.94546234645394e-05
7.94539921658364e-05
7.94533608771651e-05
7.94527295985254e-05
7.94520983299169e-05
7.94514670713395e-05
7.94508358227929e-05
7.94502045842768e-05
7.94495733557911e-05
7.94489421373354e-05
7.94483109289097e-05
7.94476797305135e-05
7.94470485421467e-05
7.9446417363809e-05
7.94457861955002e-05
7.94451550372201e-05
7.94445238889683e-05
7.94438927507448e-05
7.94432616225492e-05
7.94426305043813e-05
7.94419993962408e-05
7.94413682981276e-05
7.94407372100413e-05
7.94401061319818e-05
7.94394750639488e-05
7.9438844005942e-05
7.94382129579613e-05
7.94375819200064e-05
7.9436950892077e-05
7.94363198741729e-05
7.94356888662938e-05
7.94350578684397e-05
7.94344268806101e-05
7.94337959028048e-05
7.94331649350237e-05
7.94325339772664e-05
7.94319030295328e-05
7.94312720918225e-05
7.94306411641355e-05
7.94300102464713e-05
7.94293793388298e-05
7.94287484412108e-05
7.9428117553614e-05
7.94274866760391e-05
7.9426855808486e-05
7.94262249509543e-05
7.94255941034439e-05
7.94249632659545e-05
7.94243324384859e-05
7.94237016210377e-05
7.94230708136099e-05
7.94224400162022e-05
7.94218092288142e-05
7.94211784514459e-05
7.94205476840968e-05
7.94199169267669e-05
7.94192861794558e-05
7.94186554421634e-05
7.94180247148893e-05
7.94173939976334e-05
7.94167632903953e-05
7.9416132593175e-05
7.9415501905972e-05
7.94148712287863e-05
7.94142405616175e-05
7.94136099044654e-05
7.94129792573298e-05
7.94123486202104e-05
7.94117179931071e-05
7.94110873760194e-05
7.94104567689473e-05
7.94098261718905e-05
7.94091955848487e-05
7.94085650078217e-05
7.94079344408093e-05
7.94073038838112e-05
7.94066733368272e-05
7.94060427998571e-05
7.94054122729005e-05
7.94047817559573e-05
7.94041512490273e-05
7.94035207521101e-05
7.94028902652057e-05
7.94022597883136e-05
7.94016293214337e-05
7.94009988645657e-05
7.94003684177095e-05
7.93997379808647e-05
7.93991075540311e-05
7.93984771372085e-05
7.93978467303967e-05
7.93972163335954e-05
7.93965859468043e-05
7.93959555700233e-05
7.9395325203252e-05
7.93946948464904e-05
7.9394064499738e-05
7.93934341629947e-05
7.93928038362603e-05
7.93921735195344e-05
7.9391543212817e-05
7.93909129161076e-05
7.93902826294062e-05
7.93896523527123e-05
7.93890220860259e-05
7.93883918293467e-05
7.93877615826744e-05
7.93871313460088e-05
7.93865011193497e-05
7.93858709026967e-05
7.93852406960498e-05
7.93846104994086e-05
7.93839803127729e-05
7.93833501361424e-05
7.9382719969517e-05
7.93820898128964e-05
7.93814596662803e-05
7.93808295296686e-05
7.93801994030609e-05
7.9379569286457e-05
7.93789391798568e-05
7.93783090832599e-05
7.93776789966661e-05
7.93770489200752e-05
7.9376418853487e-05
7.93757887969012e-05
7.93751587503175e-05
7.93745287137358e-05
7.93738986871557e-05
7.93732686705771e-05
7.93726386639997e-05
7.93720086674233e-05
7.93713786808477e-05
7.93707487042725e-05
7.93701187376976e-05
7.93694887811228e-05
7.93688588345477e-05
7.93682288979721e-05
7.93675989713959e-05
7.93669690548188e-05
7.93663391482404e-05
7.93657092516607e-05
7.93650793650794e-05
7.93644494884961e-05
7.93638196219108e-05
7.9363189765323e-05
7.93625599187327e-05
7.93619300821396e-05
7.93613002555434e-05
7.93606704389439e-05
7.93600406323408e-05
7.9359410835734e-05
7.93587810491231e-05
7.9358151272508e-05
7.93575215058883e-05
7.9356891749264e-05
7.93562620026346e-05
7.93556322660001e-05
7.93550025393601e-05
7.93543728227144e-05
7.93537431160628e-05
7.9353113419405e-05
7.93524837327408e-05
7.935185405607e-05
7.93512243893923e-05
7.93505947327075e-05
7.93499650860154e-05
7.93493354493156e-05
7.9348705822608e-05
7.93480762058924e-05
7.93474465991684e-05
7.93468170024359e-05
7.93461874156947e-05
7.93455578389444e-05
7.93449282721848e-05
7.93442987154158e-05
7.9343669168637e-05
7.93430396318483e-05
7.93424101050494e-05
7.934178058824e-05
7.93411510814199e-05
7.93405215845889e-05
7.93398920977467e-05
7.93392626208932e-05
7.9338633154028e-05
7.9338003697151e-05
7.93373742502618e-05
7.93367448133603e-05
7.93361153864462e-05
7.93354859695193e-05
7.93348565625793e-05
7.93342271656261e-05
7.93335977786593e-05
7.93329684016787e-05
7.93323390346841e-05
7.93317096776753e-05
7.93310803306519e-05
7.93304509936139e-05
7.93298216665609e-05
7.93291923494927e-05
7.93285630424091e-05
7.93279337453097e-05
7.93273044581945e-05
7.93266751810631e-05
7.93260459139154e-05
7.9325416656751e-05
7.93247874095697e-05
7.93241581723714e-05
7.93235289451557e-05
7.93228997279225e-05
7.93222705206714e-05
7.93216413234023e-05
7.93210121361149e-05
7.93203829588089e-05
7.93197537914842e-05
7.93191246341405e-05
7.93184954867776e-05
7.93178663493952e-05
7.93172372219931e-05
7.9316608104571e-05
7.93159789971288e-05
7.93153498996661e-05
7.93147208121827e-05
7.93140917346785e-05
7.93134626671531e-05
7.93128336096064e-05
7.9312204562038e-05
7.93115755244478e-05
7.93109464968355e-05
7.93103174792009e-05
7.93096884715437e-05
7.93090594738637e-05
7.93084304861607e-05
7.93078015084344e-05
7.93071725406846e-05
7.9306543582911e-05
7.93059146351135e-05
7.93052856972917e-05
7.93046567694455e-05
7.93040278515746e-05
7.93033989436787e-05
7.93027700457577e-05
7.93021411578113e-05
7.93015122798392e-05
7.93008834118412e-05
7.93002545538171e-05
7.92996257057667e-05
7.92989968676896e-05
7.92983680395857e-05
7.92977392214548e-05
7.92971104132965e-05
7.92964816151107e-05
7.92958528268971e-05
7.92952240486556e-05
7.92945952803857e-05
7.92939665220873e-05
7.92933377737602e-05
7.92927090354042e-05
7.92920803070189e-05
7.92914515886042e-05
7.92908228801599e-05
7.92901941816856e-05
7.92895654931811e-05
7.92889368146462e-05
7.92883081460808e-05
7.92876794874844e-05
7.9287050838857e-05
7.92864222001982e-05
7.92857935715079e-05
7.92851649527857e-05
7.92845363440315e-05
7.92839077452449e-05
7.92832791564259e-05
7.92826505775741e-05
7.92820220086893e-05
7.92813934497713e-05
7.92807649008198e-05
7.92801363618345e-05
7.92795078328154e-05
7.9278879313762e-05
7.92782508046743e-05
7.92776223055518e-05
7.92769938163945e-05
7.9276365337202e-05
7.92757368679742e-05
7.92751084087107e-05
7.92744799594115e-05
7.92738515200761e-05
7.92732230907044e-05
7.92725946712962e-05
7.92719662618512e-05
7.92713378623691e-05
7.92707094728498e-05
7.9270081093293e-05
7.92694527236984e-05
7.92688243640659e-05
7.92681960143951e-05
7.92675676746859e-05
7.9266939344938e-05
7.92663110251512e-05
7.92656827153252e-05
7.92650544154599e-05
7.92644261255549e-05
7.926379784561e-05
7.9263169575625e-05
7.92625413155997e-05
7.92619130655338e-05
7.9261284825427e-05
7.92606565952792e-05
7.92600283750902e-05
7.92594001648595e-05
7.92587719645872e-05
7.92581437742728e-05
7.92575155939162e-05
7.92568874235171e-05
7.92562592630753e-05
7.92556311125905e-05
7.92550029720626e-05
7.92543748414912e-05
7.92537467208762e-05
7.92531186102173e-05
7.92524905095143e-05
7.92518624187668e-05
7.92512343379748e-05
7.92506062671379e-05
7.9249978206256e-05
7.92493501553287e-05
7.92487221143559e-05
7.92480940833373e-05
7.92474660622727e-05
7.92468380511618e-05
7.92462100500044e-05
7.92455820588002e-05
7.92449540775491e-05
7.92443261062508e-05
7.9243698144905e-05
7.92430701935116e-05
7.92424422520702e-05
7.92418143205807e-05
7.92411863990428e-05
7.92405584874562e-05
7.92399305858208e-05
7.92393026941363e-05
7.92386748124024e-05
7.9238046940619e-05
7.92374190787858e-05
7.92367912269025e-05
7.92361633849689e-05
7.92355355529848e-05
7.92349077309499e-05
7.92342799188641e-05
7.9233652116727e-05
7.92330243245385e-05
7.92323965422982e-05
7.9231768770006e-05
7.92311410076617e-05
7.92305132552649e-05
7.92298855128154e-05
7.92292577803131e-05
7.92286300577577e-05
7.92280023451489e-05
7.92273746424865e-05
7.92267469497702e-05
7.92261192669999e-05
7.92254915941753e-05
7.92248639312962e-05
7.92242362783623e-05
7.92236086353733e-05
7.92229810023292e-05
7.92223533792295e-05
7.92217257660741e-05
7.92210981628627e-05
7.92204705695952e-05
7.92198429862712e-05
7.92192154128906e-05
7.9218587849453e-05
7.92179602959583e-05
7.92173327524062e-05
7.92167052187965e-05
7.9216077695129e-05
7.92154501814034e-05
7.92148226776194e-05
7.92141951837769e-05
7.92135676998756e-05
7.92129402259153e-05
7.92123127618957e-05
7.92116853078166e-05
7.92110578636778e-05
7.92104304294789e-05
7.92098030052199e-05
7.92091755909005e-05
7.92085481865203e-05
7.92079207920792e-05
7.9207293407577e-05
7.92066660330133e-05
7.92060386683881e-05
7.9205411313701e-05
7.92047839689517e-05
7.92041566341402e-05
7.9203529309266e-05
7.92029019943291e-05
7.92022746893291e-05
7.92016473942658e-05
7.9201020109139e-05
7.92003928339485e-05
7.91997655686939e-05
7.91991383133752e-05
7.91985110679919e-05
7.9197883832544e-05
7.91972566070311e-05
7.91966293914531e-05
7.91960021858097e-05
7.91953749901006e-05
7.91947478043256e-05
7.91941206284845e-05
7.91934934625771e-05
7.91928663066031e-05
7.91922391605623e-05
7.91916120244544e-05
7.91909848982792e-05
7.91903577820365e-05
7.9189730675726e-05
7.91891035793475e-05
7.91884764929007e-05
7.91878494163855e-05
7.91872223498016e-05
7.91865952931488e-05
7.91859682464267e-05
7.91853412096353e-05
7.91847141827742e-05
7.91840871658432e-05
7.9183460158842e-05
7.91828331617705e-05
7.91822061746284e-05
7.91815791974155e-05
7.91809522301315e-05
7.91803252727762e-05
7.91796983253494e-05
7.91790713878508e-05
7.91784444602801e-05
7.91778175426373e-05
7.91771906349219e-05
7.91765637371338e-05
7.91759368492728e-05
7.91753099713385e-05
7.91746831033309e-05
7.91740562452496e-05
7.91734293970943e-05
7.9172802558865e-05
7.91721757305613e-05
7.91715489121829e-05
7.91709221037297e-05
7.91702953052015e-05
7.91696685165979e-05
7.91690417379188e-05
7.91684149691639e-05
7.9167788210333e-05
7.91671614614258e-05
7.91665347224421e-05
7.91659079933817e-05
7.91652812742444e-05
7.91646545650298e-05
7.91640278657378e-05
7.91634011763681e-05
7.91627744969206e-05
7.91621478273949e-05
7.91615211677908e-05
7.91608945181081e-05
7.91602678783465e-05
7.91596412485059e-05
7.91590146285859e-05
7.91583880185864e-05
7.91577614185071e-05
7.91571348283477e-05
7.91565082481082e-05
7.91558816777881e-05
7.91552551173872e-05
7.91546285669055e-05
7.91540020263425e-05
7.9153375495698e-05
7.91527489749719e-05
7.91521224641639e-05
7.91514959632737e-05
7.91508694723011e-05
7.9150242991246e-05
7.9149616520108e-05
7.91489900588869e-05
7.91483636075824e-05
7.91477371661944e-05
7.91471107347226e-05
7.91464843131668e-05
7.91458579015267e-05
7.91452314998021e-05
7.91446051079928e-05
7.91439787260985e-05
7.9143352354119e-05
7.91427259920541e-05
7.91420996399034e-05
7.91414732976669e-05
7.91408469653442e-05
7.91402206429351e-05
7.91395943304395e-05
7.91389680278569e-05
7.91383417351873e-05
7.91377154524303e-05
7.91370891795858e-05
7.91364629166535e-05
7.91358366636331e-05
7.91352104205245e-05
7.91345841873274e-05
7.91339579640415e-05
7.91333317506667e-05
7.91327055472027e-05
7.91320793536492e-05
7.9131453170006e-05
7.91308269962729e-05
7.91302008324497e-05
7.91295746785361e-05
7.91289485345319e-05
7.91283224004368e-05
7.91276962762506e-05
7.91270701619731e-05
7.91264440576041e-05
7.91258179631432e-05
7.91251918785903e-05
7.91245658039452e-05
7.91239397392075e-05
7.91233136843771e-05
7.91226876394537e-05
7.91220616044372e-05
7.91214355793272e-05
7.91208095641235e-05
7.91201835588259e-05
7.91195575634341e-05
7.9118931577948e-05
7.91183056023672e-05
7.91176796366916e-05
7.91170536809209e-05
7.91164277350549e-05
7.91158017990933e-05
7.9115175873036e-05
7.91145499568826e-05
7.91139240506329e-05
7.91132981542868e-05
7.91126722678439e-05
7.9112046391304e-05
7.91114205246669e-05
7.91107946679324e-05
7.91101688211003e-05
7.91095429841702e-05
7.9108917157142e-05
7.91082913400153e-05
7.91076655327901e-05
7.91070397354661e-05
7.91064139480429e-05
7.91057881705204e-05
7.91051624028984e-05
7.91045366451766e-05
7.91039108973548e-05
7.91032851594327e-05
7.91026594314101e-05
7.91020337132868e-05
7.91014080050625e-05
7.9100782306737e-05
7.91001566183101e-05
7.90995309397815e-05
7.9098905271151e-05
7.90982796124184e-05
7.90976539635834e-05
7.90970283246458e-05
7.90964026956054e-05
7.90957770764619e-05
7.90951514672151e-05
7.90945258678647e-05
7.90939002784105e-05
7.90932746988524e-05
7.90926491291899e-05
7.9092023569423e-05
7.90913980195514e-05
7.90907724795748e-05
7.9090146949493e-05
7.90895214293058e-05
7.9088895919013e-05
7.90882704186142e-05
7.90876449281093e-05
7.90870194474981e-05
7.90863939767802e-05
7.90857685159556e-05
7.90851430650238e-05
7.90845176239847e-05
7.90838921928382e-05
7.90832667715838e-05
7.90826413602214e-05
7.90820159587508e-05
7.90813905671717e-05
7.90807651854839e-05
7.90801398136872e-05
7.90795144517813e-05
7.90788890997659e-05
7.90782637576409e-05
7.90776384254061e-05
7.90770131030611e-05
7.90763877906057e-05
7.90757624880398e-05
7.9075137195363e-05
7.90745119125752e-05
7.90738866396761e-05
7.90732613766655e-05
7.90726361235431e-05
7.90720108803087e-05
7.90713856469621e-05
7.9070760423503e-05
7.90701352099312e-05
7.90695100062465e-05
7.90688848124486e-05
7.90682596285373e-05
7.90676344545124e-05
7.90670092903736e-05
7.90663841361207e-05
7.90657589917534e-05
7.90651338572716e-05
7.9064508732675e-05
7.90638836179633e-05
7.90632585131364e-05
7.90626334181939e-05
7.90620083331357e-05
7.90613832579615e-05
7.90607581926711e-05
7.90601331372642e-05
7.90595080917407e-05
7.90588830561002e-05
7.90582580303426e-05
7.90576330144675e-05
7.90570080084749e-05
7.90563830123644e-05
7.90557580261358e-05
7.90551330497889e-05
7.90545080833235e-05
7.90538831267392e-05
7.90532581800359e-05
7.90526332432133e-05
7.90520083162713e-05
7.90513833992095e-05
7.90507584920277e-05
7.90501335947258e-05
7.90495087073034e-05
7.90488838297603e-05
7.90482589620964e-05
7.90476341043113e-05
7.90470092564048e-05
7.90463844183767e-05
7.90457595902268e-05
7.90451347719548e-05
7.90445099635605e-05
7.90438851650436e-05
7.9043260376404e-05
7.90426355976414e-05
7.90420108287555e-05
7.90413860697461e-05
7.9040761320613e-05
7.9040136581356e-05
7.90395118519748e-05
7.90388871324692e-05
7.90382624228389e-05
7.90376377230837e-05
7.90370130332034e-05
7.90363883531978e-05
7.90357636830666e-05
7.90351390228095e-05
7.90345143724264e-05
7.9033889731917e-05
7.90332651012811e-05
7.90326404805185e-05
7.90320158696288e-05
7.90313912686119e-05
7.90307666774675e-05
7.90301420961955e-05
7.90295175247955e-05
7.90288929632674e-05
7.90282684116108e-05
7.90276438698257e-05
7.90270193379116e-05
7.90263948158685e-05
7.9025770303696e-05
7.9025145801394e-05
7.90245213089622e-05
7.90238968264003e-05
7.90232723537082e-05
7.90226478908855e-05
7.90220234379322e-05
7.90213989948478e-05
7.90207745616323e-05
7.90201501382853e-05
7.90195257248066e-05
7.9018901321196e-05
7.90182769274533e-05
7.90176525435782e-05
7.90170281695705e-05
7.901640380543e-05
7.90157794511564e-05
7.90151551067495e-05
7.9014530772209e-05
7.90139064475348e-05
7.90132821327265e-05
7.9012657827784e-05
7.9012033532707e-05
7.90114092474953e-05
7.90107849721487e-05
7.90101607066669e-05
7.90095364510496e-05
7.90089122052968e-05
7.9008287969408e-05
7.90076637433831e-05
7.90070395272219e-05
7.90064153209241e-05
7.90057911244894e-05
7.90051669379177e-05
7.90045427612088e-05
7.90039185943623e-05
7.9003294437378e-05
7.90026702902558e-05
7.90020461529954e-05
7.90014220255965e-05
7.90007979080589e-05
7.90001738003824e-05
7.89995497025667e-05
7.89989256146116e-05
7.8998301536517e-05
7.89976774682824e-05
7.89970534099078e-05
7.89964293613929e-05
7.89958053227374e-05
7.89951812939411e-05
7.89945572750038e-05
7.89939332659252e-05
7.89933092667051e-05
7.89926852773433e-05
7.89920612978396e-05
7.89914373281936e-05
7.89908133684052e-05
7.89901894184742e-05
7.89895654784003e-05
7.89889415481832e-05
7.89883176278228e-05
7.89876937173188e-05
7.8987069816671e-05
7.89864459258791e-05
7.89858220449429e-05
7.89851981738622e-05
7.89845743126367e-05
7.89839504612663e-05
7.89833266197506e-05
7.89827027880894e-05
7.89820789662826e-05
7.89814551543298e-05
7.89808313522308e-05
7.89802075599855e-05
7.89795837775935e-05
7.89789600050547e-05
7.89783362423687e-05
7.89777124895355e-05
7.89770887465546e-05
7.8976465013426e-05
7.89758412901493e-05
7.89752175767244e-05
7.8974593873151e-05
7.89739701794289e-05
7.89733464955578e-05
7.89727228215374e-05
7.89720991573677e-05
7.89714755030483e-05
7.8970851858579e-05
7.89702282239596e-05
7.89696045991898e-05
7.89689809842694e-05
7.89683573791982e-05
7.89677337839759e-05
7.89671101986023e-05
7.89664866230772e-05
7.89658630574003e-05
7.89652395015714e-05
7.89646159555903e-05
7.89639924194567e-05
7.89633688931705e-05
7.89627453767313e-05
7.89621218701389e-05
7.89614983733931e-05
7.89608748864937e-05
7.89602514094405e-05
7.89596279422331e-05
7.89590044848715e-05
7.89583810373552e-05
7.89577575996842e-05
7.89571341718581e-05
7.89565107538768e-05
7.89558873457399e-05
7.89552639474474e-05
7.89546405589989e-05
7.89540171803941e-05
7.8953393811633e-05
7.89527704527152e-05
7.89521471036405e-05
7.89515237644087e-05
7.89509004350195e-05
7.89502771154727e-05
7.89496538057681e-05
7.89490305059054e-05
7.89484072158844e-05
7.89477839357049e-05
7.89471606653667e-05
7.89465374048694e-05
7.8945914154213e-05
7.8945290913397e-05
7.89446676824214e-05
7.89440444612858e-05
7.89434212499901e-05
7.8942798048534e-05
7.89421748569173e-05
7.89415516751397e-05
7.89409285032011e-05
7.89403053411011e-05
7.89396821888395e-05
7.89390590464162e-05
7.89384359138308e-05
7.89378127910832e-05
7.89371896781731e-05
7.89365665751002e-05
7.89359434818645e-05
7.89353203984655e-05
7.89346973249031e-05
7.89340742611771e-05
7.89334512072871e-05
7.89328281632331e-05
7.89322051290147e-05
7.89315821046317e-05
7.89309590900839e-05
7.8930336085371e-05
7.89297130904929e-05
7.89290901054493e-05
7.89284671302399e-05
7.89278441648645e-05
7.89272212093229e-05
7.89265982636148e-05
7.89259753277401e-05
7.89253524016985e-05
7.89247294854897e-05
7.89241065791135e-05
7.89234836825697e-05
7.89228607958581e-05
7.89222379189784e-05
7.89216150519304e-05
7.89209921947139e-05
7.89203693473285e-05
7.89197465097742e-05
7.89191236820506e-05
7.89185008641576e-05
7.89178780560948e-05
7.89172552578621e-05
7.89166324694593e-05
7.8916009690886e-05
7.89153869221421e-05
7.89147641632273e-05
7.89141414141414e-05
7.89135186748842e-05
7.89128959454554e-05
7.89122732258548e-05
7.89116505160822e-05
7.89110278161373e-05
7.89104051260199e-05
7.89097824457298e-05
7.89091597752667e-05
7.89085371146304e-05
7.89079144638207e-05
7.89072918228373e-05
7.89066691916801e-05
7.89060465703487e-05
7.89054239588429e-05
7.89048013571626e-05
7.89041787653074e-05
7.89035561832772e-05
7.89029336110717e-05
7.89023110486906e-05
7.89016884961338e-05
7.8901065953401e-05
7.8900443420492e-05
7.88998208974066e-05
7.88991983841444e-05
7.88985758807053e-05
7.88979533870891e-05
7.88973309032955e-05
7.88967084293243e-05
7.88960859651753e-05
7.88954635108481e-05
7.88948410663427e-05
7.88942186316587e-05
7.88935962067959e-05
7.88929737917541e-05
7.88923513865331e-05
7.88917289911326e-05
7.88911066055524e-05
7.88904842297922e-05
7.88898618638519e-05
7.88892395077311e-05
7.88886171614298e-05
7.88879948249475e-05
7.88873724982842e-05
7.88867501814395e-05
7.88861278744133e-05
7.88855055772052e-05
7.88848832898152e-05
7.88842610122428e-05
7.8883638744488e-05
7.88830164865504e-05
7.88823942384299e-05
7.88817720001262e-05
7.88811497716391e-05
7.88805275529683e-05
7.88799053441136e-05
7.88792831450748e-05
7.88786609558516e-05
7.88780387764439e-05
7.88774166068513e-05
7.88767944470737e-05
7.88761722971108e-05
7.88755501569624e-05
7.88749280266282e-05
7.8874305906108e-05
7.88736837954017e-05
7.88730616945089e-05
7.88724396034294e-05
7.8871817522163e-05
7.88711954507094e-05
7.88705733890685e-05
7.886995133724e-05
7.88693292952237e-05
7.88687072630192e-05
7.88680852406265e-05
7.88674632280453e-05
7.88668412252752e-05
7.88662192323162e-05
7.8865597249168e-05
7.88649752758303e-05
7.88643533123028e-05
7.88637313585855e-05
7.8863109414678e-05
7.88624874805801e-05
7.88618655562916e-05
7.88612436418122e-05
7.88606217371418e-05
7.885999984228e-05
7.88593779572267e-05
7.88587560819816e-05
7.88581342165444e-05
7.88575123609151e-05
7.88568905150932e-05
7.88562686790786e-05
7.88556468528711e-05
7.88550250364704e-05
7.88544032298764e-05
7.88537814330886e-05
7.8853159646107e-05
7.88525378689313e-05
7.88519161015613e-05
7.88512943439967e-05
7.88506725962372e-05
7.88500508582828e-05
7.88494291301331e-05
7.88488074117879e-05
7.8848185703247e-05
7.88475640045101e-05
7.8846942315577e-05
7.88463206364475e-05
7.88456989671213e-05
7.88450773075983e-05
7.88444556578781e-05
7.88438340179606e-05
7.88432123878455e-05
7.88425907675326e-05
7.88419691570217e-05
7.88413475563124e-05
7.88407259654047e-05
7.88401043842982e-05
7.88394828129927e-05
7.88388612514881e-05
7.8838239699784e-05
7.88376181578802e-05
7.88369966257766e-05
7.88363751034727e-05
7.88357535909686e-05
7.88351320882638e-05
7.88345105953582e-05
7.88338891122516e-05
7.88332676389436e-05
7.88326461754342e-05
7.8832024721723e-05
7.88314032778098e-05
7.88307818436943e-05
7.88301604193764e-05
7.88295390048559e-05
7.88289176001324e-05
7.88282962052058e-05
7.88276748200758e-05
7.88270534447422e-05
7.88264320792048e-05
7.88258107234633e-05
7.88251893775175e-05
7.88245680413671e-05
7.8823946715012e-05
7.88233253984519e-05
7.88227040916866e-05
7.88220827947158e-05
7.88214615075393e-05
7.88208402301568e-05
7.88202189625683e-05
7.88195977047733e-05
7.88189764567717e-05
7.88183552185633e-05
7.88177339901478e-05
7.88171127715249e-05
7.88164915626946e-05
7.88158703636564e-05
7.88152491744103e-05
7.88146279949559e-05
7.8814006825293e-05
7.88133856654214e-05
7.88127645153409e-05
7.88121433750512e-05
7.88115222445522e-05
7.88109011238434e-05
7.88102800129249e-05
7.88096589117962e-05
7.88090378204573e-05
7.88084167389077e-05
7.88077956671474e-05
7.88071746051761e-05
7.88065535529935e-05
7.88059325105994e-05
7.88053114779936e-05
7.88046904551759e-05
7.8804069442146e-05
7.88034484389037e-05
7.88028274454487e-05
7.88022064617809e-05
7.88015854879e-05
7.88009645238058e-05
7.8800343569498e-05
7.87997226249764e-05
7.87991016902407e-05
7.87984807652908e-05
7.87978598501265e-05
7.87972389447474e-05
7.87966180491533e-05
7.87959971633441e-05
7.87953762873195e-05
7.87947554210792e-05
7.8794134564623e-05
7.87935137179507e-05
7.87928928810621e-05
7.87922720539569e-05
7.8791651236635e-05
7.8791030429096e-05
7.87904096313397e-05
7.87897888433659e-05
7.87891680651744e-05
7.87885472967649e-05
7.87879265381373e-05
7.87873057892912e-05
7.87866850502265e-05
7.87860643209429e-05
7.87854436014402e-05
7.87848228917181e-05
7.87842021917765e-05
7.87835815016151e-05
7.87829608212336e-05
7.87823401506318e-05
7.87817194898096e-05
7.87810988387666e-05
7.87804781975027e-05
7.87798575660175e-05
7.8779236944311e-05
7.87786163323827e-05
7.87779957302326e-05
7.87773751378604e-05
7.87767545552658e-05
7.87761339824487e-05
7.87755134194087e-05
7.87748928661457e-05
7.87742723226594e-05
7.87736517889496e-05
7.87730312650161e-05
7.87724107508586e-05
7.87717902464769e-05
7.87711697518708e-05
7.877054926704e-05
7.87699287919844e-05
7.87693083267036e-05
7.87686878711974e-05
7.87680674254657e-05
7.87674469895082e-05
7.87668265633246e-05
7.87662061469147e-05
7.87655857402784e-05
7.87649653434153e-05
7.87643449563252e-05
7.87637245790079e-05
7.87631042114632e-05
7.87624838536908e-05
7.87618635056905e-05
7.87612431674622e-05
7.87606228390054e-05
7.87600025203201e-05
7.87593822114059e-05
7.87587619122627e-05
7.87581416228903e-05
7.87575213432883e-05
7.87569010734566e-05
7.87562808133949e-05
7.8755660563103e-05
7.87550403225806e-05
7.87544200918277e-05
7.87537998708438e-05
7.87531796596288e-05
7.87525594581824e-05
7.87519392665044e-05
7.87513190845947e-05
7.87506989124528e-05
7.87500787500788e-05
7.87494585974721e-05
7.87488384546328e-05
7.87482183215605e-05
7.8747598198255e-05
7.8746978084716e-05
7.87463579809434e-05
7.87457378869369e-05
7.87451178026962e-05
7.87444977282212e-05
7.87438776635117e-05
7.87432576085673e-05
7.87426375633878e-05
7.87420175279731e-05
7.87413975023229e-05
7.87407774864369e-05
7.8740157480315e-05
7.87395374839568e-05
7.87389174973622e-05
7.8738297520531e-05
7.87376775534629e-05
7.87370575961576e-05
7.8736437648615e-05
7.87358177108348e-05
7.87351977828168e-05
7.87345778645608e-05
7.87339579560664e-05
7.87333380573336e-05
7.87327181683621e-05
7.87320982891515e-05
7.87314784197018e-05
7.87308585600126e-05
7.87302387100838e-05
7.87296188699151e-05
7.87289990395062e-05
7.8728379218857e-05
7.87277594079672e-05
7.87271396068367e-05
7.8726519815465e-05
7.87259000338521e-05
7.87252802619977e-05
7.87246604999016e-05
7.87240407475635e-05
7.87234210049832e-05
7.87228012721605e-05
7.87221815490951e-05
7.87215618357868e-05
7.87209421322354e-05
7.87203224384407e-05
7.87197027544024e-05
7.87190830801203e-05
7.87184634155941e-05
7.87178437608237e-05
7.87172241158088e-05
7.87166044805491e-05
7.87159848550445e-05
7.87153652392947e-05
7.87147456332995e-05
7.87141260370586e-05
7.87135064505719e-05
7.8712886873839e-05
7.87122673068598e-05
7.8711647749634e-05
7.87110282021614e-05
7.87104086644418e-05
7.87097891364749e-05
7.87091696182605e-05
7.87085501097984e-05
7.87079306110884e-05
7.87073111221301e-05
7.87066916429235e-05
7.87060721734682e-05
7.8705452713764e-05
7.87048332638107e-05
7.87042138236081e-05
7.87035943931559e-05
7.8702974972454e-05
7.8702355561502e-05
7.87017361602997e-05
7.8701116768847e-05
7.87004973871435e-05
7.86998780151891e-05
7.86992586529835e-05
7.86986393005265e-05
7.86980199578179e-05
7.86974006248574e-05
7.86967813016448e-05
7.86961619881798e-05
7.86955426844624e-05
7.86949233904921e-05
7.86943041062688e-05
7.86936848317923e-05
7.86930655670622e-05
7.86924463120785e-05
7.86918270668408e-05
7.8691207831349e-05
7.86905886056028e-05
7.86899693896019e-05
7.86893501833462e-05
7.86887309868354e-05
7.86881118000692e-05
7.86874926230476e-05
7.86868734557701e-05
7.86862542982366e-05
7.86856351504469e-05
7.86850160124008e-05
7.86843968840979e-05
7.86837777655381e-05
7.86831586567211e-05
7.86825395576468e-05
7.86819204683148e-05
7.8681301388725e-05
7.86806823188771e-05
7.86800632587709e-05
7.86794442084061e-05
7.86788251677826e-05
7.86782061369001e-05
7.86775871157583e-05
7.86769681043571e-05
7.86763491026962e-05
7.86757301107754e-05
7.86751111285945e-05
7.86744921561531e-05
7.86738731934512e-05
7.86732542404884e-05
7.86726352972646e-05
7.86720163637794e-05
7.86713974400327e-05
7.86707785260243e-05
7.86701596217539e-05
7.86695407272212e-05
7.86689218424262e-05
7.86683029673684e-05
7.86676841020477e-05
7.86670652464639e-05
7.86664464006167e-05
7.8665827564506e-05
7.86652087381314e-05
7.86645899214927e-05
7.86639711145898e-05
7.86633523174224e-05
7.86627335299902e-05
7.8662114752293e-05
7.86614959843306e-05
7.86608772261028e-05
7.86602584776094e-05
7.865963973885e-05
7.86590210098245e-05
7.86584022905327e-05
7.86577835809743e-05
7.8657164881149e-05
7.86565461910568e-05
7.86559275106972e-05
7.86553088400702e-05
7.86546901791754e-05
7.86540715280126e-05
7.86534528865817e-05
7.86528342548824e-05
7.86522156329144e-05
7.86515970206775e-05
7.86509784181715e-05
7.86503598253962e-05
7.86497412423513e-05
7.86491226690366e-05
7.86485041054519e-05
7.86478855515969e-05
7.86472670074715e-05
7.86466484730753e-05
7.86460299484082e-05
7.86454114334699e-05
7.86447929282602e-05
7.86441744327789e-05
7.86435559470257e-05
7.86429374710004e-05
7.86423190047028e-05
7.86417005481327e-05
7.86410821012897e-05
7.86404636641738e-05
7.86398452367846e-05
7.86392268191219e-05
7.86386084111856e-05
7.86379900129753e-05
7.86373716244908e-05
7.8636753245732e-05
7.86361348766985e-05
7.86355165173902e-05
7.86348981678069e-05
7.86342798279482e-05
7.8633661497814e-05
7.8633043177404e-05
7.8632424866718e-05
7.86318065657558e-05
7.86311882745172e-05
7.86305699930019e-05
7.86299517212096e-05
7.86293334591403e-05
7.86287152067935e-05
7.86280969641692e-05
7.8627478731267e-05
7.86268605080868e-05
7.86262422946283e-05
7.86256240908912e-05
7.86250058968754e-05
7.86243877125807e-05
7.86237695380067e-05
7.86231513731533e-05
7.86225332180203e-05
7.86219150726073e-05
7.86212969369143e-05
7.86206788109409e-05
7.86200606946869e-05
7.86194425881521e-05
7.86188244913362e-05
7.86182064042391e-05
7.86175883268605e-05
7.86169702592002e-05
7.86163522012579e-05
7.86157341530334e-05
7.86151161145265e-05
7.8614498085737e-05
7.86138800666646e-05
7.86132620573091e-05
7.86126440576702e-05
7.86120260677478e-05
7.86114080875417e-05
7.86107901170515e-05
7.8610172156277e-05
7.86095542052181e-05
7.86089362638745e-05
7.86083183322459e-05
7.86077004103322e-05
7.86070824981331e-05
7.86064645956483e-05
7.86058467028778e-05
7.86052288198211e-05
7.86046109464781e-05
7.86039930828486e-05
7.86033752289323e-05
7.86027573847291e-05
7.86021395502386e-05
7.86015217254606e-05
7.8600903910395e-05
7.86002861050414e-05
7.85996683093997e-05
7.85990505234697e-05
7.8598432747251e-05
7.85978149807435e-05
7.8597197223947e-05
7.85965794768612e-05
7.85959617394858e-05
7.85953440118207e-05
7.85947262938657e-05
7.85941085856204e-05
7.85934908870847e-05
7.85928731982584e-05
7.85922555191411e-05
7.85916378497328e-05
7.85910201900331e-05
7.85904025400418e-05
7.85897848997587e-05
7.85891672691836e-05
7.85885496483162e-05
7.85879320371564e-05
7.85873144357038e-05
7.85866968439583e-05
7.85860792619195e-05
7.85854616895874e-05
7.85848441269617e-05
7.85842265740421e-05
7.85836090308283e-05
7.85829914973203e-05
7.85823739735177e-05
7.85817564594204e-05
7.8581138955028e-05
7.85805214603404e-05
7.85799039753573e-05
7.85792865000786e-05
7.85786690345039e-05
7.85780515786331e-05
7.85774341324658e-05
7.8576816696002e-05
7.85761992692413e-05
7.85755818521836e-05
7.85749644448286e-05
7.8574347047176e-05
7.85737296592257e-05
7.85731122809775e-05
7.85724949124309e-05
7.8571877553586e-05
7.85712602044424e-05
7.85706428649999e-05
7.85700255352583e-05
7.85694082152173e-05
7.85687909048768e-05
7.85681736042364e-05
7.8567556313296e-05
7.85669390320553e-05
7.85663217605141e-05
7.85657044986722e-05
7.85650872465294e-05
7.85644700040853e-05
7.85638527713399e-05
7.85632355482928e-05
7.85626183349439e-05
7.85620011312928e-05
7.85613839373394e-05
7.85607667530835e-05
7.85601495785248e-05
7.85595324136631e-05
7.85589152584981e-05
7.85582981130297e-05
7.85576809772575e-05
7.85570638511815e-05
7.85564467348013e-05
7.85558296281167e-05
7.85552125311275e-05
7.85545954438335e-05
7.85539783662344e-05
7.85533612983299e-05
7.855274424012e-05
7.85521271916044e-05
7.85515101527827e-05
7.85508931236548e-05
7.85502761042205e-05
7.85496590944795e-05
7.85490420944317e-05
7.85484251040767e-05
7.85478081234143e-05
7.85471911524444e-05
7.85465741911666e-05
7.85459572395809e-05
7.85453402976868e-05
7.85447233654843e-05
7.8544106442973e-05
7.85434895301528e-05
7.85428726270235e-05
7.85422557335847e-05
7.85416388498362e-05
7.85410219757779e-05
7.85404051114096e-05
7.85397882567309e-05
7.85391714117416e-05
7.85385545764416e-05
7.85379377508305e-05
7.85373209349083e-05
7.85367041286745e-05
7.85360873321291e-05
7.85354705452718e-05
7.85348537681023e-05
7.85342370006204e-05
7.8533620242826e-05
7.85330034947186e-05
7.85323867562983e-05
7.85317700275646e-05
7.85311533085175e-05
7.85305365991566e-05
7.85299198994817e-05
7.85293032094926e-05
7.85286865291891e-05
7.85280698585709e-05
7.85274531976379e-05
7.85268365463897e-05
7.85262199048262e-05
7.85256032729471e-05
7.85249866507523e-05
7.85243700382414e-05
7.85237534354142e-05
7.85231368422706e-05
7.85225202588102e-05
7.85219036850329e-05
7.85212871209385e-05
7.85206705665266e-05
7.85200540217972e-05
7.85194374867498e-05
7.85188209613844e-05
7.85182044457007e-05
7.85175879396985e-05
7.85169714433775e-05
7.85163549567375e-05
7.85157384797783e-05
7.85151220124996e-05
7.85145055549013e-05
7.8513889106983e-05
7.85132726687447e-05
7.85126562401859e-05
7.85120398213066e-05
7.85114234121065e-05
7.85108070125853e-05
7.85101906227428e-05
7.85095742425789e-05
7.85089578720932e-05
7.85083415112856e-05
7.85077251601558e-05
7.85071088187035e-05
7.85064924869287e-05
7.85058761648309e-05
7.85052598524101e-05
7.8504643549666e-05
7.85040272565983e-05
7.85034109732068e-05
7.85027946994913e-05
7.85021784354516e-05
7.85015621810874e-05
7.85009459363985e-05
7.85003297013847e-05
7.84997134760458e-05
7.84990972603815e-05
7.84984810543916e-05
7.84978648580759e-05
7.84972486714341e-05
7.8496632494466e-05
7.84960163271714e-05
7.84954001695501e-05
7.84947840216018e-05
7.84941678833263e-05
7.84935517547234e-05
7.84929356357928e-05
7.84923195265343e-05
7.84917034269478e-05
7.84910873370329e-05
7.84904712567894e-05
7.84898551862172e-05
7.84892391253159e-05
7.84886230740854e-05
7.84880070325254e-05
7.84873910006358e-05
7.84867749784161e-05
7.84861589658664e-05
7.84855429629862e-05
7.84849269697755e-05
7.84843109862339e-05
7.84836950123612e-05
7.84830790481572e-05
7.84824630936217e-05
7.84818471487545e-05
7.84812312135553e-05
7.84806152880239e-05
7.847999937216e-05
7.84793834659635e-05
7.84787675694341e-05
7.84781516825716e-05
7.84775358053757e-05
7.84769199378463e-05
7.8476304079983e-05
7.84756882317858e-05
7.84750723932543e-05
7.84744565643883e-05
7.84738407451876e-05
7.8473224935652e-05
7.84726091357812e-05
7.8471993345575e-05
7.84713775650332e-05
7.84707617941555e-05
7.84701460329418e-05
7.84695302813917e-05
7.84689145395052e-05
7.84682988072819e-05
7.84676830847216e-05
7.8467067371824e-05
7.84664516685891e-05
7.84658359750165e-05
7.8465220291106e-05
7.84646046168573e-05
7.84639889522704e-05
7.84633732973448e-05
7.84627576520804e-05
7.84621420164771e-05
7.84615263905344e-05
7.84609107742523e-05
7.84602951676304e-05
7.84596795706686e-05
7.84590639833667e-05
7.84584484057243e-05
7.84578328377414e-05
7.84572172794175e-05
7.84566017307526e-05
7.84559861917464e-05
7.84553706623987e-05
7.84547551427092e-05
7.84541396326777e-05
7.8453524132304e-05
7.84529086415879e-05
7.84522931605291e-05
7.84516776891274e-05
7.84510622273826e-05
7.84504467752944e-05
7.84498313328626e-05
7.84492159000871e-05
7.84486004769675e-05
7.84479850635036e-05
7.84473696596953e-05
7.84467542655423e-05
7.84461388810443e-05
7.84455235062011e-05
7.84449081410126e-05
7.84442927854784e-05
7.84436774395984e-05
7.84430621033723e-05
7.84424467767999e-05
7.84418314598809e-05
7.84412161526152e-05
7.84406008550026e-05
7.84399855670426e-05
7.84393702887353e-05
7.84387550200803e-05
7.84381397610774e-05
7.84375245117264e-05
7.8436909272027e-05
7.84362940419791e-05
7.84356788215824e-05
7.84350636108366e-05
7.84344484097416e-05
7.84338332182971e-05
7.84332180365028e-05
7.84326028643587e-05
7.84319877018643e-05
7.84313725490196e-05
7.84307574058243e-05
7.84301422722781e-05
7.84295271483808e-05
7.84289120341323e-05
7.84282969295322e-05
7.84276818345803e-05
7.84270667492765e-05
7.84264516736205e-05
7.8425836607612e-05
7.84252215512509e-05
7.84246065045369e-05
7.84239914674697e-05
7.84233764400492e-05
7.84227614222752e-05
7.84221464141474e-05
7.84215314156655e-05
7.84209164268294e-05
7.84203014476388e-05
7.84196864780935e-05
7.84190715181932e-05
7.84184565679378e-05
7.84178416273271e-05
7.84172266963607e-05
7.84166117750384e-05
7.84159968633601e-05
7.84153819613255e-05
7.84147670689344e-05
7.84141521861866e-05
7.84135373130817e-05
7.84129224496197e-05
7.84123075958002e-05
7.84116927516231e-05
7.84110779170881e-05
7.8410463092195e-05
7.84098482769436e-05
7.84092334713336e-05
7.84086186753648e-05
7.8408003889037e-05
7.84073891123499e-05
7.84067743453034e-05
7.84061595878972e-05
7.84055448401311e-05
7.84049301020048e-05
7.84043153735182e-05
7.84037006546709e-05
7.84030859454628e-05
7.84024712458937e-05
7.84018565559632e-05
7.84012418756713e-05
7.84006272050176e-05
7.8400012544002e-05
7.83993978926242e-05
7.83987832508839e-05
7.83981686187811e-05
7.83975539963153e-05
7.83969393834865e-05
7.83963247802943e-05
7.83957101867386e-05
7.83950956028191e-05
7.83944810285356e-05
7.83938664638879e-05
7.83932519088757e-05
7.83926373634988e-05
7.83920228277571e-05
7.83914083016501e-05
7.83907937851779e-05
7.839017927834e-05
7.83895647811363e-05
7.83889502935666e-05
7.83883358156306e-05
7.83877213473281e-05
7.8387106888659e-05
7.83864924396228e-05
7.83858780002195e-05
7.83852635704488e-05
7.83846491503104e-05
7.83840347398042e-05
7.83834203389299e-05
7.83828059476873e-05
7.83821915660762e-05
7.83815771940963e-05
7.83809628317474e-05
7.83803484790293e-05
7.83797341359418e-05
7.83791198024846e-05
7.83785054786575e-05
7.83778911644603e-05
7.83772768598928e-05
7.83766625649547e-05
7.83760482796457e-05
7.83754340039658e-05
7.83748197379146e-05
7.83742054814919e-05
7.83735912346976e-05
7.83729769975312e-05
7.83723627699928e-05
7.83717485520819e-05
7.83711343437985e-05
7.83705201451422e-05
7.83699059561129e-05
7.83692917767102e-05
7.83686776069341e-05
7.83680634467842e-05
7.83674492962603e-05
7.83668351553623e-05
7.83662210240898e-05
7.83656069024427e-05
7.83649927904207e-05
7.83643786880236e-05
7.83637645952512e-05
7.83631505121032e-05
7.83625364385794e-05
7.83619223746797e-05
7.83613083204037e-05
7.83606942757513e-05
7.83600802407222e-05
7.83594662153161e-05
7.8358852199533e-05
7.83582381933725e-05
7.83576241968344e-05
7.83570102099184e-05
7.83563962326245e-05
7.83557822649522e-05
7.83551683069015e-05
7.83545543584721e-05
7.83539404196637e-05
7.83533264904761e-05
7.83527125709092e-05
7.83520986609626e-05
7.83514847606362e-05
7.83508708699297e-05
7.83502569888429e-05
7.83496431173756e-05
7.83490292555275e-05
7.83484154032985e-05
7.83478015606882e-05
7.83471877276965e-05
7.83465739043232e-05
7.83459600905679e-05
7.83453462864306e-05
7.83447324919109e-05
7.83441187070087e-05
7.83435049317236e-05
7.83428911660556e-05
7.83422774100043e-05
7.83416636635696e-05
7.83410499267511e-05
7.83404361995488e-05
7.83398224819623e-05
7.83392087739914e-05
7.83385950756359e-05
7.83379813868956e-05
7.83373677077703e-05
7.83367540382597e-05
7.83361403783636e-05
7.83355267280817e-05
7.83349130874139e-05
7.833429945636e-05
7.83336858349196e-05
7.83330722230926e-05
7.83324586208787e-05
7.83318450282778e-05
7.83312314452895e-05
7.83306178719138e-05
7.83300043081502e-05
7.83293907539987e-05
7.8328777209459e-05
7.83281636745308e-05
7.8327550149214e-05
7.83269366335083e-05
7.83263231274134e-05
7.83257096309293e-05
7.83250961440555e-05
7.8324482666792e-05
7.83238691991384e-05
7.83232557410946e-05
7.83226422926604e-05
7.83220288538354e-05
7.83214154246195e-05
7.83208020050125e-05
7.83201885950141e-05
7.83195751946241e-05
7.83189618038423e-05
7.83183484226685e-05
7.83177350511023e-05
7.83171216891437e-05
7.83165083367923e-05
7.8315894994048e-05
7.83152816609105e-05
7.83146683373796e-05
7.83140550234551e-05
7.83134417191367e-05
7.83128284244242e-05
7.83122151393174e-05
7.83116018638161e-05
7.83109885979201e-05
7.8310375341629e-05
7.83097620949428e-05
7.83091488578611e-05
7.83085356303837e-05
7.83079224125105e-05
7.83073092042411e-05
7.83066960055754e-05
7.83060828165132e-05
7.83054696370541e-05
7.83048564671981e-05
7.83042433069448e-05
7.8303630156294e-05
7.83030170152456e-05
7.83024038837992e-05
7.83017907619547e-05
7.83011776497119e-05
7.83005645470704e-05
7.82999514540301e-05
7.82993383705908e-05
7.82987252967522e-05
7.82981122325141e-05
7.82974991778763e-05
7.82968861328385e-05
7.82962730974006e-05
7.82956600715622e-05
7.82950470553233e-05
7.82944340486835e-05
7.82938210516426e-05
7.82932080642004e-05
7.82925950863567e-05
7.82919821181113e-05
7.82913691594639e-05
7.82907562104142e-05
7.82901432709622e-05
7.82895303411075e-05
7.82889174208499e-05
7.82883045101892e-05
7.82876916091252e-05
7.82870787176577e-05
7.82864658357863e-05
7.8285852963511e-05
7.82852401008314e-05
7.82846272477474e-05
7.82840144042587e-05
7.8283401570365e-05
7.82827887460663e-05
7.82821759313622e-05
7.82815631262525e-05
7.8280950330737e-05
7.82803375448155e-05
7.82797247684877e-05
7.82791120017535e-05
7.82784992446125e-05
7.82778864970646e-05
7.82772737591095e-05
7.82766610307471e-05
7.8276048311977e-05
7.82754356027991e-05
7.82748229032132e-05
7.82742102132189e-05
7.82735975328162e-05
7.82729848620047e-05
7.82723722007843e-05
7.82717595491547e-05
7.82711469071156e-05
7.8270534274667e-05
7.82699216518084e-05
7.82693090385398e-05
7.82686964348609e-05
7.82680838407714e-05
7.82674712562712e-05
7.826685868136e-05
7.82662461160375e-05
7.82656335603037e-05
7.82650210141581e-05
7.82644084776007e-05
7.82637959506312e-05
7.82631834332493e-05
7.82625709254549e-05
7.82619584272477e-05
7.82613459386275e-05
7.8260733459594e-05
7.8260120990147e-05
7.82595085302864e-05
7.82588960800119e-05
7.82582836393232e-05
7.82576712082202e-05
7.82570587867026e-05
7.82564463747701e-05
7.82558339724226e-05
7.82552215796599e-05
7.82546091964817e-05
7.82539968228877e-05
7.82533844588778e-05
7.82527721044518e-05
7.82521597596094e-05
7.82515474243503e-05
7.82509350986744e-05
7.82503227825815e-05
7.82497104760712e-05
7.82490981791435e-05
7.8248485891798e-05
7.82478736140345e-05
7.82472613458529e-05
7.82466490872528e-05
7.82460368382341e-05
7.82454245987966e-05
7.82448123689399e-05
7.8244200148664e-05
7.82435879379685e-05
7.82429757368532e-05
7.8242363545318e-05
7.82417513633625e-05
7.82411391909866e-05
7.82405270281901e-05
7.82399148749726e-05
7.82393027313341e-05
7.82386905972742e-05
7.82380784727927e-05
7.82374663578895e-05
7.82368542525642e-05
7.82362421568167e-05
7.82356300706468e-05
7.82350179940541e-05
7.82344059270386e-05
7.82337938695999e-05
7.82331818217379e-05
7.82325697834523e-05
7.82319577547428e-05
7.82313457356093e-05
7.82307337260516e-05
7.82301217260694e-05
7.82295097356625e-05
7.82288977548306e-05
7.82282857835736e-05
7.82276738218912e-05
7.82270618697832e-05
7.82264499272494e-05
7.82258379942895e-05
7.82252260709033e-05
7.82246141570907e-05
7.82240022528513e-05
7.82233903581849e-05
7.82227784730914e-05
7.82221665975704e-05
7.82215547316218e-05
7.82209428752454e-05
7.82203310284409e-05
7.82197191912081e-05
7.82191073635468e-05
7.82184955454567e-05
7.82178837369376e-05
7.82172719379894e-05
7.82166601486116e-05
7.82160483688043e-05
7.82154365985671e-05
7.82148248378998e-05
7.82142130868021e-05
7.82136013452739e-05
7.8212989613315e-05
7.8212377890925e-05
7.82117661781038e-05
7.82111544748512e-05
7.82105427811669e-05
7.82099310970507e-05
7.82093194225024e-05
7.82087077575217e-05
7.82080961021085e-05
7.82074844562625e-05
7.82068728199834e-05
7.82062611932711e-05
7.82056495761254e-05
7.82050379685459e-05
7.82044263705326e-05
7.82038147820851e-05
7.82032032032032e-05
7.82025916338867e-05
7.82019800741355e-05
7.82013685239492e-05
7.82007569833276e-05
7.82001454522705e-05
7.81995339307778e-05
7.81989224188491e-05
7.81983109164842e-05
7.81976994236829e-05
7.81970879404451e-05
7.81964764667704e-05
7.81958650026587e-05
7.81952535481096e-05
7.81946421031231e-05
7.81940306676988e-05
7.81934192418366e-05
7.81928078255362e-05
7.81921964187974e-05
7.819158502162e-05
7.81909736340037e-05
7.81903622559483e-05
7.81897508874537e-05
7.81891395285195e-05
7.81885281791456e-05
7.81879168393316e-05
7.81873055090776e-05
7.8186694188383e-05
7.81860828772478e-05
7.81854715756718e-05
7.81848602836547e-05
7.81842490011962e-05
7.81836377282962e-05
7.81830264649545e-05
7.81824152111707e-05
7.81818039669447e-05
7.81811927322763e-05
7.81805815071653e-05
7.81799702916113e-05
7.81793590856142e-05
7.81787478891738e-05
7.81781367022898e-05
7.81775255249621e-05
7.81769143571903e-05
7.81763031989743e-05
7.81756920503139e-05
7.81750809112087e-05
7.81744697816587e-05
7.81738586616635e-05
7.8173247551223e-05
7.81726364503369e-05
7.8172025359005e-05
7.81714142772271e-05
7.81708032050029e-05
7.81701921423323e-05
7.81695810892149e-05
7.81689700456507e-05
7.81683590116393e-05
7.81677479871805e-05
7.81671369722741e-05
7.81665259669199e-05
7.81659149711177e-05
7.81653039848672e-05
7.81646930081682e-05
7.81640820410205e-05
7.81634710834239e-05
7.81628601353781e-05
7.81622491968829e-05
7.81616382679381e-05
7.81610273485435e-05
7.81604164386988e-05
7.81598055384038e-05
7.81591946476584e-05
7.81585837664622e-05
7.8157972894815e-05
7.81573620327167e-05
7.81567511801669e-05
7.81561403371656e-05
7.81555295037124e-05
7.81549186798071e-05
7.81543078654495e-05
7.81536970606395e-05
7.81530862653766e-05
7.81524754796608e-05
7.81518647034918e-05
7.81512539368694e-05
7.81506431797934e-05
7.81500324322635e-05
7.81494216942795e-05
7.81488109658411e-05
7.81482002469483e-05
7.81475895376007e-05
7.81469788377981e-05
7.81463681475403e-05
7.81457574668271e-05
7.81451467956583e-05
7.81445361340335e-05
7.81439254819527e-05
7.81433148394155e-05
7.81427042064218e-05
7.81420935829713e-05
7.81414829690638e-05
7.81408723646991e-05
7.81402617698769e-05
7.81396511845971e-05
7.81390406088594e-05
7.81384300426636e-05
7.81378194860094e-05
7.81372089388967e-05
7.81365984013252e-05
7.81359878732947e-05
7.81353773548049e-05
7.81347668458557e-05
7.81341563464469e-05
7.81335458565781e-05
7.81329353762492e-05
7.81323249054599e-05
7.81317144442101e-05
7.81311039924994e-05
7.81304935503278e-05
7.81298831176949e-05
7.81292726946005e-05
7.81286622810444e-05
7.81280518770264e-05
7.81274414825463e-05
7.81268310976039e-05
7.81262207221988e-05
7.81256103563309e-05
7.8125e-05
7.81243896532058e-05
7.81237793159482e-05
7.81231689882268e-05
7.81225586700416e-05
7.81219483613921e-05
7.81213380622783e-05
7.81207277726999e-05
7.81201174926567e-05
7.81195072221484e-05
7.81188969611749e-05
7.81182867097359e-05
7.81176764678311e-05
7.81170662354605e-05
7.81164560126236e-05
7.81158457993204e-05
7.81152355955506e-05
7.81146254013139e-05
7.81140152166102e-05
7.81134050414392e-05
7.81127948758007e-05
7.81121847196944e-05
7.81115745731202e-05
7.81109644360779e-05
7.81103543085671e-05
7.81097441905878e-05
7.81091340821396e-05
7.81085239832223e-05
7.81079138938357e-05
7.81073038139796e-05
7.81066937436538e-05
7.81060836828581e-05
7.81054736315921e-05
7.81048635898557e-05
7.81042535576488e-05
7.81036435349709e-05
7.8103033521822e-05
7.81024235182018e-05
7.810181352411e-05
7.81012035395465e-05
7.81005935645111e-05
7.80999835990034e-05
7.80993736430234e-05
7.80987636965707e-05
7.80981537596451e-05
7.80975438322465e-05
7.80969339143745e-05
7.8096324006029e-05
7.80957141072098e-05
7.80951042179166e-05
7.80944943381492e-05
7.80938844679073e-05
7.80932746071908e-05
7.80926647559995e-05
7.8092054914333e-05
7.80914450821912e-05
7.80908352595739e-05
7.80902254464809e-05
7.80896156429118e-05
7.80890058488665e-05
7.80883960643448e-05
7.80877862893465e-05
7.80871765238712e-05
7.80865667679189e-05
7.80859570214893e-05
7.80853472845821e-05
7.80847375571971e-05
7.80841278393341e-05
7.80835181309929e-05
7.80829084321733e-05
7.8082298742875e-05
7.80816890630978e-05
7.80810793928415e-05
7.80804697321059e-05
7.80798600808907e-05
7.80792504391958e-05
7.80786408070208e-05
7.80780311843657e-05
7.807742157123e-05
7.80768119676137e-05
7.80762023735165e-05
7.80755927889382e-05
7.80749832138786e-05
7.80743736483374e-05
7.80737640923144e-05
7.80731545458094e-05
7.80725450088222e-05
7.80719354813525e-05
7.80713259634002e-05
7.80707164549649e-05
7.80701069560465e-05
7.80694974666448e-05
7.80688879867595e-05
7.80682785163904e-05
7.80676690555373e-05
7.80670596042e-05
7.80664501623782e-05
7.80658407300717e-05
7.80652313072804e-05
7.80646218940039e-05
7.8064012490242e-05
7.80634030959946e-05
7.80627937112613e-05
7.80621843360421e-05
7.80615749703366e-05
7.80609656141446e-05
7.8060356267466e-05
7.80597469303005e-05
7.80591376026478e-05
7.80585282845077e-05
7.80579189758801e-05
7.80573096767647e-05
7.80567003871612e-05
7.80560911070695e-05
7.80554818364894e-05
7.80548725754205e-05
7.80542633238628e-05
7.80536540818158e-05
7.80530448492796e-05
7.80524356262537e-05
7.80518264127381e-05
7.80512172087324e-05
7.80506080142364e-05
7.804999882925e-05
7.80493896537729e-05
7.80487804878049e-05
7.80481713313457e-05
7.80475621843952e-05
7.8046953046953e-05
7.80463439190191e-05
7.80457348005931e-05
7.80451256916749e-05
7.80445165922642e-05
7.80439075023608e-05
7.80432984219645e-05
7.8042689351075e-05
7.80420802896922e-05
7.80414712378158e-05
7.80408621954455e-05
7.80402531625813e-05
7.80396441392227e-05
7.80390351253697e-05
7.8038426121022e-05
7.80378171261793e-05
7.80372081408416e-05
7.80365991650084e-05
7.80359901986796e-05
7.80353812418551e-05
7.80347722945344e-05
7.80341633567176e-05
7.80335544284042e-05
7.80329455095941e-05
7.80323366002872e-05
7.8031727700483e-05
7.80311188101815e-05
7.80305099293824e-05
7.80299010580855e-05
7.80292921962905e-05
7.80286833439973e-05
7.80280745012055e-05
7.80274656679151e-05
7.80268568441258e-05
7.80262480298372e-05
7.80256392250494e-05
7.80250304297619e-05
7.80244216439746e-05
7.80238128676872e-05
7.80232041008996e-05
7.80225953436115e-05
7.80219865958227e-05
7.8021377857533e-05
7.80207691287421e-05
7.80201604094498e-05
7.80195516996559e-05
7.80189429993602e-05
7.80183343085625e-05
7.80177256272625e-05
7.801711695546e-05
7.80165082931548e-05
7.80158996403467e-05
7.80152909970354e-05
7.80146823632208e-05
7.80140737389025e-05
7.80134651240804e-05
7.80128565187543e-05
7.80122479229239e-05
7.8011639336589e-05
7.80110307597494e-05
7.80104221924049e-05
7.80098136345552e-05
7.80092050862002e-05
7.80085965473395e-05
7.8007988017973e-05
7.80073794981005e-05
7.80067709877217e-05
7.80061624868365e-05
7.80055539954445e-05
7.80049455135456e-05
7.80043370411395e-05
7.8003728578226e-05
7.8003120124805e-05
7.80025116808761e-05
7.80019032464392e-05
7.8001294821494e-05
7.80006864060404e-05
7.8000078000078e-05
7.79994696036067e-05
7.79988612166262e-05
7.79982528391364e-05
7.7997644471137e-05
7.79970361126277e-05
7.79964277636084e-05
7.79958194240789e-05
7.79952110940388e-05
7.79946027734881e-05
7.79939944624264e-05
7.79933861608536e-05
7.79927778687694e-05
7.79921695861735e-05
7.79915613130659e-05
7.79909530494463e-05
7.79903447953143e-05
7.79897365506699e-05
7.79891283155128e-05
7.79885200898428e-05
7.79879118736596e-05
7.7987303666963e-05
7.79866954697529e-05
7.79860872820289e-05
7.79854791037909e-05
7.79848709350386e-05
7.79842627757718e-05
7.79836546259904e-05
7.7983046485694e-05
7.79824383548825e-05
7.79818302335556e-05
7.79812221217131e-05
7.79806140193548e-05
7.79800059264805e-05
7.79793978430899e-05
7.79787897691828e-05
7.7978181704759e-05
7.79775736498183e-05
7.79769656043605e-05
7.79763575683853e-05
7.79757495418925e-05
7.79751415248819e-05
7.79745335173532e-05
7.79739255193063e-05
7.7973317530741e-05
7.79727095516569e-05
7.79721015820539e-05
7.79714936219318e-05
7.79708856712903e-05
7.79702777301293e-05
7.79696697984484e-05
7.79690618762475e-05
7.79684539635264e-05
7.79678460602847e-05
7.79672381665224e-05
7.79666302822392e-05
7.79660224074348e-05
7.79654145421091e-05
7.79648066862618e-05
7.79641988398927e-05
7.79635910030016e-05
7.79629831755882e-05
7.79623753576524e-05
7.79617675491939e-05
7.79611597502124e-05
7.79605519607079e-05
7.795994418068e-05
7.79593364101285e-05
7.79587286490532e-05
7.79581208974539e-05
7.79575131553303e-05
7.79569054226823e-05
7.79562976995097e-05
7.79556899858121e-05
7.79550822815893e-05
7.79544745868413e-05
7.79538669015677e-05
7.79532592257682e-05
7.79526515594428e-05
7.79520439025911e-05
7.7951436255213e-05
7.79508286173082e-05
7.79502209888765e-05
7.79496133699177e-05
7.79490057604315e-05
7.79483981604178e-05
7.79477905698763e-05
7.79471829888068e-05
7.7946575417209e-05
7.79459678550829e-05
7.7945360302428e-05
7.79447527592442e-05
7.79441452255314e-05
7.79435377012892e-05
7.79429301865174e-05
7.79423226812159e-05
7.79417151853844e-05
7.79411076990226e-05
7.79405002221304e-05
7.79398927547076e-05
7.79392852967538e-05
7.7938677848269e-05
7.79380704092528e-05
7.79374629797051e-05
7.79368555596256e-05
7.79362481490141e-05
7.79356407478704e-05
7.79350333561943e-05
7.79344259739855e-05
7.79338186012438e-05
7.79332112379691e-05
7.7932603884161e-05
7.79319965398194e-05
7.7931389204944e-05
7.79307818795346e-05
7.7930174563591e-05
7.7929567257113e-05
7.79289599601004e-05
7.79283526725529e-05
7.79277453944702e-05
7.79271381258523e-05
7.79265308666989e-05
7.79259236170097e-05
7.79253163767845e-05
7.79247091460231e-05
7.79241019247253e-05
7.79234947128909e-05
7.79228875105196e-05
7.79222803176112e-05
7.79216731341655e-05
7.79210659601823e-05
7.79204587956614e-05
7.79198516406025e-05
7.79192444950054e-05
7.79186373588699e-05
7.79180302321957e-05
7.79174231149827e-05
7.79168160072307e-05
7.79162089089393e-05
7.79156018201085e-05
7.79149947407379e-05
7.79143876708273e-05
7.79137806103766e-05
7.79131735593854e-05
7.79125665178537e-05
7.79119594857811e-05
7.79113524631674e-05
7.79107454500125e-05
7.7910138446316e-05
7.79095314520779e-05
7.79089244672977e-05
7.79083174919754e-05
7.79077105261108e-05
7.79071035697035e-05
7.79064966227534e-05
7.79058896852602e-05
7.79052827572238e-05
7.79046758386438e-05
7.79040689295202e-05
7.79034620298526e-05
7.79028551396409e-05
7.79022482588848e-05
7.7901641387584e-05
7.79010345257385e-05
7.79004276733479e-05
7.78998208304121e-05
7.78992139969308e-05
7.78986071729037e-05
7.78980003583308e-05
7.78973935532117e-05
7.78967867575463e-05
7.78961799713342e-05
7.78955731945754e-05
7.78949664272695e-05
7.78943596694163e-05
7.78937529210157e-05
7.78931461820674e-05
7.78925394525712e-05
7.78919327325269e-05
7.78913260219342e-05
7.78907193207929e-05
7.78901126291029e-05
7.78895059468638e-05
7.78888992740755e-05
7.78882926107377e-05
7.78876859568502e-05
7.78870793124129e-05
7.78864726774254e-05
7.78858660518876e-05
7.78852594357992e-05
7.788465282916e-05
7.78840462319698e-05
7.78834396442285e-05
7.78828330659356e-05
7.78822264970911e-05
7.78816199376947e-05
7.78810133877462e-05
7.78804068472454e-05
7.7879800316192e-05
7.78791937945858e-05
7.78785872824267e-05
7.78779807797143e-05
7.78773742864486e-05
7.78767678026291e-05
7.78761613282558e-05
7.78755548633284e-05
7.78749484078467e-05
7.78743419618104e-05
7.78737355252194e-05
7.78731290980734e-05
7.78725226803722e-05
7.78719162721156e-05
7.78713098733034e-05
7.78707034839353e-05
7.78700971040111e-05
7.78694907335306e-05
7.78688843724936e-05
7.78682780208998e-05
7.78676716787491e-05
7.78670653460412e-05
7.78664590227759e-05
7.7865852708953e-05
7.78652464045722e-05
7.78646401096334e-05
7.78640338241363e-05
7.78634275480807e-05
7.78628212814663e-05
7.7862215024293e-05
7.78616087765605e-05
7.78610025382687e-05
7.78603963094172e-05
7.78597900900059e-05
7.78591838800346e-05
7.78585776795029e-05
7.78579714884108e-05
7.7857365306758e-05
7.78567591345443e-05
7.78561529717694e-05
7.78555468184331e-05
7.78549406745352e-05
7.78543345400755e-05
7.78537284150538e-05
7.78531222994698e-05
7.78525161933234e-05
7.78519100966142e-05
7.78513040093422e-05
7.7850697931507e-05
7.78500918631084e-05
7.78494858041463e-05
7.78488797546203e-05
7.78482737145304e-05
7.78476676838762e-05
7.78470616626575e-05
7.78464556508742e-05
7.7845849648526e-05
7.78452436556126e-05
7.7844637672134e-05
7.78440316980897e-05
7.78434257334797e-05
7.78428197783036e-05
7.78422138325614e-05
7.78416078962527e-05
7.78410019693774e-05
7.78403960519351e-05
7.78397901439258e-05
7.78391842453491e-05
7.78385783562049e-05
7.78379724764929e-05
7.7837366606213e-05
7.78367607453648e-05
7.78361548939482e-05
7.7835549051963e-05
7.78349432194089e-05
7.78343373962857e-05
7.78337315825933e-05
7.78331257783313e-05
7.78325199834995e-05
7.78319141980978e-05
7.78313084221259e-05
7.78307026555836e-05
7.78300968984706e-05
7.78294911507869e-05
7.7828885412532e-05
7.78282796837059e-05
7.78276739643082e-05
7.78270682543389e-05
7.78264625537975e-05
7.78258568626841e-05
7.78252511809982e-05
7.78246455087397e-05
7.78240398459084e-05
7.7823434192504e-05
7.78228285485264e-05
7.78222229139753e-05
7.78216172888505e-05
7.78210116731518e-05
7.78204060668789e-05
7.78198004700316e-05
7.78191948826097e-05
7.78185893046131e-05
7.78179837360414e-05
7.78173781768945e-05
7.78167726271721e-05
7.7816167086874e-05
7.7815561556e-05
7.78149560345498e-05
7.78143505225234e-05
7.78137450199203e-05
7.78131395267405e-05
7.78125340429836e-05
7.78119285686496e-05
7.78113231037381e-05
7.78107176482489e-05
7.78101122021818e-05
7.78095067655366e-05
7.78089013383131e-05
7.7808295920511e-05
7.78076905121302e-05
7.78070851131704e-05
7.78064797236314e-05
7.78058743435129e-05
7.78052689728148e-05
7.78046636115369e-05
7.78040582596788e-05
7.78034529172405e-05
7.78028475842216e-05
7.78022422606219e-05
7.78016369464414e-05
7.78010316416796e-05
7.78004263463364e-05
7.77998210604116e-05
7.77992157839049e-05
7.77986105168162e-05
7.77980052591452e-05
7.77974000108916e-05
7.77967947720554e-05
7.77961895426362e-05
7.77955843226339e-05
7.77949791120481e-05
7.77943739108788e-05
7.77937687191256e-05
7.77931635367884e-05
7.77925583638669e-05
7.7791953200361e-05
7.77913480462703e-05
7.77907429015947e-05
7.7790137766334e-05
7.77895326404879e-05
7.77889275240562e-05
7.77883224170388e-05
7.77877173194353e-05
7.77871122312455e-05
7.77865071524693e-05
7.77859020831065e-05
7.77852970231567e-05
7.77846919726198e-05
7.77840869314956e-05
7.77834818997838e-05
7.77828768774842e-05
7.77822718645966e-05
7.77816668611208e-05
7.77810618670566e-05
7.77804568824037e-05
7.7779851907162e-05
7.77792469413311e-05
7.77786419849109e-05
7.77780370379012e-05
7.77774321003018e-05
7.77768271721123e-05
7.77762222533327e-05
7.77756173439627e-05
7.7775012444002e-05
7.77744075534505e-05
7.77738026723079e-05
7.7773197800574e-05
7.77725929382486e-05
7.77719880853314e-05
7.77713832418223e-05
7.77707784077211e-05
7.77701735830274e-05
7.77695687677412e-05
7.77689639618621e-05
7.776835916539e-05
7.77677543783246e-05
7.77671496006657e-05
7.77665448324131e-05
7.77659400735666e-05
7.77653353241259e-05
7.77647305840909e-05
7.77641258534613e-05
7.77635211322369e-05
7.77629164204174e-05
7.77623117180027e-05
7.77617070249926e-05
7.77611023413868e-05
7.77604976671851e-05
7.77598930023872e-05
7.77592883469931e-05
7.77586837010023e-05
7.77580790644148e-05
7.77574744372303e-05
7.77568698194485e-05
7.77562652110694e-05
7.77556606120926e-05
7.77550560225179e-05
7.77544514423451e-05
7.7753846871574e-05
7.77532423102043e-05
7.77526377582359e-05
7.77520332156686e-05
7.7751428682502e-05
7.77508241587361e-05
7.77502196443705e-05
7.77496151394051e-05
7.77490106438396e-05
7.77484061576738e-05
7.77478016809075e-05
7.77471972135404e-05
7.77465927555725e-05
7.77459883070034e-05
7.77453838678328e-05
7.77447794380607e-05
7.77441750176868e-05
7.77435706067108e-05
7.77429662051326e-05
7.77423618129519e-05
7.77417574301685e-05
7.77411530567821e-05
7.77405486927927e-05
7.77399443381999e-05
7.77393399930035e-05
7.77387356572033e-05
7.77381313307991e-05
7.77375270137906e-05
7.77369227061778e-05
7.77363184079602e-05
7.77357141191378e-05
7.77351098397102e-05
7.77345055696773e-05
7.77339013090389e-05
7.77332970577947e-05
7.77326928159445e-05
7.77320885834882e-05
7.77314843604253e-05
7.77308801467559e-05
7.77302759424796e-05
7.77296717475962e-05
7.77290675621055e-05
7.77284633860073e-05
7.77278592193014e-05
7.77272550619875e-05
7.77266509140654e-05
7.7726046775535e-05
7.77254426463959e-05
7.7724838526648e-05
7.7724234416291e-05
7.77236303153248e-05
7.7723026223749e-05
7.77224221415636e-05
7.77218180687683e-05
7.77212140053628e-05
7.77206099513469e-05
7.77200059067204e-05
7.77194018714832e-05
7.77187978456349e-05
7.77181938291754e-05
7.77175898221044e-05
7.77169858244218e-05
7.77163818361272e-05
7.77157778572206e-05
7.77151738877016e-05
7.771456992757e-05
7.77139659768257e-05
7.77133620354684e-05
7.77127581034979e-05
7.77121541809139e-05
7.77115502677163e-05
7.77109463639048e-05
7.77103424694793e-05
7.77097385844394e-05
7.7709134708785e-05
7.77085308425159e-05
7.77079269856318e-05
7.77073231381325e-05
7.77067193000179e-05
7.77061154712876e-05
7.77055116519415e-05
7.77049078419793e-05
7.77043040414008e-05
7.77037002502059e-05
7.77030964683943e-05
7.77024926959657e-05
7.770188893292e-05
7.77012851792569e-05
7.77006814349762e-05
7.77000777000777e-05
7.76994739745612e-05
7.76988702584264e-05
7.76982665516732e-05
7.76976628543013e-05
7.76970591663106e-05
7.76964554877007e-05
7.76958518184714e-05
7.76952481586226e-05
7.76946445081541e-05
7.76940408670655e-05
7.76934372353567e-05
7.76928336130275e-05
7.76922300000777e-05
7.7691626396507e-05
7.76910228023152e-05
7.76904192175021e-05
7.76898156420675e-05
7.76892120760111e-05
7.76886085193328e-05
7.76880049720323e-05
7.76874014341094e-05
7.76867979055639e-05
7.76861943863956e-05
7.76855908766042e-05
7.76849873761896e-05
7.76843838851514e-05
7.76837804034896e-05
7.76831769312038e-05
7.76825734682939e-05
7.76819700147596e-05
7.76813665706007e-05
7.7680763135817e-05
7.76801597104084e-05
7.76795562943744e-05
7.76789528877151e-05
7.767834949043e-05
7.76777461025191e-05
7.7677142723982e-05
7.76765393548187e-05
7.76759359950287e-05
7.76753326446121e-05
7.76747293035684e-05
7.76741259718975e-05
7.76735226495992e-05
7.76729193366733e-05
7.76723160331195e-05
7.76717127389376e-05
7.76711094541274e-05
7.76705061786888e-05
7.76699029126214e-05
7.7669299655925e-05
7.76686964085995e-05
7.76680931706446e-05
7.76674899420601e-05
7.76668867228457e-05
7.76662835130013e-05
7.76656803125267e-05
7.76650771214216e-05
7.76644739396858e-05
7.7663870767319e-05
7.76632676043212e-05
7.7662664450692e-05
7.76620613064312e-05
7.76614581715386e-05
7.76608550460141e-05
7.76602519298573e-05
7.7659648823068e-05
7.76590457256461e-05
7.76584426375913e-05
7.76578395589035e-05
7.76572364895823e-05
7.76566334296276e-05
7.76560303790391e-05
7.76554273378166e-05
7.765482430596e-05
7.7654221283469e-05
7.76536182703433e-05
7.76530152665828e-05
7.76524122721872e-05
7.76518092871564e-05
7.765120631149e-05
7.7650603345188e-05
7.765000038825e-05
7.76493974406759e-05
7.76487945024653e-05
7.76481915736183e-05
7.76475886541343e-05
7.76469857440134e-05
7.76463828432552e-05
7.76457799518596e-05
7.76451770698263e-05
7.76445741971551e-05
7.76439713338458e-05
7.76433684798981e-05
7.76427656353119e-05
7.7642162800087e-05
7.7641559974223e-05
7.76409571577198e-05
7.76403543505773e-05
7.7639751552795e-05
7.7639148764373e-05
7.76385459853108e-05
7.76379432156083e-05
7.76373404552654e-05
7.76367377042817e-05
7.7636134962657e-05
7.76355322303912e-05
7.7634929507484e-05
7.76343267939352e-05
7.76337240897446e-05
7.76331213949119e-05
7.7632518709437e-05
7.76319160333196e-05
7.76313133665595e-05
7.76307107091565e-05
7.76301080611104e-05
7.7629505422421e-05
7.76289027930879e-05
7.76283001731111e-05
7.76276975624903e-05
7.76270949612253e-05
7.76264923693158e-05
7.76258897867617e-05
7.76252872135627e-05
7.76246846497186e-05
7.76240820952292e-05
7.76234795500943e-05
7.76228770143137e-05
7.7622274487887e-05
7.76216719708142e-05
7.76210694630951e-05
7.76204669647293e-05
7.76198644757166e-05
7.76192619960569e-05
7.761865952575e-05
7.76180570647956e-05
7.76174546131934e-05
7.76168521709434e-05
7.76162497380452e-05
7.76156473144986e-05
7.76150449003035e-05
7.76144424954596e-05
7.76138400999666e-05
7.76132377138245e-05
7.76126353370329e-05
7.76120329695916e-05
7.76114306115005e-05
7.76108282627592e-05
7.76102259233677e-05
7.76096235933256e-05
7.76090212726327e-05
7.76084189612889e-05
7.76078166592939e-05
7.76072143666475e-05
7.76066120833495e-05
7.76060098093996e-05
7.76054075447977e-05
7.76048052895435e-05
7.76042030436368e-05
7.76036008070775e-05
7.76029985798651e-05
7.76023963619997e-05
7.76017941534808e-05
7.76011919543084e-05
7.76005897644822e-05
7.7599987584002e-05
7.75993854128675e-05
7.75987832510786e-05
7.7598181098635e-05
7.75975789555366e-05
7.7596976821783e-05
7.75963746973741e-05
7.75957725823097e-05
7.75951704765895e-05
7.75945683802134e-05
7.7593966293181e-05
7.75933642154923e-05
7.75927621471469e-05
7.75921600881447e-05
7.75915580384854e-05
7.75909559981689e-05
7.75903539671948e-05
7.7589751945563e-05
7.75891499332733e-05
7.75885479303255e-05
7.75879459367193e-05
7.75873439524545e-05
7.75867419775309e-05
7.75861400119483e-05
7.75855380557064e-05
7.75849361088051e-05
7.75843341712441e-05
7.75837322430233e-05
7.75831303241423e-05
7.7582528414601e-05
7.75819265143992e-05
7.75813246235366e-05
7.75807227420131e-05
7.75801208698283e-05
7.75795190069822e-05
7.75789171534744e-05
7.75783153093047e-05
7.75777134744731e-05
7.75771116489791e-05
7.75765098328226e-05
7.75759080260034e-05
7.75753062285213e-05
7.75747044403761e-05
7.75741026615675e-05
7.75735008920953e-05
7.75728991319593e-05
7.75722973811592e-05
7.7571695639695e-05
7.75710939075663e-05
7.75704921847729e-05
7.75698904713146e-05
7.75692887671913e-05
7.75686870724026e-05
7.75680853869484e-05
7.75674837108284e-05
7.75668820440425e-05
7.75662803865903e-05
7.75656787384718e-05
7.75650770996866e-05
7.75644754702346e-05
7.75638738501156e-05
7.75632722393292e-05
7.75626706378754e-05
7.75620690457539e-05
7.75614674629644e-05
7.75608658895068e-05
7.75602643253808e-05
7.75596627705863e-05
7.75590612251229e-05
7.75584596889906e-05
7.7557858162189e-05
7.7557256644718e-05
7.75566551365773e-05
7.75560536377667e-05
7.7555452148286e-05
7.7554850668135e-05
7.75542491973135e-05
7.75536477358213e-05
7.7553046283658e-05
7.75524448408236e-05
7.75518434073178e-05
7.75512419831404e-05
7.75506405682911e-05
7.75500391627698e-05
7.75494377665762e-05
7.75488363797101e-05
7.75482350021714e-05
7.75476336339597e-05
7.75470322750748e-05
7.75464309255167e-05
7.75458295852849e-05
7.75452282543794e-05
7.75446269327998e-05
7.75440256205461e-05
7.75434243176179e-05
7.7542823024015e-05
7.75422217397373e-05
7.75416204647845e-05
7.75410191991564e-05
7.75404179428527e-05
7.75398166958733e-05
7.7539215458218e-05
7.75386142298865e-05
7.75380130108786e-05
7.75374118011941e-05
7.75368106008328e-05
7.75362094097944e-05
7.75356082280788e-05
7.75350070556856e-05
7.75344058926149e-05
7.75338047388661e-05
7.75332035944393e-05
7.75326024593341e-05
7.75320013335504e-05
7.75314002170879e-05
7.75307991099464e-05
7.75301980121257e-05
7.75295969236256e-05
7.75289958444458e-05
7.75283947745862e-05
7.75277937140465e-05
7.75271926628265e-05
7.7526591620926e-05
7.75259905883447e-05
7.75253895650826e-05
7.75247885511392e-05
7.75241875465145e-05
7.75235865512082e-05
7.75229855652201e-05
7.75223845885499e-05
7.75217836211976e-05
7.75211826631627e-05
7.75205817144452e-05
7.75199807750448e-05
7.75193798449612e-05
7.75187789241944e-05
7.7518178012744e-05
7.75175771106098e-05
7.75169762177917e-05
7.75163753342894e-05
7.75157744601026e-05
7.75151735952313e-05
7.75145727396751e-05
7.75139718934338e-05
7.75133710565072e-05
7.75127702288952e-05
7.75121694105975e-05
7.75115686016138e-05
7.7510967801944e-05
7.75103670115878e-05
7.7509766230545e-05
7.75091654588155e-05
7.7508564696399e-05
7.75079639432952e-05
7.75073631995039e-05
7.75067624650251e-05
7.75061617398583e-05
7.75055610240035e-05
7.75049603174603e-05
7.75043596202286e-05
7.75037589323082e-05
7.75031582536988e-05
7.75025575844003e-05
7.75019569244123e-05
7.75013562737348e-05
7.75007556323674e-05
7.750015500031e-05
7.74995543775623e-05
7.74989537641242e-05
7.74983531599954e-05
7.74977525651756e-05
7.74971519796647e-05
7.74965514034625e-05
7.74959508365688e-05
7.74953502789833e-05
7.74947497307057e-05
7.7494149191736e-05
7.74935486620739e-05
7.74929481417191e-05
7.74923476306715e-05
7.74917471289308e-05
7.74911466364968e-05
7.74905461533693e-05
7.74899456795481e-05
7.74893452150329e-05
7.74887447598236e-05
7.748814431392e-05
7.74875438773217e-05
7.74869434500287e-05
7.74863430320406e-05
7.74857426233573e-05
7.74851422239785e-05
7.74845418339041e-05
7.74839414531338e-05
7.74833410816674e-05
7.74827407195047e-05
7.74821403666455e-05
7.74815400230895e-05
7.74809396888365e-05
7.74803393638864e-05
7.74797390482389e-05
7.74791387418937e-05
7.74785384448508e-05
7.74779381571098e-05
7.74773378786705e-05
7.74767376095327e-05
7.74761373496963e-05
7.74755370991609e-05
7.74749368579265e-05
7.74743366259926e-05
7.74737364033593e-05
7.74731361900261e-05
7.7472535985993e-05
7.74719357912596e-05
7.74713356058258e-05
7.74707354296914e-05
7.74701352628562e-05
7.74695351053198e-05
7.74689349570822e-05
7.74683348181431e-05
7.74677346885022e-05
7.74671345681595e-05
7.74665344571145e-05
7.74659343553672e-05
7.74653342629173e-05
7.74647341797647e-05
7.7464134105909e-05
7.746353404135e-05
7.74629339860877e-05
7.74623339401216e-05
7.74617339034517e-05
7.74611338760777e-05
7.74605338579993e-05
7.74599338492165e-05
7.74593338497289e-05
7.74587338595363e-05
7.74581338786386e-05
7.74575339070355e-05
7.74569339447267e-05
7.74563339917122e-05
7.74557340479916e-05
7.74551341135647e-05
7.74545341884314e-05
7.74539342725914e-05
7.74533343660445e-05
7.74527344687904e-05
7.7452134580829e-05
7.74515347021601e-05
7.74509348327834e-05
7.74503349726988e-05
7.74497351219059e-05
7.74491352804046e-05
7.74485354481947e-05
7.74479356252759e-05
7.74473358116481e-05
7.7446736007311e-05
7.74461362122644e-05
7.74455364265081e-05
7.74449366500418e-05
7.74443368828654e-05
7.74437371249787e-05
7.74431373763814e-05
7.74425376370733e-05
7.74419379070542e-05
7.74413381863239e-05
7.74407384748821e-05
7.74401387727287e-05
7.74395390798634e-05
7.7438939396286e-05
7.74383397219964e-05
7.74377400569942e-05
7.74371404012793e-05
7.74365407548514e-05
7.74359411177104e-05
7.7435341489856e-05
7.7434741871288e-05
7.74341422620062e-05
7.74335426620103e-05
7.74329430713003e-05
7.74323434898757e-05
7.74317439177365e-05
7.74311443548824e-05
7.74305448013132e-05
7.74299452570287e-05
7.74293457220286e-05
7.74287461963128e-05
7.74281466798811e-05
7.74275471727331e-05
7.74269476748688e-05
7.74263481862878e-05
7.742574870699e-05
7.74251492369752e-05
7.74245497762431e-05
7.74239503247935e-05
7.74233508826262e-05
7.7422751449741e-05
7.74221520261377e-05
7.74215526118161e-05
7.74209532067759e-05
7.74203538110169e-05
7.7419754424539e-05
7.74191550473418e-05
7.74185556794252e-05
7.7417956320789e-05
7.7417356971433e-05
7.74167576313569e-05
7.74161583005605e-05
7.74155589790436e-05
7.7414959666806e-05
7.74143603638475e-05
7.74137610701678e-05
7.74131617857668e-05
7.74125625106442e-05
7.74119632447998e-05
7.74113639882335e-05
7.74107647409449e-05
7.74101655029338e-05
7.74095662742002e-05
7.74089670547436e-05
7.7408367844564e-05
7.74077686436611e-05
7.74071694520347e-05
7.74065702696845e-05
7.74059710966104e-05
7.74053719328121e-05
7.74047727782895e-05
7.74041736330423e-05
7.74035744970703e-05
7.74029753703732e-05
7.7402376252951e-05
7.74017771448032e-05
7.74011780459299e-05
7.74005789563306e-05
7.73999798760052e-05
7.73993808049536e-05
7.73987817431754e-05
7.73981826906704e-05
7.73975836474385e-05
7.73969846134795e-05
7.7396385588793e-05
7.73957865733789e-05
7.73951875672371e-05
7.73945885703672e-05
7.7393989582769e-05
7.73933906044424e-05
7.73927916353871e-05
7.73921926756029e-05
7.73915937250896e-05
7.73909947838469e-05
7.73903958518748e-05
7.73897969291729e-05
7.7389198015741e-05
7.73885991115789e-05
7.73880002166864e-05
7.73874013310633e-05
7.73868024547094e-05
7.73862035876244e-05
7.73856047298082e-05
7.73850058812604e-05
7.7384407041981e-05
7.73838082119697e-05
7.73832093912263e-05
7.73826105797505e-05
7.73820117775422e-05
7.73814129846011e-05
7.7380814200927e-05
7.73802154265197e-05
7.73796166613791e-05
7.73790179055047e-05
7.73784191588966e-05
7.73778204215544e-05
7.73772216934779e-05
7.73766229746669e-05
7.73760242651212e-05
7.73754255648406e-05
7.73748268738249e-05
7.73742281920738e-05
7.73736295195871e-05
7.73730308563647e-05
7.73724322024063e-05
7.73718335577117e-05
7.73712349222806e-05
7.73706362961129e-05
7.73700376792083e-05
7.73694390715667e-05
7.73688404731878e-05
7.73682418840714e-05
7.73676433042173e-05
7.73670447336253e-05
7.73664461722951e-05
7.73658476202265e-05
7.73652490774194e-05
7.73646505438735e-05
7.73640520195886e-05
7.73634535045644e-05
7.73628549988009e-05
7.73622565022977e-05
7.73616580150546e-05
7.73610595370714e-05
7.7360461068348e-05
7.7359862608884e-05
7.73592641586793e-05
7.73586657177337e-05
7.73580672860469e-05
7.73574688636188e-05
7.73568704504491e-05
7.73562720465375e-05
7.7355673651884e-05
7.73550752664882e-05
7.735447689035e-05
7.73538785234692e-05
7.73532801658454e-05
7.73526818174786e-05
7.73520834783685e-05
7.73514851485149e-05
7.73508868279175e-05
7.73502885165762e-05
7.73496902144907e-05
7.73490919216608e-05
7.73484936380864e-05
7.73478953637672e-05
7.73472970987029e-05
7.73466988428934e-05
7.73461005963384e-05
7.73455023590378e-05
7.73449041309913e-05
7.73443059121987e-05
7.73437077026599e-05
7.73431095023744e-05
7.73425113113423e-05
7.73419131295632e-05
7.73413149570369e-05
7.73407167937632e-05
7.7340118639742e-05
7.73395204949729e-05
7.73389223594558e-05
7.73383242331905e-05
7.73377261161767e-05
7.73371280084143e-05
7.73365299099029e-05
7.73359318206425e-05
7.73353337406328e-05
7.73347356698735e-05
7.73341376083645e-05
7.73335395561055e-05
7.73329415130963e-05
7.73323434793368e-05
7.73317454548267e-05
7.73311474395657e-05
7.73305494335537e-05
7.73299514367905e-05
7.73293534492758e-05
7.73287554710095e-05
7.73281575019912e-05
7.73275595422209e-05
7.73269615916982e-05
7.7326363650423e-05
7.7325765718395e-05
7.73251677956141e-05
7.732456988208e-05
7.73239719777926e-05
7.73233740827515e-05
7.73227761969566e-05
7.73221783204076e-05
7.73215804531045e-05
7.73209825950468e-05
7.73203847462345e-05
7.73197869066673e-05
7.7319189076345e-05
7.73185912552673e-05
7.73179934434342e-05
7.73173956408452e-05
7.73167978475004e-05
7.73162000633993e-05
7.73156022885418e-05
7.73150045229278e-05
7.73144067665569e-05
7.7313809019429e-05
7.73132112815438e-05
7.73126135529012e-05
7.73120158335008e-05
7.73114181233426e-05
7.73108204224263e-05
7.73102227307517e-05
7.73096250483185e-05
7.73090273751266e-05
7.73084297111757e-05
7.73078320564656e-05
7.73072344109962e-05
7.73066367747671e-05
7.73060391477782e-05
7.73054415300293e-05
7.73048439215201e-05
7.73042463222505e-05
7.73036487322202e-05
7.73030511514289e-05
7.73024535798766e-05
7.7301856017563e-05
7.73012584644878e-05
7.73006609206509e-05
7.7300063386052e-05
7.72994658606909e-05
7.72988683445674e-05
7.72982708376814e-05
7.72976733400325e-05
7.72970758516205e-05
7.72964783724453e-05
7.72958809025067e-05
7.72952834418044e-05
7.72946859903382e-05
7.72940885481078e-05
7.72934911151132e-05
7.7292893691354e-05
7.72922962768301e-05
7.72916988715412e-05
7.72911014754871e-05
7.72905040886677e-05
7.72899067110826e-05
7.72893093427317e-05
7.72887119836148e-05
7.72881146337316e-05
7.7287517293082e-05
7.72869199616657e-05
7.72863226394825e-05
7.72857253265322e-05
7.72851280228146e-05
7.72845307283294e-05
7.72839334430765e-05
7.72833361670557e-05
7.72827389002666e-05
7.72821416427092e-05
7.72815443943832e-05
7.72809471552883e-05
7.72803499254245e-05
7.72797527047913e-05
7.72791554933888e-05
7.72785582912165e-05
7.72779610982744e-05
7.72773639145622e-05
7.72767667400796e-05
7.72761695748265e-05
7.72755724188027e-05
7.72749752720079e-05
7.7274378134442e-05
7.72737810061046e-05
7.72731838869957e-05
7.72725867771149e-05
7.72719896764622e-05
7.72713925850372e-05
7.72707955028397e-05
7.72701984298696e-05
7.72696013661266e-05
7.72690043116104e-05
7.7268407266321e-05
7.72678102302581e-05
7.72672132034214e-05
7.72666161858108e-05
7.7266019177426e-05
7.72654221782668e-05
7.7264825188333e-05
7.72642282076244e-05
7.72636312361408e-05
7.7263034273882e-05
7.72624373208477e-05
7.72618403770378e-05
7.7261243442452e-05
7.72606465170901e-05
7.72600496009518e-05
7.72594526940371e-05
7.72588557963457e-05
7.72582589078773e-05
7.72576620286317e-05
7.72570651586088e-05
7.72564682978082e-05
7.72558714462299e-05
7.72552746038736e-05
7.7254677770739e-05
7.7254080946826e-05
7.72534841321344e-05
7.72528873266638e-05
7.72522905304142e-05
7.72516937433853e-05
7.72510969655769e-05
7.72505001969888e-05
7.72499034376207e-05
7.72493066874725e-05
7.72487099465439e-05
7.72481132148347e-05
7.72475164923448e-05
7.72469197790738e-05
7.72463230750216e-05
7.7245726380188e-05
7.72451296945728e-05
7.72445330181756e-05
7.72439363509964e-05
7.7243339693035e-05
7.7242743044291e-05
7.72421464047643e-05
7.72415497744547e-05
7.72409531533619e-05
7.72403565414858e-05
7.72397599388261e-05
7.72391633453826e-05
7.72385667611552e-05
7.72379701861435e-05
7.72373736203474e-05
7.72367770637667e-05
7.72361805164011e-05
7.72355839782505e-05
7.72349874493145e-05
7.72343909295931e-05
7.7233794419086e-05
7.7233197917793e-05
7.72326014257138e-05
7.72320049428483e-05
7.72314084691963e-05
7.72308120047574e-05
7.72302155495316e-05
7.72296191035186e-05
7.72290226667182e-05
7.72284262391301e-05
7.72278298207542e-05
7.72272334115903e-05
7.72266370116381e-05
7.72260406208974e-05
7.7225444239368e-05
7.72248478670497e-05
7.72242515039423e-05
7.72236551500456e-05
7.72230588053593e-05
7.72224624698832e-05
7.72218661436172e-05
7.7221269826561e-05
7.72206735187144e-05
7.72200772200772e-05
7.72194809306492e-05
7.72188846504301e-05
7.72182883794198e-05
7.7217692117618e-05
7.72170958650245e-05
7.72164996216391e-05
7.72159033874617e-05
7.72153071624919e-05
7.72147109467296e-05
7.72141147401745e-05
7.72135185428265e-05
7.72129223546853e-05
7.72123261757507e-05
7.72117300060225e-05
7.72111338455005e-05
7.72105376941845e-05
7.72099415520742e-05
7.72093454191695e-05
7.72087492954702e-05
7.72081531809759e-05
7.72075570756866e-05
7.72069609796019e-05
7.72063648927218e-05
7.72057688150459e-05
7.7205172746574e-05
7.7204576687306e-05
7.72039806372417e-05
7.72033845963807e-05
7.7202788564723e-05
7.72021925422682e-05
7.72015965290162e-05
7.72010005249668e-05
7.72004045301197e-05
7.71998085444748e-05
7.71992125680318e-05
7.71986166007905e-05
7.71980206427507e-05
7.71974246939122e-05
7.71968287542748e-05
7.71962328238382e-05
7.71956369026023e-05
7.71950409905668e-05
7.71944450877315e-05
7.71938491940962e-05
7.71932533096607e-05
7.71926574344248e-05
7.71920615683883e-05
7.71914657115509e-05
7.71908698639125e-05
7.71902740254728e-05
7.71896781962316e-05
7.71890823761887e-05
7.71884865653439e-05
7.7187890763697e-05
7.71872949712477e-05
7.71866991879959e-05
7.71861034139414e-05
7.71855076490838e-05
7.71849118934231e-05
7.71843161469589e-05
7.71837204096912e-05
7.71831246816196e-05
7.7182528962744e-05
7.71819332530641e-05
7.71813375525798e-05
7.71807418612908e-05
7.71801461791969e-05
7.71795505062979e-05
7.71789548425935e-05
7.71783591880837e-05
7.71777635427681e-05
7.71771679066465e-05
7.71765722797188e-05
7.71759766619847e-05
7.71753810534439e-05
7.71747854540964e-05
7.71741898639419e-05
7.71735942829801e-05
7.71729987112109e-05
7.7172403148634e-05
7.71718075952493e-05
7.71712120510565e-05
7.71706165160554e-05
7.71700209902457e-05
7.71694254736274e-05
7.71688299662001e-05
7.71682344679636e-05
7.71676389789178e-05
7.71670434990624e-05
7.71664480283973e-05
7.71658525669221e-05
7.71652571146367e-05
7.71646616715409e-05
7.71640662376345e-05
7.71634708129172e-05
7.71628753973888e-05
7.71622799910492e-05
7.71616845938981e-05
7.71610892059352e-05
7.71604938271605e-05
7.71598984575736e-05
7.71593030971744e-05
7.71587077459627e-05
7.71581124039381e-05
7.71575170711007e-05
7.715692174745e-05
7.71563264329859e-05
7.71557311277082e-05
7.71551358316166e-05
7.71545405447111e-05
7.71539452669912e-05
7.71533499984569e-05
7.7152754739108e-05
7.71521594889441e-05
7.71515642479651e-05
7.71509690161708e-05
7.7150373793561e-05
7.71497785801355e-05
7.7149183375894e-05
7.71485881808363e-05
7.71479929949622e-05
7.71473978182716e-05
7.71468026507641e-05
7.71462074924397e-05
7.7145612343298e-05
7.71450172033388e-05
7.7144422072562e-05
7.71438269509674e-05
7.71432318385547e-05
7.71426367353236e-05
7.71420416412741e-05
7.71414465564058e-05
7.71408514807186e-05
7.71402564142123e-05
7.71396613568866e-05
7.71390663087414e-05
7.71384712697764e-05
7.71378762399914e-05
7.71372812193861e-05
7.71366862079605e-05
7.71360912057142e-05
7.71354962126471e-05
7.7134901228759e-05
7.71343062540496e-05
7.71337112885187e-05
7.7133116332166e-05
7.71325213849916e-05
7.71319264469949e-05
7.7131331518176e-05
7.71307365985345e-05
7.71301416880703e-05
7.71295467867831e-05
7.71289518946727e-05
7.71283570117389e-05
7.71277621379816e-05
7.71271672734004e-05
7.71265724179952e-05
7.71259775717657e-05
7.71253827347118e-05
7.71247879068333e-05
7.71241930881298e-05
7.71235982786013e-05
7.71230034782475e-05
7.71224086870681e-05
7.71218139050631e-05
7.7121219132232e-05
7.71206243685749e-05
7.71200296140914e-05
7.71194348687813e-05
7.71188401326444e-05
7.71182454056805e-05
7.71176506878894e-05
7.71170559792709e-05
7.71164612798248e-05
7.71158665895508e-05
7.71152719084488e-05
7.71146772365184e-05
7.71140825737596e-05
7.71134879201721e-05
7.71128932757557e-05
7.71122986405102e-05
7.71117040144353e-05
7.71111093975309e-05
7.71105147897967e-05
7.71099201912326e-05
7.71093256018383e-05
7.71087310216136e-05
7.71081364505583e-05
7.71075418886721e-05
7.7106947335955e-05
7.71063527924066e-05
7.71057582580267e-05
7.71051637328152e-05
7.71045692167718e-05
7.71039747098963e-05
7.71033802121885e-05
7.71027857236482e-05
7.71021912442752e-05
7.71015967740692e-05
7.71010023130301e-05
7.71004078611576e-05
7.70998134184515e-05
7.70992189849117e-05
7.70986245605378e-05
7.70980301453298e-05
7.70974357392873e-05
7.70968413424102e-05
7.70962469546982e-05
7.70956525761512e-05
7.70950582067689e-05
7.70944638465512e-05
7.70938694954977e-05
7.70932751536084e-05
7.70926808208829e-05
7.70920864973211e-05
7.70914921829227e-05
7.70908978776876e-05
7.70903035816155e-05
7.70897092947063e-05
7.70891150169596e-05
7.70885207483754e-05
7.70879264889533e-05
7.70873322386932e-05
7.70867379975949e-05
7.70861437656581e-05
7.70855495428827e-05
7.70849553292684e-05
7.7084361124815e-05
7.70837669295223e-05
7.70831727433901e-05
7.70825785664182e-05
7.70819843986064e-05
7.70813902399544e-05
7.7080796090462e-05
7.70802019501291e-05
7.70796078189554e-05
7.70790136969407e-05
7.70784195840849e-05
7.70778254803875e-05
7.70772313858486e-05
7.70766373004679e-05
7.7076043224245e-05
7.707544915718e-05
7.70748550992724e-05
7.70742610505222e-05
7.7073667010929e-05
7.70730729804928e-05
7.70724789592132e-05
7.70718849470902e-05
7.70712909441233e-05
7.70706969503125e-05
7.70701029656576e-05
7.70695089901582e-05
7.70689150238143e-05
7.70683210666256e-05
7.70677271185918e-05
7.70671331797128e-05
7.70665392499884e-05
7.70659453294184e-05
7.70653514180025e-05
7.70647575157405e-05
7.70641636226322e-05
7.70635697386774e-05
7.7062975863876e-05
7.70623819982276e-05
7.7061788141732e-05
7.70611942943892e-05
7.70606004561988e-05
7.70600066271606e-05
7.70594128072744e-05
7.70588189965401e-05
7.70582251949573e-05
7.70576314025259e-05
7.70570376192458e-05
7.70564438451165e-05
7.70558500801381e-05
7.70552563243102e-05
7.70546625776326e-05
7.70540688401051e-05
7.70534751117275e-05
7.70528813924997e-05
7.70522876824213e-05
7.70516939814922e-05
7.70511002897121e-05
7.70505066070809e-05
7.70499129335984e-05
7.70493192692643e-05
7.70487256140783e-05
7.70481319680404e-05
7.70475383311503e-05
7.70469447034078e-05
7.70463510848126e-05
7.70457574753646e-05
7.70451638750636e-05
7.70445702839092e-05
7.70439767019014e-05
7.704338312904e-05
7.70427895653246e-05
7.70421960107551e-05
7.70416024653313e-05
7.70410089290529e-05
7.70404154019198e-05
7.70398218839318e-05
7.70392283750886e-05
7.703863487539e-05
7.70380413848358e-05
7.70374479034259e-05
7.70368544311599e-05
7.70362609680377e-05
7.7035667514059e-05
7.70350740692237e-05
7.70344806335316e-05
7.70338872069824e-05
7.70332937895759e-05
7.70327003813119e-05
7.70321069821902e-05
7.70315135922106e-05
7.70309202113728e-05
7.70303268396768e-05
7.70297334771222e-05
7.70291401237088e-05
7.70285467794365e-05
7.70279534443049e-05
7.7027360118314e-05
7.70267668014635e-05
7.70261734937532e-05
7.70255801951828e-05
7.70249869057522e-05
7.70243936254612e-05
7.70238003543095e-05
7.70232070922969e-05
7.70226138394233e-05
7.70220205956883e-05
7.70214273610919e-05
7.70208341356337e-05
7.70202409193136e-05
7.70196477121314e-05
7.70190545140868e-05
7.70184613251796e-05
7.70178681454097e-05
7.70172749747768e-05
7.70166818132808e-05
7.70160886609213e-05
7.70154955176982e-05
7.70149023836112e-05
7.70143092586603e-05
7.7013716142845e-05
7.70131230361654e-05
7.7012529938621e-05
7.70119368502118e-05
7.70113437709375e-05
7.70107507007978e-05
7.70101576397927e-05
7.70095645879218e-05
7.7008971545185e-05
7.70083785115821e-05
7.70077854871127e-05
7.70071924717769e-05
7.70065994655742e-05
7.70060064685045e-05
7.70054134805677e-05
7.70048205017634e-05
7.70042275320915e-05
7.70036345715518e-05
7.7003041620144e-05
7.70024486778679e-05
7.70018557447234e-05
7.70012628207103e-05
7.70006699058282e-05
7.7000077000077e-05
7.69994841034565e-05
7.69988912159665e-05
7.69982983376067e-05
7.6997705468377e-05
7.69971126082772e-05
7.6996519757307e-05
7.69959269154662e-05
7.69953340827546e-05
7.6994741259172e-05
7.69941484447182e-05
7.6993555639393e-05
7.69929628431961e-05
7.69923700561274e-05
7.69917772781867e-05
7.69911845093737e-05
7.69905917496882e-05
7.698999899913e-05
7.69894062576989e-05
7.69888135253948e-05
7.69882208022173e-05
7.69876280881662e-05
7.69870353832415e-05
7.69864426874427e-05
7.69858500007699e-05
7.69852573232226e-05
7.69846646548008e-05
7.69840719955041e-05
7.69834793453325e-05
7.69828867042856e-05
7.69822940723634e-05
7.69817014495654e-05
7.69811088358917e-05
7.69805162313419e-05
7.69799236359158e-05
7.69793310496132e-05
7.69787384724339e-05
7.69781459043778e-05
7.69775533454445e-05
7.69769607956339e-05
7.69763682549457e-05
7.69757757233798e-05
7.6975183200936e-05
7.6974590687614e-05
7.69739981834136e-05
7.69734056883347e-05
7.69728132023769e-05
7.69722207255401e-05
7.69716282578242e-05
7.69710357992288e-05
7.69704433497537e-05
7.69698509093988e-05
7.69692584781638e-05
7.69686660560486e-05
7.69680736430529e-05
7.69674812391764e-05
7.69668888444191e-05
7.69662964587807e-05
7.69657040822609e-05
7.69651117148597e-05
7.69645193565766e-05
7.69639270074116e-05
7.69633346673645e-05
7.69627423364349e-05
7.69621500146228e-05
7.69615577019279e-05
7.696096539835e-05
7.69603731038888e-05
7.69597808185442e-05
7.6959188542316e-05
7.69585962752039e-05
7.69580040172078e-05
7.69574117683274e-05
7.69568195285625e-05
7.6956227297913e-05
7.69556350763785e-05
7.69550428639589e-05
7.6954450660654e-05
7.69538584664635e-05
7.69532662813873e-05
7.69526741054252e-05
7.69520819385768e-05
7.69514897808422e-05
7.69508976322209e-05
7.69503054927128e-05
7.69497133623177e-05
7.69491212410354e-05
7.69485291288657e-05
7.69479370258083e-05
7.69473449318631e-05
7.69467528470299e-05
7.69461607713083e-05
7.69455687046983e-05
7.69449766471996e-05
7.6944384598812e-05
7.69437925595353e-05
7.69432005293692e-05
7.69426085083137e-05
7.69420164963683e-05
7.69414244935331e-05
7.69408324998076e-05
7.69402405151918e-05
7.69396485396855e-05
7.69390565732883e-05
7.69384646160001e-05
7.69378726678207e-05
7.69372807287499e-05
7.69366887987875e-05
7.69360968779332e-05
7.69355049661868e-05
7.69349130635482e-05
7.69343211700172e-05
7.69337292855934e-05
7.69331374102767e-05
7.6932545544067e-05
7.69319536869639e-05
7.69313618389673e-05
7.69307700000769e-05
7.69301781702926e-05
7.69295863496142e-05
7.69289945380414e-05
7.6928402735574e-05
7.69278109422118e-05
7.69272191579547e-05
7.69266273828023e-05
7.69260356167545e-05
7.69254438598111e-05
7.69248521119718e-05
7.69242603732365e-05
7.6923668643605e-05
7.69230769230769e-05
7.69224852116522e-05
7.69218935093306e-05
7.69213018161119e-05
7.69207101319959e-05
7.69201184569824e-05
7.69195267910712e-05
7.6918935134262e-05
7.69183434865547e-05
7.6917751847949e-05
7.69171602184447e-05
7.69165685980417e-05
7.69159769867397e-05
7.69153853845385e-05
7.69147937914378e-05
7.69142022074376e-05
7.69136106325375e-05
7.69130190667374e-05
7.69124275100371e-05
7.69118359624363e-05
7.69112444239348e-05
7.69106528945324e-05
7.6910061374229e-05
7.69094698630242e-05
7.6908878360918e-05
7.690828686791e-05
7.69076953840001e-05
7.69071039091881e-05
7.69065124434737e-05
7.69059209868568e-05
7.69053295393371e-05
7.69047381009144e-05
7.69041466715885e-05
7.69035552513593e-05
7.69029638402264e-05
7.69023724381897e-05
7.6901781045249e-05
7.69011896614041e-05
7.69005982866547e-05
7.69000069210006e-05
7.68994155644417e-05
7.68988242169777e-05
7.68982328786085e-05
7.68976415493337e-05
7.68970502291532e-05
7.68964589180668e-05
7.68958676160743e-05
7.68952763231755e-05
7.68946850393701e-05
7.68940937646579e-05
7.68935024990388e-05
7.68929112425126e-05
7.68923199950789e-05
7.68917287567376e-05
7.68911375274886e-05
7.68905463073315e-05
7.68899550962662e-05
7.68893638942925e-05
7.68887727014101e-05
7.68881815176189e-05
7.68875903429187e-05
7.68869991773091e-05
7.68864080207901e-05
7.68858168733614e-05
7.68852257350228e-05
7.6884634605774e-05
7.6884043485615e-05
7.68834523745454e-05
7.68828612725651e-05
7.68822701796739e-05
7.68816790958715e-05
7.68810880211577e-05
7.68804969555323e-05
7.68799058989952e-05
7.6879314851546e-05
7.68787238131847e-05
7.68781327839109e-05
7.68775417637246e-05
7.68769507526254e-05
7.68763597506131e-05
7.68757687576876e-05
7.68751777738486e-05
7.6874586799096e-05
7.68739958334294e-05
7.68734048768488e-05
7.68728139293539e-05
7.68722229909445e-05
7.68716320616203e-05
7.68710411413812e-05
7.6870450230227e-05
7.68698593281574e-05
7.68692684351723e-05
7.68686775512714e-05
7.68680866764545e-05
7.68674958107215e-05
7.6866904954072e-05
7.6866314106506e-05
7.68657232680231e-05
7.68651324386232e-05
7.68645416183061e-05
7.68639508070715e-05
7.68633600049193e-05
7.68627692118492e-05
7.6862178427861e-05
7.68615876529546e-05
7.68609968871296e-05
7.6860406130386e-05
7.68598153827234e-05
7.68592246441418e-05
7.68586339146408e-05
7.68580431942203e-05
7.685745248288e-05
7.68568617806198e-05
7.68562710874394e-05
7.68556804033386e-05
7.68550897283173e-05
7.68544990623751e-05
7.6853908405512e-05
7.68533177577276e-05
7.68527271190218e-05
7.68521364893944e-05
7.68515458688451e-05
7.68509552573739e-05
7.68503646549803e-05
7.68497740616643e-05
7.68491834774255e-05
7.6848592902264e-05
7.68480023361793e-05
7.68474117791713e-05
7.68468212312398e-05
7.68462306923845e-05
7.68456401626054e-05
7.68450496419021e-05
7.68444591302744e-05
7.68438686277222e-05
7.68432781342452e-05
7.68426876498432e-05
7.68420971745161e-05
7.68415067082635e-05
7.68409162510854e-05
7.68403258029814e-05
7.68397353639514e-05
7.68391449339952e-05
7.68385545131125e-05
7.68379641013032e-05
7.6837373698567e-05
7.68367833049037e-05
7.68361929203132e-05
7.68356025447952e-05
7.68350121783494e-05
7.68344218209758e-05
7.68338314726741e-05
7.6833241133444e-05
7.68326508032854e-05
7.6832060482198e-05
7.68314701701817e-05
7.68308798672362e-05
7.68302895733614e-05
7.6829699288557e-05
7.68291090128228e-05
7.68285187461586e-05
7.68279284885642e-05
7.68273382400393e-05
7.68267480005839e-05
7.68261577701976e-05
7.68255675488803e-05
7.68249773366317e-05
7.68243871334516e-05
7.68237969393399e-05
7.68232067542963e-05
7.68226165783207e-05
7.68220264114127e-05
7.68214362535722e-05
7.6820846104799e-05
7.68202559650929e-05
7.68196658344536e-05
7.6819075712881e-05
7.68184856003749e-05
7.6817895496935e-05
7.68173054025611e-05
7.6816715317253e-05
7.68161252410106e-05
7.68155351738336e-05
7.68149451157217e-05
7.68143550666749e-05
7.68137650266928e-05
7.68131749957753e-05
7.68125849739221e-05
7.68119949611331e-05
7.68114049574081e-05
7.68108149627468e-05
7.6810224977149e-05
7.68096350006145e-05
7.68090450331431e-05
7.68084550747346e-05
7.68078651253888e-05
7.68072751851055e-05
7.68066852538845e-05
7.68060953317255e-05
7.68055054186284e-05
7.68049155145929e-05
7.68043256196189e-05
7.68037357337061e-05
7.68031458568543e-05
7.68025559890633e-05
7.68019661303329e-05
7.68013762806629e-05
7.68007864400531e-05
7.68001966085033e-05
7.67996067860133e-05
7.67990169725828e-05
7.67984271682116e-05
7.67978373728996e-05
7.67972475866465e-05
7.67966578094521e-05
7.67960680413163e-05
7.67954782822387e-05
7.67948885322193e-05
7.67942987912577e-05
7.67937090593539e-05
7.67931193365075e-05
7.67925296227183e-05
7.67919399179862e-05
7.6791350222311e-05
7.67907605356923e-05
7.67901708581302e-05
7.67895811896242e-05
7.67889915301742e-05
7.67884018797801e-05
7.67878122384415e-05
7.67872226061583e-05
7.67866329829303e-05
7.67860433687573e-05
7.6785453763639e-05
7.67848641675753e-05
7.67842745805659e-05
7.67836850026107e-05
7.67830954337093e-05
7.67825058738617e-05
7.67819163230676e-05
7.67813267813268e-05
7.67807372486391e-05
7.67801477250042e-05
7.67795582104221e-05
7.67789687048924e-05
7.67783792084149e-05
7.67777897209895e-05
7.6777200242616e-05
7.6776610773294e-05
7.67760213130235e-05
7.67754318618042e-05
7.67748424196359e-05
7.67742529865184e-05
7.67736635624515e-05
7.6773074147435e-05
7.67724847414687e-05
7.67718953445523e-05
7.67713059566856e-05
7.67707165778685e-05
7.67701272081008e-05
7.67695378473822e-05
7.67689484957125e-05
7.67683591530915e-05
7.6767769819519e-05
7.67671804949948e-05
7.67665911795187e-05
7.67660018730904e-05
7.67654125757099e-05
7.67648232873768e-05
7.6764234008091e-05
7.67636447378521e-05
7.67630554766602e-05
7.67624662245149e-05
7.67618769814159e-05
7.67612877473633e-05
7.67606985223566e-05
7.67601093063957e-05
7.67595200994803e-05
7.67589309016104e-05
7.67583417127856e-05
7.67577525330058e-05
7.67571633622708e-05
7.67565742005803e-05
7.67559850479341e-05
7.67553959043321e-05
7.6754806769774e-05
7.67542176442596e-05
7.67536285277887e-05
7.6753039420361e-05
7.67524503219765e-05
7.67518612326349e-05
7.67512721523359e-05
7.67506830810794e-05
7.67500940188652e-05
7.6749504965693e-05
7.67489159215626e-05
7.67483268864739e-05
7.67477378604266e-05
7.67471488434205e-05
7.67465598354554e-05
7.67459708365311e-05
7.67453818466474e-05
7.67447928658041e-05
7.67442038940009e-05
7.67436149312377e-05
7.67430259775143e-05
7.67424370328304e-05
7.67418480971859e-05
7.67412591705805e-05
7.6740670253014e-05
7.67400813444862e-05
7.6739492444997e-05
7.6738903554546e-05
7.67383146731332e-05
7.67377258007582e-05
7.67371369374209e-05
7.6736548083121e-05
7.67359592378585e-05
7.67353704016329e-05
7.67347815744442e-05
7.67341927562922e-05
7.67336039471766e-05
7.67330151470972e-05
7.67324263560538e-05
7.67318375740462e-05
7.67312488010742e-05
7.67306600371376e-05
7.67300712822362e-05
7.67294825363698e-05
7.67288937995381e-05
7.6728305071741e-05
7.67277163529782e-05
7.67271276432496e-05
7.67265389425548e-05
7.67259502508939e-05
7.67253615682664e-05
7.67247728946722e-05
7.67241842301112e-05
7.6723595574583e-05
7.67230069280875e-05
7.67224182906245e-05
7.67218296621938e-05
7.67212410427951e-05
7.67206524324283e-05
7.67200638310931e-05
7.67194752387894e-05
7.67188866555168e-05
7.67182980812754e-05
7.67177095160647e-05
7.67171209598846e-05
7.67165324127349e-05
7.67159438746155e-05
7.6715355345526e-05
7.67147668254662e-05
7.67141783144361e-05
7.67135898124353e-05
7.67130013194636e-05
7.67124128355209e-05
7.67118243606069e-05
7.67112358947215e-05
7.67106474378644e-05
7.67100589900354e-05
7.67094705512342e-05
7.67088821214608e-05
7.67082937007149e-05
7.67077052889963e-05
7.67071168863047e-05
7.670652849264e-05
7.6705940108002e-05
7.67053517323904e-05
7.6704763365805e-05
7.67041750082457e-05
7.67035866597122e-05
7.67029983202043e-05
7.67024099897219e-05
7.67018216682646e-05
7.67012333558324e-05
7.67006450524249e-05
7.6700056758042e-05
7.66994684726835e-05
7.66988801963491e-05
7.66982919290387e-05
7.66977036707521e-05
7.6697115421489e-05
7.66965271812492e-05
7.66959389500326e-05
7.66953507278389e-05
7.66947625146679e-05
7.66941743105194e-05
7.66935861153932e-05
7.66929979292891e-05
7.66924097522068e-05
7.66918215841463e-05
7.66912334251072e-05
7.66906452750893e-05
7.66900571340926e-05
7.66894690021166e-05
7.66888808791613e-05
7.66882927652265e-05
7.66877046603118e-05
7.66871165644172e-05
7.66865284775423e-05
7.66859403996871e-05
7.66853523308513e-05
7.66847642710346e-05
7.6684176220237e-05
7.6683588178458e-05
7.66830001456977e-05
7.66824121219557e-05
7.66818241072319e-05
7.6681236101526e-05
7.66806481048378e-05
7.66800601171671e-05
7.66794721385138e-05
7.66788841688776e-05
7.66782962082583e-05
7.66777082566556e-05
7.66771203140695e-05
7.66765323804996e-05
7.66759444559458e-05
7.66753565404079e-05
7.66747686338856e-05
7.66741807363788e-05
7.66735928478873e-05
7.66730049684107e-05
7.6672417097949e-05
7.66718292365019e-05
7.66712413840693e-05
7.66706535406508e-05
7.66700657062463e-05
7.66694778808556e-05
7.66688900644785e-05
7.66683022571148e-05
7.66677144587643e-05
7.66671266694267e-05
7.66665388891019e-05
7.66659511177896e-05
7.66653633554896e-05
7.66647756022018e-05
7.66641878579259e-05
7.66636001226618e-05
7.66630123964091e-05
7.66624246791677e-05
7.66618369709375e-05
7.66612492717181e-05
7.66606615815095e-05
7.66600739003112e-05
7.66594862281233e-05
7.66588985649454e-05
7.66583109107774e-05
7.6657723265619e-05
7.66571356294701e-05
7.66565480023304e-05
7.66559603841997e-05
7.66553727750778e-05
7.66547851749645e-05
7.66541975838597e-05
7.6653610001763e-05
7.66530224286744e-05
7.66524348645935e-05
7.66518473095202e-05
7.66512597634542e-05
7.66506722263954e-05
7.66500846983436e-05
7.66494971792985e-05
7.664890966926e-05
7.66483221682277e-05
7.66477346762016e-05
7.66471471931815e-05
7.6646559719167e-05
7.6645972254158e-05
7.66453847981544e-05
7.66447973511558e-05
7.66442099131621e-05
7.66436224841731e-05
7.66430350641885e-05
7.66424476532082e-05
7.6641860251232e-05
7.66412728582596e-05
7.66406854742909e-05
7.66400980993256e-05
7.66395107333635e-05
7.66389233764044e-05
7.66383360284482e-05
7.66377486894945e-05
7.66371613595432e-05
7.66365740385942e-05
7.66359867266471e-05
7.66353994237018e-05
7.66348121297581e-05
7.66342248448157e-05
7.66336375688745e-05
7.66330503019342e-05
7.66324630439947e-05
7.66318757950557e-05
7.6631288555117e-05
7.66307013241785e-05
7.66301141022399e-05
7.6629526889301e-05
7.66289396853616e-05
7.66283524904215e-05
7.66277653044804e-05
7.66271781275383e-05
7.66265909595948e-05
7.66260038006498e-05
7.6625416650703e-05
7.66248295097543e-05
7.66242423778035e-05
7.66236552548503e-05
7.66230681408945e-05
7.66224810359359e-05
7.66218939399744e-05
7.66213068530097e-05
7.66207197750416e-05
7.66201327060698e-05
7.66195456460943e-05
7.66189585951148e-05
7.6618371553131e-05
7.66177845201428e-05
7.661719749615e-05
7.66166104811523e-05
7.66160234751496e-05
7.66154364781416e-05
7.66148494901282e-05
7.66142625111091e-05
7.66136755410841e-05
7.6613088580053e-05
7.66125016280157e-05
7.66119146849718e-05
7.66113277509213e-05
7.66107408258638e-05
7.66101539097992e-05
7.66095670027273e-05
7.66089801046479e-05
7.66083932155607e-05
7.66078063354656e-05
7.66072194643623e-05
7.66066326022507e-05
7.66060457491305e-05
7.66054589050016e-05
7.66048720698636e-05
7.66042852437165e-05
7.660369842656e-05
7.66031116183939e-05
7.6602524819218e-05
7.66019380290321e-05
7.6601351247836e-05
7.66007644756295e-05
7.66001777124123e-05
7.65995909581843e-05
7.65990042129452e-05
7.65984174766949e-05
7.65978307494332e-05
7.65972440311598e-05
7.65966573218745e-05
7.65960706215771e-05
7.65954839302675e-05
7.65948972479453e-05
7.65943105746105e-05
7.65937239102628e-05
7.6593137254902e-05
7.65925506085278e-05
7.65919639711401e-05
7.65913773427388e-05
7.65907907233234e-05
7.6590204112894e-05
7.65896175114501e-05
7.65890309189918e-05
7.65884443355187e-05
7.65878577610306e-05
7.65872711955273e-05
7.65866846390087e-05
7.65860980914744e-05
7.65855115529244e-05
7.65849250233584e-05
7.65843385027762e-05
7.65837519911775e-05
7.65831654885623e-05
7.65825789949302e-05
7.65819925102811e-05
7.65814060346148e-05
7.6580819567931e-05
7.65802331102296e-05
7.65796466615103e-05
7.6579060221773e-05
7.65784737910173e-05
7.65778873692433e-05
7.65773009564505e-05
7.65767145526388e-05
7.65761281578081e-05
7.6575541771958e-05
7.65749553950885e-05
7.65743690271992e-05
7.657378266829e-05
7.65731963183607e-05
7.65726099774111e-05
7.65720236454409e-05
7.657143732245e-05
7.65708510084381e-05
7.65702647034051e-05
7.65696784073507e-05
7.65690921202747e-05
7.6568505842177e-05
7.65679195730573e-05
7.65673333129154e-05
7.65667470617511e-05
7.65661608195642e-05
7.65655745863545e-05
7.65649883621218e-05
7.65644021468658e-05
7.65638159405865e-05
7.65632297432835e-05
7.65626435549567e-05
7.65620573756058e-05
7.65614712052307e-05
7.65608850438311e-05
7.65602988914069e-05
7.65597127479578e-05
7.65591266134836e-05
7.65585404879841e-05
7.65579543714592e-05
7.65573682639086e-05
7.6556782165332e-05
7.65561960757294e-05
7.65556099951004e-05
7.6555023923445e-05
7.65544378607628e-05
7.65538518070537e-05
7.65532657623174e-05
7.65526797265538e-05
7.65520936997627e-05
7.65515076819438e-05
7.6550921673097e-05
7.65503356732219e-05
7.65497496823185e-05
7.65491637003866e-05
7.65485777274258e-05
7.65479917634361e-05
7.65474058084172e-05
7.65468198623688e-05
7.65462339252909e-05
7.65456479971831e-05
7.65450620780453e-05
7.65444761678773e-05
7.65438902666789e-05
7.65433043744498e-05
7.65427184911899e-05
7.6542132616899e-05
7.65415467515768e-05
7.65409608952231e-05
7.65403750478377e-05
7.65397892094205e-05
7.65392033799712e-05
7.65386175594896e-05
7.65380317479756e-05
7.65374459454288e-05
7.65368601518491e-05
7.65362743672364e-05
7.65356885915903e-05
7.65351028249106e-05
7.65345170671973e-05
7.653393131845e-05
7.65333455786686e-05
7.65327598478529e-05
7.65321741260026e-05
7.65315884131175e-05
7.65310027091975e-05
7.65304170142423e-05
7.65298313282517e-05
7.65292456512256e-05
7.65286599831637e-05
7.65280743240658e-05
7.65274886739317e-05
7.65269030327612e-05
7.6526317400554e-05
7.65257317773101e-05
7.65251461630292e-05
7.6524560557711e-05
7.65239749613554e-05
7.65233893739621e-05
7.65228037955311e-05
7.65222182260619e-05
7.65216326655546e-05
7.65210471140087e-05
7.65204615714242e-05
7.65198760378008e-05
7.65192905131384e-05
7.65187049974366e-05
7.65181194906954e-05
7.65175339929145e-05
7.65169485040937e-05
7.65163630242327e-05
7.65157775533315e-05
7.65151920913897e-05
7.65146066384073e-05
7.65140211943839e-05
7.65134357593193e-05
7.65128503332135e-05
7.6512264916066e-05
7.65116795078769e-05
7.65110941086457e-05
7.65105087183725e-05
7.65099233370568e-05
7.65093379646986e-05
7.65087526012976e-05
7.65081672468536e-05
7.65075819013664e-05
7.65069965648359e-05
7.65064112372617e-05
7.65058259186437e-05
7.65052406089817e-05
7.65046553082755e-05
7.65040700165249e-05
7.65034847337296e-05
7.65028994598895e-05
7.65023141950044e-05
7.6501728939074e-05
7.65011436920982e-05
7.65005584540767e-05
7.64999732250094e-05
7.6499388004896e-05
7.64988027937363e-05
7.64982175915301e-05
7.64976323982773e-05
7.64970472139775e-05
7.64964620386307e-05
7.64958768722366e-05
7.6495291714795e-05
7.64947065663056e-05
7.64941214267684e-05
7.6493536296183e-05
7.64929511745493e-05
7.6492366061867e-05
7.6491780958136e-05
7.64911958633561e-05
7.64906107775271e-05
7.64900257006486e-05
7.64894406327207e-05
7.64888555737429e-05
7.64882705237152e-05
7.64876854826373e-05
7.6487100450509e-05
7.64865154273302e-05
7.64859304131005e-05
7.64853454078199e-05
7.6484760411488e-05
7.64841754241047e-05
7.64835904456699e-05
7.64830054761832e-05
7.64824205156445e-05
7.64818355640535e-05
7.64812506214102e-05
7.64806656877141e-05
7.64800807629653e-05
7.64794958471634e-05
7.64789109403082e-05
7.64783260423996e-05
7.64777411534373e-05
7.64771562734211e-05
7.64765714023509e-05
7.64759865402264e-05
7.64754016870474e-05
7.64748168428137e-05
7.64742320075251e-05
7.64736471811814e-05
7.64730623637824e-05
7.64724775553278e-05
7.64718927558176e-05
7.64713079652514e-05
7.64707231836291e-05
7.64701384109505e-05
7.64695536472154e-05
7.64689688924235e-05
7.64683841465746e-05
7.64677994096686e-05
7.64672146817052e-05
7.64666299626843e-05
7.64660452526056e-05
7.64654605514689e-05
7.6464875859274e-05
7.64642911760208e-05
7.6463706501709e-05
7.64631218363383e-05
7.64625371799087e-05
7.64619525324199e-05
7.64613678938716e-05
7.64607832642638e-05
7.64601986435961e-05
7.64596140318684e-05
7.64590294290804e-05
7.64584448352321e-05
7.6457860250323e-05
7.64572756743532e-05
7.64566911073223e-05
7.64561065492301e-05
7.64555220000765e-05
7.64549374598612e-05
7.6454352928584e-05
7.64537684062447e-05
7.64531838928432e-05
7.64525993883792e-05
7.64520148928525e-05
7.64514304062629e-05
7.64508459286102e-05
7.64502614598942e-05
7.64496770001147e-05
7.64490925492714e-05
7.64485081073643e-05
7.6447923674393e-05
7.64473392503574e-05
7.64467548352572e-05
7.64461704290924e-05
7.64455860318625e-05
7.64450016435675e-05
7.64444172642072e-05
7.64438328937813e-05
7.64432485322896e-05
7.6442664179732e-05
7.64420798361082e-05
7.6441495501418e-05
7.64409111756612e-05
7.64403268588377e-05
7.64397425509471e-05
7.64391582519893e-05
7.64385739619642e-05
7.64379896808714e-05
7.64374054087108e-05
7.64368211454822e-05
7.64362368911854e-05
7.64356526458201e-05
7.64350684093862e-05
7.64344841818835e-05
7.64338999633117e-05
7.64333157536707e-05
7.64327315529602e-05
7.64321473611801e-05
7.64315631783301e-05
7.64309790044101e-05
7.64303948394197e-05
7.64298106833589e-05
7.64292265362274e-05
7.64286423980251e-05
7.64280582687516e-05
7.64274741484069e-05
7.64268900369906e-05
7.64263059345027e-05
7.64257218409428e-05
7.64251377563108e-05
7.64245536806065e-05
7.64239696138297e-05
7.64233855559801e-05
7.64228015070576e-05
7.6422217467062e-05
7.64216334359931e-05
7.64210494138506e-05
7.64204654006343e-05
7.64198813963441e-05
7.64192974009797e-05
7.6418713414541e-05
7.64181294370276e-05
7.64175454684396e-05
7.64169615087765e-05
7.64163775580382e-05
7.64157936162246e-05
7.64152096833354e-05
7.64146257593704e-05
7.64140418443293e-05
7.64134579382121e-05
7.64128740410184e-05
7.64122901527482e-05
7.64117062734011e-05
7.6411122402977e-05
7.64105385414756e-05
7.64099546888969e-05
7.64093708452405e-05
7.64087870105062e-05
7.64082031846939e-05
7.64076193678034e-05
7.64070355598343e-05
7.64064517607867e-05
7.64058679706601e-05
7.64052841894545e-05
7.64047004171697e-05
7.64041166538053e-05
7.64035328993613e-05
7.64029491538373e-05
7.64023654172333e-05
7.6401781689549e-05
7.64011979707842e-05
7.64006142609387e-05
7.64000305600122e-05
7.63994468680047e-05
7.63988631849158e-05
7.63982795107454e-05
7.63976958454933e-05
7.63971121891593e-05
7.63965285417431e-05
7.63959449032445e-05
7.63953612736635e-05
7.63947776529996e-05
7.63941940412529e-05
7.63936104384229e-05
7.63930268445096e-05
7.63924432595128e-05
7.63918596834321e-05
7.63912761162675e-05
7.63906925580187e-05
7.63901090086856e-05
7.63895254682678e-05
7.63889419367652e-05
7.63883584141777e-05
7.63877749005049e-05
7.63871913957468e-05
7.6386607899903e-05
7.63860244129734e-05
7.63854409349578e-05
7.6384857465856e-05
7.63842740056677e-05
7.63836905543928e-05
7.63831071120311e-05
7.63825236785823e-05
7.63819402540463e-05
7.63813568384229e-05
7.63807734317118e-05
7.63801900339128e-05
7.63796066450258e-05
7.63790232650505e-05
7.63784398939867e-05
7.63778565318343e-05
7.6377273178593e-05
7.63766898342626e-05
7.63761064988429e-05
7.63755231723337e-05
7.63749398547349e-05
7.63743565460461e-05
7.63737732462672e-05
7.63731899553981e-05
7.63726066734384e-05
7.6372023400388e-05
7.63714401362467e-05
7.63708568810142e-05
7.63702736346904e-05
7.63696903972751e-05
7.63691071687681e-05
7.63685239491691e-05
7.6367940738478e-05
7.63673575366945e-05
7.63667743438185e-05
7.63661911598497e-05
7.6365607984788e-05
7.63650248186331e-05
7.63644416613848e-05
7.6363858513043e-05
7.63632753736073e-05
7.63626922430777e-05
7.63621091214539e-05
7.63615260087358e-05
7.6360942904923e-05
7.63603598100154e-05
7.63597767240129e-05
7.63591936469151e-05
7.63586105787219e-05
7.63580275194331e-05
7.63574444690485e-05
7.63568614275679e-05
7.6356278394991e-05
7.63556953713177e-05
7.63551123565478e-05
7.63545293506811e-05
7.63539463537173e-05
7.63533633656563e-05
7.63527803864978e-05
7.63521974162416e-05
7.63516144548876e-05
7.63510315024356e-05
7.63504485588853e-05
7.63498656242365e-05
7.6349282698489e-05
7.63486997816427e-05
7.63481168736973e-05
7.63475339746526e-05
7.63469510845084e-05
7.63463682032646e-05
7.63457853309208e-05
7.63452024674769e-05
7.63446196129328e-05
7.63440367672881e-05
7.63434539305427e-05
7.63428711026964e-05
7.6342288283749e-05
7.63417054737003e-05
7.634112267255e-05
7.6340539880298e-05
7.63399570969441e-05
7.6339374322488e-05
7.63387915569296e-05
7.63382088002687e-05
7.6337626052505e-05
7.63370433136384e-05
7.63364605836686e-05
7.63358778625954e-05
7.63352951504187e-05
7.63347124471382e-05
7.63341297527538e-05
7.63335470672651e-05
7.63329643906721e-05
7.63323817229745e-05
7.63317990641721e-05
7.63312164142648e-05
7.63306337732522e-05
7.63300511411343e-05
7.63294685179107e-05
7.63288859035813e-05
7.6328303298146e-05
7.63277207016044e-05
7.63271381139564e-05
7.63265555352018e-05
7.63259729653404e-05
7.63253904043719e-05
7.63248078522962e-05
7.63242253091131e-05
7.63236427748224e-05
7.63230602494238e-05
7.63224777329171e-05
7.63218952253022e-05
7.63213127265789e-05
7.63207302367469e-05
7.63201477558061e-05
7.63195652837562e-05
7.6318982820597e-05
7.63184003663283e-05
7.631781792095e-05
7.63172354844618e-05
7.63166530568635e-05
7.6316070638155e-05
7.63154882283359e-05
7.63149058274062e-05
7.63143234353656e-05
7.63137410522139e-05
7.63131586779508e-05
7.63125763125763e-05
7.63119939560901e-05
7.63114116084919e-05
7.63108292697817e-05
7.63102469399591e-05
7.6309664619024e-05
7.63090823069762e-05
7.63085000038154e-05
7.63079177095415e-05
7.63073354241543e-05
7.63067531476536e-05
7.63061708800391e-05
7.63055886213106e-05
7.6305006371468e-05
7.63044241305111e-05
7.63038418984396e-05
7.63032596752533e-05
7.63026774609521e-05
7.63020952555357e-05
7.6301513059004e-05
7.63009308713566e-05
7.63003486925935e-05
7.62997665227144e-05
7.62991843617192e-05
7.62986022096075e-05
7.62980200663793e-05
7.62974379320342e-05
7.62968558065722e-05
7.6296273689993e-05
7.62956915822964e-05
7.62951094834821e-05
7.62945273935501e-05
7.62939453125e-05
7.62933632403317e-05
7.6292781177045e-05
7.62921991226397e-05
7.62916170771156e-05
7.62910350404724e-05
7.629045301271e-05
7.62898709938282e-05
7.62892889838267e-05
7.62887069827054e-05
7.6288124990464e-05
7.62875430071024e-05
7.62869610326203e-05
7.62863790670176e-05
7.6285797110294e-05
7.62852151624494e-05
7.62846332234835e-05
7.62840512933961e-05
7.6283469372187e-05
7.62828874598561e-05
7.62823055564031e-05
7.62817236618279e-05
7.62811417761301e-05
7.62805598993097e-05
7.62799780313663e-05
7.62793961722999e-05
7.62788143221102e-05
7.6278232480797e-05
7.627765064836e-05
7.62770688247992e-05
7.62764870101143e-05
7.6275905204305e-05
7.62753234073712e-05
7.62747416193128e-05
7.62741598401294e-05
7.62735780698208e-05
7.6272996308387e-05
7.62724145558276e-05
7.62718328121425e-05
7.62712510773314e-05
7.62706693513942e-05
7.62700876343307e-05
7.62695059261406e-05
7.62689242268238e-05
7.626834253638e-05
7.62677608548091e-05
7.62671791821108e-05
7.62665975182849e-05
7.62660158633313e-05
7.62654342172497e-05
7.626485258004e-05
7.62642709517018e-05
7.62636893322351e-05
7.62631077216397e-05
7.62625261199152e-05
7.62619445270616e-05
7.62613629430785e-05
7.62607813679659e-05
7.62601998017235e-05
7.62596182443511e-05
7.62590366958485e-05
7.62584551562154e-05
7.62578736254518e-05
7.62572921035574e-05
7.6256710590532e-05
7.62561290863753e-05
7.62555475910873e-05
7.62549661046676e-05
7.62543846271161e-05
7.62538031584325e-05
7.62532216986168e-05
7.62526402476686e-05
7.62520588055877e-05
7.62514773723741e-05
7.62508959480274e-05
7.62503145325475e-05
7.62497331259341e-05
7.6249151728187e-05
7.62485703393061e-05
7.62479889592912e-05
7.6247407588142e-05
7.62468262258583e-05
7.624624487244e-05
7.62456635278868e-05
7.62450821921986e-05
7.62445008653751e-05
7.62439195474161e-05
7.62433382383214e-05
7.62427569380909e-05
7.62421756467242e-05
7.62415943642214e-05
7.6241013090582e-05
7.62404318258059e-05
7.62398505698929e-05
7.62392693228428e-05
7.62386880846554e-05
7.62381068553306e-05
7.6237525634868e-05
7.62369444232675e-05
7.62363632205289e-05
7.6235782026652e-05
7.62352008416366e-05
7.62346196654825e-05
7.62340384981894e-05
7.62334573397573e-05
7.62328761901858e-05
7.62322950494748e-05
7.6231713917624e-05
7.62311327946333e-05
7.62305516805025e-05
7.62299705752314e-05
7.62293894788197e-05
7.62288083912672e-05
7.62282273125739e-05
7.62276462427393e-05
7.62270651817634e-05
7.6226484129646e-05
7.62259030863868e-05
7.62253220519857e-05
7.62247410264424e-05
7.62241600097567e-05
7.62235790019285e-05
7.62229980029574e-05
7.62224170128435e-05
7.62218360315863e-05
7.62212550591858e-05
7.62206740956417e-05
7.62200931409538e-05
7.6219512195122e-05
7.62189312581459e-05
7.62183503300255e-05
7.62177694107604e-05
7.62171885003506e-05
7.62166075987958e-05
7.62160267060958e-05
7.62154458222503e-05
7.62148649472593e-05
7.62142840811225e-05
7.62137032238396e-05
7.62131223754106e-05
7.62125415358351e-05
7.62119607051131e-05
7.62113798832442e-05
7.62107990702283e-05
7.62102182660651e-05
7.62096374707546e-05
7.62090566842964e-05
7.62084759066903e-05
7.62078951379363e-05
7.6207314378034e-05
7.62067336269833e-05
7.62061528847839e-05
7.62055721514357e-05
7.62049914269385e-05
7.6204410711292e-05
7.6203830004496e-05
7.62032493065504e-05
7.6202668617455e-05
7.62020879372095e-05
7.62015072658137e-05
7.62009266032675e-05
7.62003459495706e-05
7.61997653047229e-05
7.6199184668724e-05
7.6198604041574e-05
7.61980234232724e-05
7.61974428138192e-05
7.61968622132141e-05
7.61962816214569e-05
7.61957010385474e-05
7.61951204644855e-05
7.61945398992708e-05
7.61939593429033e-05
7.61933787953827e-05
7.61927982567088e-05
7.61922177268814e-05
7.61916372059003e-05
7.61910566937653e-05
7.61904761904762e-05
7.61898956960328e-05
7.61893152104349e-05
7.61887347336823e-05
7.61881542657748e-05
7.61875738067121e-05
7.61869933564942e-05
7.61864129151207e-05
7.61858324825915e-05
7.61852520589064e-05
7.61846716440652e-05
7.61840912380677e-05
7.61835108409136e-05
7.61829304526028e-05
7.61823500731351e-05
7.61817697025102e-05
7.6181189340728e-05
7.61806089877882e-05
7.61800286436908e-05
7.61794483084354e-05
7.61788679820218e-05
7.61782876644499e-05
7.61777073557194e-05
7.61771270558302e-05
7.61765467647821e-05
7.61759664825748e-05
7.61753862092081e-05
7.61748059446819e-05
7.61742256889959e-05
7.61736454421499e-05
7.61730652041438e-05
7.61724849749773e-05
7.61719047546503e-05
7.61713245431625e-05
7.61707443405137e-05
7.61701641467037e-05
7.61695839617324e-05
7.61690037855995e-05
7.61684236183048e-05
7.61678434598481e-05
7.61672633102293e-05
7.6166683169448e-05
7.61661030375042e-05
7.61655229143976e-05
7.6164942800128e-05
7.61643626946952e-05
7.6163782598099e-05
7.61632025103392e-05
7.61626224314156e-05
7.6162042361328e-05
7.61614623000762e-05
7.616088224766e-05
7.61603022040791e-05
7.61597221693335e-05
7.61591421434229e-05
7.61585621263471e-05
7.61579821181058e-05
7.61574021186989e-05
7.61568221281262e-05
7.61562421463875e-05
7.61556621734826e-05
7.61550822094112e-05
7.61545022541733e-05
7.61539223077685e-05
7.61533423701966e-05
7.61527624414576e-05
7.61521825215511e-05
7.61516026104769e-05
7.6151022708235e-05
7.6150442814825e-05
7.61498629302467e-05
7.61492830545e-05
7.61487031875847e-05
7.61481233295005e-05
7.61475434802473e-05
7.61469636398249e-05
7.61463838082329e-05
7.61458039854714e-05
7.614522417154e-05
7.61446443664385e-05
7.61440645701668e-05
7.61434847827246e-05
7.61429050041117e-05
7.6142325234328e-05
7.61417454733732e-05
7.61411657212472e-05
7.61405859779497e-05
7.61400062434805e-05
7.61394265178395e-05
7.61388468010263e-05
7.6138267093041e-05
7.61376873938831e-05
7.61371077035526e-05
7.61365280220491e-05
7.61359483493726e-05
7.61353686855229e-05
7.61347890304996e-05
7.61342093843026e-05
7.61336297469318e-05
7.61330501183869e-05
7.61324704986677e-05
7.6131890887774e-05
7.61313112857056e-05
7.61307316924623e-05
7.61301521080439e-05
7.61295725324502e-05
7.6128992965681e-05
7.61284134077362e-05
7.61278338586154e-05
7.61272543183185e-05
7.61266747868453e-05
7.61260952641956e-05
7.61255157503692e-05
7.61249362453659e-05
7.61243567491855e-05
7.61237772618277e-05
7.61231977832925e-05
7.61226183135795e-05
7.61220388526886e-05
7.61214594006196e-05
7.61208799573723e-05
7.61203005229465e-05
7.61197210973419e-05
7.61191416805584e-05
7.61185622725958e-05
7.61179828734539e-05
7.61174034831324e-05
7.61168241016312e-05
7.61162447289501e-05
7.61156653650888e-05
7.61150860100472e-05
7.61145066638251e-05
7.61139273264222e-05
7.61133479978384e-05
7.61127686780734e-05
7.61121893671271e-05
7.61116100649993e-05
7.61110307716897e-05
7.61104514871982e-05
7.61098722115246e-05
7.61092929446685e-05
7.610871368663e-05
7.61081344374087e-05
7.61075551970044e-05
7.6106975965417e-05
7.61063967426462e-05
7.61058175286919e-05
7.61052383235538e-05
7.61046591272318e-05
7.61040799397256e-05
7.6103500761035e-05
7.61029215911599e-05
7.61023424301e-05
7.61017632778552e-05
7.61011841344251e-05
7.61006049998098e-05
7.61000258740088e-05
7.60994467570221e-05
7.60988676488494e-05
7.60982885494905e-05
7.60977094589453e-05
7.60971303772135e-05
7.60965513042949e-05
7.60959722401893e-05
7.60953931848966e-05
7.60948141384165e-05
7.60942351007488e-05
7.60936560718933e-05
7.60930770518498e-05
7.60924980406182e-05
7.60919190381981e-05
7.60913400445895e-05
7.60907610597921e-05
7.60901820838057e-05
7.60896031166301e-05
7.60890241582652e-05
7.60884452087106e-05
7.60878662679662e-05
7.60872873360319e-05
7.60867084129073e-05
7.60861294985924e-05
7.60855505930869e-05
7.60849716963905e-05
7.60843928085032e-05
7.60838139294247e-05
7.60832350591547e-05
7.60826561976932e-05
7.60820773450398e-05
7.60814985011945e-05
7.60809196661569e-05
7.6080340839927e-05
7.60797620225044e-05
7.6079183213889e-05
7.60786044140806e-05
7.6078025623079e-05
7.6077446840884e-05
7.60768680674954e-05
7.6076289302913e-05
7.60757105471365e-05
7.60751318001658e-05
7.60745530620008e-05
7.60739743326411e-05
7.60733956120865e-05
7.6072816900337e-05
7.60722381973922e-05
7.60716595032521e-05
7.60710808179163e-05
7.60705021413846e-05
7.6069923473657e-05
7.60693448147331e-05
7.60687661646128e-05
7.60681875232959e-05
7.60676088907821e-05
7.60670302670713e-05
7.60664516521633e-05
7.60658730460579e-05
7.60652944487548e-05
7.60647158602539e-05
7.6064137280555e-05
7.60635587096578e-05
7.60629801475622e-05
7.60624015942679e-05
7.60618230497749e-05
7.60612445140827e-05
7.60606659871914e-05
7.60600874691006e-05
7.60595089598102e-05
7.60589304593199e-05
7.60583519676296e-05
7.6057773484739e-05
7.6057195010648e-05
7.60566165453564e-05
7.60560380888639e-05
7.60554596411703e-05
7.60548812022756e-05
7.60543027721793e-05
7.60537243508815e-05
7.60531459383817e-05
7.605256753468e-05
7.6051989139776e-05
7.60514107536695e-05
7.60508323763604e-05
7.60502540078484e-05
7.60496756481334e-05
7.60490972972151e-05
7.60485189550933e-05
7.6047940621768e-05
7.60473622972387e-05
7.60467839815054e-05
7.60462056745679e-05
7.60456273764259e-05
7.60450490870792e-05
7.60444708065277e-05
7.60438925347711e-05
7.60433142718092e-05
7.60427360176419e-05
7.6042157772269e-05
7.60415795356901e-05
7.60410013079052e-05
7.60404230889141e-05
7.60398448787164e-05
7.60392666773122e-05
7.6038688484701e-05
7.60381103008828e-05
7.60375321258573e-05
7.60369539596244e-05
7.60363758021838e-05
7.60357976535353e-05
7.60352195136787e-05
7.60346413826139e-05
7.60340632603406e-05
7.60334851468587e-05
7.60329070421678e-05
7.60323289462679e-05
7.60317508591588e-05
7.60311727808401e-05
7.60305947113118e-05
7.60300166505736e-05
7.60294385986254e-05
7.60288605554668e-05
7.60282825210978e-05
7.60277044955182e-05
7.60271264787276e-05
7.6026548470726e-05
7.60259704715131e-05
7.60253924810887e-05
7.60248144994526e-05
7.60242365266047e-05
7.60236585625447e-05
7.60230806072724e-05
7.60225026607876e-05
7.60219247230901e-05
7.60213467941798e-05
7.60207688740564e-05
7.60201909627197e-05
7.60196130601695e-05
7.60190351664057e-05
7.60184572814279e-05
7.60178794052361e-05
7.601730153783e-05
7.60167236792094e-05
7.60161458293742e-05
7.6015567988324e-05
7.60149901560588e-05
7.60144123325783e-05
7.60138345178823e-05
7.60132567119706e-05
7.6012678914843e-05
7.60121011264993e-05
7.60115233469394e-05
7.6010945576163e-05
7.60103678141699e-05
7.60097900609598e-05
7.60092123165328e-05
7.60086345808884e-05
7.60080568540265e-05
7.6007479135947e-05
7.60069014266495e-05
7.6006323726134e-05
7.60057460344002e-05
7.60051683514479e-05
7.60045906772769e-05
7.6004013011887e-05
7.60034353552781e-05
7.60028577074498e-05
7.60022800684021e-05
7.60017024381346e-05
7.60011248166473e-05
7.60005472039399e-05
7.59999696000122e-05
7.5999392004864e-05
7.59988144184951e-05
7.59982368409053e-05
7.59976592720944e-05
7.59970817120623e-05
7.59965041608086e-05
7.59959266183333e-05
7.5995349084636e-05
7.59947715597167e-05
7.59941940435751e-05
7.5993616536211e-05
7.59930390376242e-05
7.59924615478145e-05
7.59918840667817e-05
7.59913065945256e-05
7.5990729131046e-05
7.59901516763427e-05
7.59895742304156e-05
7.59889967932643e-05
7.59884193648888e-05
7.59878419452888e-05
7.5987264534464e-05
7.59866871324144e-05
7.59861097391397e-05
7.59855323546397e-05
7.59849549789142e-05
7.5984377611963e-05
7.59838002537859e-05
7.59832229043827e-05
7.59826455637532e-05
7.59820682318973e-05
7.59814909088146e-05
7.59809135945051e-05
7.59803362889684e-05
7.59797589922045e-05
7.5979181704213e-05
7.59786044249939e-05
7.59780271545469e-05
7.59774498928718e-05
7.59768726399684e-05
7.59762953958365e-05
7.59757181604759e-05
7.59751409338864e-05
7.59745637160679e-05
7.597398650702e-05
7.59734093067426e-05
7.59728321152356e-05
7.59722549324987e-05
7.59716777585316e-05
7.59711005933343e-05
7.59705234369065e-05
7.5969946289248e-05
7.59693691503586e-05
7.59687920202381e-05
7.59682148988863e-05
7.5967637786303e-05
7.59670606824881e-05
7.59664835874412e-05
7.59659065011623e-05
7.5965329423651e-05
7.59647523549073e-05
7.59641752949309e-05
7.59635982437216e-05
7.59630212012792e-05
7.59624441676035e-05
7.59618671426944e-05
7.59612901265515e-05
7.59607131191748e-05
7.59601361205639e-05
7.59595591307188e-05
7.59589821496392e-05
7.59584051773249e-05
7.59578282137757e-05
7.59572512589914e-05
7.59566743129719e-05
7.59560973757168e-05
7.59555204472261e-05
7.59549435274995e-05
7.59543666165368e-05
7.59537897143378e-05
7.59532128209023e-05
7.59526359362302e-05
7.59520590603211e-05
7.5951482193175e-05
7.59509053347916e-05
7.59503284851707e-05
7.59497516443121e-05
7.59491748122157e-05
7.59485979888811e-05
7.59480211743083e-05
7.5947444368497e-05
7.5946867571447e-05
7.59462907831582e-05
7.59457140036302e-05
7.5945137232863e-05
7.59445604708563e-05
7.59439837176099e-05
7.59434069731236e-05
7.59428302373973e-05
7.59422535104307e-05
7.59416767922236e-05
7.59411000827758e-05
7.59405233820871e-05
7.59399466901574e-05
7.59393700069864e-05
7.59387933325739e-05
7.59382166669198e-05
7.59376400100238e-05
7.59370633618857e-05
7.59364867225053e-05
7.59359100918825e-05
7.59353334700169e-05
7.59347568569085e-05
7.59341802525571e-05
7.59336036569624e-05
7.59330270701242e-05
7.59324504920423e-05
7.59318739227165e-05
7.59312973621467e-05
7.59307208103327e-05
7.59301442672741e-05
7.59295677329709e-05
7.59289912074228e-05
7.59284146906297e-05
7.59278381825913e-05
7.59272616833074e-05
7.59266851927779e-05
7.59261087110025e-05
7.5925532237981e-05
7.59249557737133e-05
7.59243793181991e-05
7.59238028714382e-05
7.59232264334305e-05
7.59226500041758e-05
7.59220735836737e-05
7.59214971719242e-05
7.59209207689271e-05
7.59203443746821e-05
7.5919767989189e-05
7.59191916124477e-05
7.59186152444579e-05
7.59180388852195e-05
7.59174625347322e-05
7.59168861929959e-05
7.59163098600103e-05
7.59157335357753e-05
7.59151572202906e-05
7.59145809135561e-05
7.59140046155715e-05
7.59134283263366e-05
7.59128520458514e-05
7.59122757741154e-05
7.59116995111287e-05
7.59111232568908e-05
7.59105470114018e-05
7.59099707746613e-05
7.59093945466691e-05
7.59088183274251e-05
7.59082421169291e-05
7.59076659151808e-05
7.590708972218e-05
7.59065135379267e-05
7.59059373624205e-05
7.59053611956612e-05
7.59047850376488e-05
7.59042088883829e-05
7.59036327478633e-05
7.59030566160899e-05
7.59024804930625e-05
7.59019043787809e-05
7.59013282732448e-05
7.59007521764541e-05
7.59001760884085e-05
7.58996000091079e-05
7.58990239385521e-05
7.58984478767409e-05
7.58978718236741e-05
7.58972957793514e-05
7.58967197437727e-05
7.58961437169377e-05
7.58955676988464e-05
7.58949916894984e-05
7.58944156888936e-05
7.58938396970318e-05
7.58932637139128e-05
7.58926877395363e-05
7.58921117739022e-05
7.58915358170103e-05
7.58909598688604e-05
7.58903839294523e-05
7.58898079987858e-05
7.58892320768606e-05
7.58886561636767e-05
7.58880802592337e-05
7.58875043635315e-05
7.58869284765699e-05
7.58863525983487e-05
7.58857767288677e-05
7.58852008681267e-05
7.58846250161255e-05
7.58840491728639e-05
7.58834733383416e-05
7.58828975125586e-05
7.58823216955146e-05
7.58817458872094e-05
7.58811700876428e-05
7.58805942968145e-05
7.58800185147245e-05
7.58794427413725e-05
7.58788669767583e-05
7.58782912208817e-05
7.58777154737425e-05
7.58771397353405e-05
7.58765640056756e-05
7.58759882847474e-05
7.58754125725559e-05
7.58748368691007e-05
7.58742611743818e-05
7.58736854883989e-05
7.58731098111518e-05
7.58725341426404e-05
7.58719584828643e-05
7.58713828318235e-05
7.58708071895177e-05
7.58702315559467e-05
7.58696559311104e-05
7.58690803150084e-05
7.58685047076407e-05
7.5867929109007e-05
7.58673535191072e-05
7.5866777937941e-05
7.58662023655082e-05
7.58656268018086e-05
7.58650512468421e-05
7.58644757006084e-05
7.58639001631074e-05
7.58633246343388e-05
7.58627491143024e-05
7.58621736029981e-05
7.58615981004256e-05
7.58610226065847e-05
7.58604471214753e-05
7.58598716450972e-05
7.58592961774501e-05
7.58587207185338e-05
7.58581452683482e-05
7.5857569826893e-05
7.58569943941681e-05
7.58564189701733e-05
7.58558435549083e-05
7.58552681483729e-05
7.5854692750567e-05
7.58541173614904e-05
7.58535419811428e-05
7.58529666095241e-05
7.58523912466341e-05
7.58518158924725e-05
7.58512405470391e-05
7.58506652103339e-05
7.58500898823565e-05
7.58495145631068e-05
7.58489392525846e-05
7.58483639507896e-05
7.58477886577217e-05
7.58472133733807e-05
7.58466380977663e-05
7.58460628308784e-05
7.58454875727169e-05
7.58449123232813e-05
7.58443370825717e-05
7.58437618505878e-05
7.58431866273293e-05
7.58426114127962e-05
7.58420362069881e-05
7.58414610099049e-05
7.58408858215464e-05
7.58403106419124e-05
7.58397354710027e-05
7.58391603088171e-05
7.58385851553553e-05
7.58380100106173e-05
7.58374348746028e-05
7.58368597473116e-05
7.58362846287435e-05
7.58357095188983e-05
7.58351344177758e-05
7.58345593253758e-05
7.58339842416981e-05
7.58334091667425e-05
7.58328341005088e-05
7.58322590429969e-05
7.58316839942065e-05
7.58311089541374e-05
7.58305339227893e-05
7.58299589001623e-05
7.58293838862559e-05
7.58288088810701e-05
7.58282338846046e-05
7.58276588968592e-05
7.58270839178338e-05
7.58265089475281e-05
7.58259339859419e-05
7.5825359033075e-05
7.58247840889273e-05
7.58242091534985e-05
7.58236342267885e-05
7.5823059308797e-05
7.58224843995238e-05
7.58219094989688e-05
7.58213346071318e-05
7.58207597240124e-05
7.58201848496107e-05
7.58196099839262e-05
7.5819035126959e-05
7.58184602787087e-05
7.58178854391751e-05
7.58173106083581e-05
7.58167357862575e-05
7.5816160972873e-05
7.58155861682045e-05
7.58150113722517e-05
7.58144365850145e-05
7.58138618064927e-05
7.5813287036686e-05
7.58127122755944e-05
7.58121375232175e-05
7.58115627795551e-05
7.58109880446072e-05
7.58104133183734e-05
7.58098386008536e-05
7.58092638920476e-05
7.58086891919552e-05
7.58081145005761e-05
7.58075398179103e-05
7.58069651439574e-05
7.58063904787174e-05
7.58058158221899e-05
7.58052411743748e-05
7.58046665352719e-05
7.5804091904881e-05
7.58035172832019e-05
7.58029426702345e-05
7.58023680659784e-05
7.58017934704335e-05
7.58012188835996e-05
7.58006443054766e-05
7.58000697360642e-05
7.57994951753621e-05
7.57989206233703e-05
7.57983460800885e-05
7.57977715455166e-05
7.57971970196542e-05
7.57966225025013e-05
7.57960479940576e-05
7.57954734943229e-05
7.57948990032971e-05
7.57943245209799e-05
7.57937500473711e-05
7.57931755824706e-05
7.5792601126278e-05
7.57920266787934e-05
7.57914522400164e-05
7.57908778099468e-05
7.57903033885845e-05
7.57897289759292e-05
7.57891545719807e-05
7.5788580176739e-05
7.57880057902036e-05
7.57874314123746e-05
7.57868570432516e-05
7.57862826828344e-05
7.57857083311229e-05
7.57851339881169e-05
7.57845596538161e-05
7.57839853282204e-05
7.57834110113296e-05
7.57828367031435e-05
7.57822624036618e-05
7.57816881128844e-05
7.57811138308111e-05
7.57805395574416e-05
7.57799652927759e-05
7.57793910368136e-05
7.57788167895546e-05
7.57782425509988e-05
7.57776683211458e-05
7.57770940999955e-05
7.57765198875476e-05
7.57759456838021e-05
7.57753714887587e-05
7.57747973024172e-05
7.57742231247774e-05
7.57736489558391e-05
7.57730747956021e-05
7.57725006440663e-05
7.57719265012313e-05
7.57713523670971e-05
7.57707782416633e-05
7.57702041249299e-05
7.57696300168966e-05
7.57690559175633e-05
7.57684818269296e-05
7.57679077449955e-05
7.57673336717608e-05
7.57667596072251e-05
7.57661855513884e-05
7.57656115042505e-05
7.5765037465811e-05
7.57644634360699e-05
7.5763889415027e-05
7.5763315402682e-05
7.57627413990348e-05
7.57621674040851e-05
7.57615934178328e-05
7.57610194402776e-05
7.57604454714194e-05
7.57598715112579e-05
7.5759297559793e-05
7.57587236170245e-05
7.57581496829521e-05
7.57575757575758e-05
7.57570018408951e-05
7.57564279329101e-05
7.57558540336204e-05
7.5755280143026e-05
7.57547062611265e-05
7.57541323879218e-05
7.57535585234116e-05
7.57529846675959e-05
7.57524108204744e-05
7.57518369820468e-05
7.57512631523131e-05
7.57506893312729e-05
7.57501155189262e-05
7.57495417152726e-05
7.57489679203121e-05
7.57483941340444e-05
7.57478203564692e-05
7.57472465875865e-05
7.57466728273961e-05
7.57460990758976e-05
7.5745525333091e-05
7.57449515989759e-05
7.57443778735523e-05
7.574380415682e-05
7.57432304487786e-05
7.57426567494281e-05
7.57420830587683e-05
7.57415093767989e-05
7.57409357035197e-05
7.57403620389305e-05
7.57397883830313e-05
7.57392147358216e-05
7.57386410973014e-05
7.57380674674705e-05
7.57374938463286e-05
7.57369202338756e-05
7.57363466301113e-05
7.57357730350354e-05
7.57351994486477e-05
7.57346258709482e-05
7.57340523019365e-05
7.57334787416125e-05
7.5732905189976e-05
7.57323316470267e-05
7.57317581127646e-05
7.57311845871893e-05
7.57306110703007e-05
7.57300375620986e-05
7.57294640625828e-05
7.57288905717531e-05
7.57283170896093e-05
7.57277436161512e-05
7.57271701513786e-05
7.57265966952913e-05
7.57260232478891e-05
7.57254498091719e-05
7.57248763791393e-05
7.57243029577913e-05
7.57237295451276e-05
7.5723156141148e-05
7.57225827458523e-05
7.57220093592404e-05
7.5721435981312e-05
7.57208626120669e-05
7.57202892515049e-05
7.57197158996259e-05
7.57191425564297e-05
7.5718569221916e-05
7.57179958960846e-05
7.57174225789354e-05
7.57168492704682e-05
7.57162759706827e-05
7.57157026795787e-05
7.57151293971561e-05
7.57145561234147e-05
7.57139828583543e-05
7.57134096019746e-05
7.57128363542755e-05
7.57122631152568e-05
7.57116898849182e-05
7.57111166632597e-05
7.57105434502809e-05
7.57099702459817e-05
7.57093970503619e-05
7.57088238634213e-05
7.57082506851597e-05
7.57076775155769e-05
7.57071043546726e-05
7.57065312024468e-05
7.57059580588992e-05
7.57053849240296e-05
7.57048117978379e-05
7.57042386803237e-05
7.5703665571487e-05
7.57030924713275e-05
7.5702519379845e-05
7.57019462970393e-05
7.57013732229103e-05
7.57008001574577e-05
7.57002271006813e-05
7.5699654052581e-05
7.56990810131565e-05
7.56985079824077e-05
7.56979349603343e-05
7.56973619469361e-05
7.56967889422131e-05
7.56962159461649e-05
7.56956429587913e-05
7.56950699800922e-05
7.56944970100674e-05
7.56939240487166e-05
7.56933510960397e-05
7.56927781520365e-05
7.56922052167068e-05
7.56916322900503e-05
7.5691059372067e-05
7.56904864627565e-05
7.56899135621187e-05
7.56893406701534e-05
7.56887677868604e-05
7.56881949122395e-05
7.56876220462905e-05
7.56870491890133e-05
7.56864763404075e-05
7.5685903500473e-05
7.56853306692097e-05
7.56847578466173e-05
7.56841850326956e-05
7.56836122274444e-05
7.56830394308635e-05
7.56824666429528e-05
7.5681893863712e-05
7.5681321093141e-05
7.56807483312395e-05
7.56801755780073e-05
7.56796028334443e-05
7.56790300975503e-05
7.5678457370325e-05
7.56778846517682e-05
7.56773119418798e-05
7.56767392406596e-05
7.56761665481073e-05
7.56755938642228e-05
7.56750211890059e-05
7.56744485224564e-05
7.5673875864574e-05
7.56733032153587e-05
7.56727305748101e-05
7.56721579429281e-05
7.56715853197124e-05
7.5671012705163e-05
7.56704400992796e-05
7.5669867502062e-05
7.566929491351e-05
7.56687223336234e-05
7.5668149762402e-05
7.56675771998456e-05
7.56670046459541e-05
7.56664321007272e-05
7.56658595641647e-05
7.56652870362664e-05
7.56647145170321e-05
7.56641420064617e-05
7.56635695045549e-05
7.56629970113116e-05
7.56624245267315e-05
7.56618520508145e-05
7.56612795835603e-05
7.56607071249688e-05
7.56601346750397e-05
7.56595622337729e-05
7.56589898011682e-05
7.56584173772253e-05
7.56578449619441e-05
7.56572725553244e-05
7.56567001573659e-05
7.56561277680686e-05
7.56555553874321e-05
7.56549830154563e-05
7.5654410652141e-05
7.5653838297486e-05
7.56532659514911e-05
7.56526936141561e-05
7.56521212854808e-05
7.56515489654651e-05
7.56509766541086e-05
7.56504043514113e-05
7.56498320573728e-05
7.56492597719931e-05
7.5648687495272e-05
7.56481152272091e-05
7.56475429678044e-05
7.56469707170576e-05
7.56463984749686e-05
7.56458262415371e-05
7.5645254016763e-05
7.5644681800646e-05
7.5644109593186e-05
7.56435373943827e-05
7.5642965204236e-05
7.56423930227457e-05
7.56418208499115e-05
7.56412486857333e-05
7.56406765302109e-05
7.56401043833441e-05
7.56395322451326e-05
7.56389601155763e-05
7.56383879946751e-05
7.56378158824286e-05
7.56372437788367e-05
7.56366716838992e-05
7.5636099597616e-05
7.56355275199867e-05
7.56349554510112e-05
7.56343833906894e-05
7.5633811339021e-05
7.56332392960058e-05
7.56326672616437e-05
7.56320952359343e-05
7.56315232188776e-05
7.56309512104734e-05
7.56303792107214e-05
7.56298072196214e-05
7.56292352371733e-05
7.56286632633768e-05
7.56280912982318e-05
7.56275193417381e-05
7.56269473938954e-05
7.56263754547036e-05
7.56258035241624e-05
7.56252316022718e-05
7.56246596890314e-05
7.56240877844411e-05
7.56235158885007e-05
7.562294400121e-05
7.56223721225687e-05
7.56218002525768e-05
7.5621228391234e-05
7.56206565385401e-05
7.56200846944949e-05
7.56195128590982e-05
7.56189410323498e-05
7.56183692142495e-05
7.56177974047972e-05
7.56172256039926e-05
7.56166538118355e-05
7.56160820283258e-05
7.56155102534632e-05
7.56149384872475e-05
7.56143667296786e-05
7.56137949807563e-05
7.56132232404803e-05
7.56126515088505e-05
7.56120797858666e-05
7.56115080715285e-05
7.5610936365836e-05
7.56103646687888e-05
7.56097929803868e-05
7.56092213006298e-05
7.56086496295176e-05
7.560807796705e-05
7.56075063132268e-05
7.56069346680478e-05
7.56063630315127e-05
7.56057914036215e-05
7.56052197843739e-05
7.56046481737697e-05
7.56040765718088e-05
7.56035049784908e-05
7.56029333938157e-05
7.56023618177832e-05
7.56017902503931e-05
7.56012186916453e-05
7.56006471415395e-05
7.56000756000756e-05
7.55995040672533e-05
7.55989325430725e-05
7.55983610275329e-05
7.55977895206344e-05
7.55972180223768e-05
7.55966465327598e-05
7.55960750517833e-05
7.55955035794471e-05
7.5594932115751e-05
7.55943606606947e-05
7.55937892142782e-05
7.55932177765011e-05
7.55926463473633e-05
7.55920749268647e-05
7.55915035150049e-05
7.55909321117839e-05
7.55903607172013e-05
7.55897893312571e-05
7.55892179539511e-05
7.55886465852829e-05
7.55880752252525e-05
7.55875038738596e-05
7.5586932531104e-05
7.55863611969856e-05
7.55857898715042e-05
7.55852185546595e-05
7.55846472464513e-05
7.55840759468795e-05
7.55835046559439e-05
7.55829333736442e-05
7.55823620999804e-05
7.5581790834952e-05
7.55812195785591e-05
7.55806483308014e-05
7.55800770916786e-05
7.55795058611907e-05
7.55789346393373e-05
7.55783634261184e-05
7.55777922215336e-05
7.55772210255829e-05
7.5576649838266e-05
7.55760786595827e-05
7.55755074895328e-05
7.55749363281161e-05
7.55743651753325e-05
7.55737940311818e-05
7.55732228956636e-05
7.55726517687779e-05
7.55720806505245e-05
7.55715095409031e-05
7.55709384399135e-05
7.55703673475557e-05
7.55697962638293e-05
7.55692251887341e-05
7.55686541222701e-05
7.55680830644369e-05
7.55675120152344e-05
7.55669409746624e-05
7.55663699427207e-05
7.55657989194091e-05
7.55652279047274e-05
7.55646568986754e-05
7.55640859012529e-05
7.55635149124597e-05
7.55629439322956e-05
7.55623729607605e-05
7.5561801997854e-05
7.55612310435762e-05
7.55606600979266e-05
7.55600891609052e-05
7.55595182325118e-05
7.5558947312746e-05
7.55583764016079e-05
7.55578054990971e-05
7.55572346052135e-05
7.55566637199568e-05
7.55560928433269e-05
7.55555219753236e-05
7.55549511159466e-05
7.55543802651959e-05
7.55538094230711e-05
7.55532385895721e-05
7.55526677646988e-05
7.55520969484508e-05
7.5551526140828e-05
7.55509553418303e-05
7.55503845514574e-05
7.55498137697091e-05
7.55492429965852e-05
7.55486722320855e-05
7.55481014762099e-05
7.55475307289581e-05
7.554695999033e-05
7.55463892603253e-05
7.55458185389439e-05
7.55452478261855e-05
7.554467712205e-05
7.55441064265371e-05
7.55435357396468e-05
7.55429650613787e-05
7.55423943917326e-05
7.55418237307085e-05
7.55412530783061e-05
7.55406824345251e-05
7.55401117993655e-05
7.55395411728269e-05
7.55389705549093e-05
7.55383999456123e-05
7.55378293449359e-05
7.55372587528799e-05
7.55366881694439e-05
7.55361175946279e-05
7.55355470284316e-05
7.55349764708548e-05
7.55344059218974e-05
7.55338353815592e-05
7.55332648498399e-05
7.55326943267393e-05
7.55321238122574e-05
7.55315533063938e-05
7.55309828091483e-05
7.55304123205209e-05
7.55298418405112e-05
7.55292713691191e-05
7.55287009063444e-05
7.55281304521869e-05
7.55275600066464e-05
7.55269895697227e-05
7.55264191414157e-05
7.5525848721725e-05
7.55252783106506e-05
7.55247079081922e-05
7.55241375143496e-05
7.55235671291226e-05
7.55229967525111e-05
7.55224263845149e-05
7.55218560251337e-05
7.55212856743673e-05
7.55207153322156e-05
7.55201449986784e-05
7.55195746737554e-05
7.55190043574466e-05
7.55184340497515e-05
7.55178637506702e-05
7.55172934602024e-05
7.55167231783478e-05
7.55161529051064e-05
7.55155826404779e-05
7.5515012384462e-05
7.55144421370587e-05
7.55138718982677e-05
7.55133016680888e-05
7.55127314465219e-05
7.55121612335667e-05
7.5511591029223e-05
7.55110208334906e-05
7.55104506463695e-05
7.55098804678592e-05
7.55093102979597e-05
7.55087401366708e-05
7.55081699839923e-05
7.55075998399239e-05
7.55070297044655e-05
7.55064595776169e-05
7.55058894593778e-05
7.55053193497482e-05
7.55047492487277e-05
7.55041791563163e-05
7.55036090725137e-05
7.55030389973196e-05
7.5502468930734e-05
7.55018988727566e-05
7.55013288233873e-05
7.55007587826258e-05
7.55001887504719e-05
7.54996187269254e-05
7.54990487119862e-05
7.54984787056541e-05
7.54979087079288e-05
7.54973387188102e-05
7.5496768738298e-05
7.54961987663921e-05
7.54956288030923e-05
7.54950588483984e-05
7.54944889023101e-05
7.54939189648274e-05
7.54933490359499e-05
7.54927791156776e-05
7.54922092040101e-05
7.54916393009474e-05
7.54910694064892e-05
7.54904995206353e-05
7.54899296433856e-05
7.54893597747398e-05
7.54887899146977e-05
7.54882200632591e-05
7.54876502204239e-05
7.54870803861919e-05
7.54865105605628e-05
7.54859407435365e-05
7.54853709351128e-05
7.54848011352914e-05
7.54842313440722e-05
7.5483661561455e-05
7.54830917874396e-05
7.54825220220258e-05
7.54819522652134e-05
7.54813825170022e-05
7.5480812777392e-05
7.54802430463826e-05
7.54796733239738e-05
7.54791036101655e-05
7.54785339049574e-05
7.54779642083494e-05
7.54773945203412e-05
7.54768248409326e-05
7.54762551701235e-05
7.54756855079136e-05
7.54751158543028e-05
7.54745462092909e-05
7.54739765728777e-05
7.54734069450629e-05
7.54728373258464e-05
7.5472267715228e-05
7.54716981132076e-05
7.54711285197848e-05
7.54705589349595e-05
7.54699893587315e-05
7.54694197911006e-05
7.54688502320667e-05
7.54682806816295e-05
7.54677111397888e-05
7.54671416065445e-05
7.54665720818963e-05
7.54660025658441e-05
7.54654330583876e-05
7.54648635595267e-05
7.54642940692611e-05
7.54637245875907e-05
7.54631551145153e-05
7.54625856500347e-05
7.54620161941487e-05
7.5461446746857e-05
7.54608773081596e-05
7.54603078780561e-05
7.54597384565465e-05
7.54591690436305e-05
7.54585996393079e-05
7.54580302435785e-05
7.54574608564422e-05
7.54568914778987e-05
7.54563221079478e-05
7.54557527465894e-05
7.54551833938232e-05
7.54546140496491e-05
7.54540447140669e-05
7.54534753870763e-05
7.54529060686772e-05
7.54523367588694e-05
7.54517674576527e-05
7.54511981650269e-05
7.54506288809917e-05
7.54500596055471e-05
7.54494903386928e-05
7.54489210804285e-05
7.54483518307543e-05
7.54477825896697e-05
7.54472133571747e-05
7.54466441332689e-05
7.54460749179524e-05
7.54455057112248e-05
7.54449365130859e-05
7.54443673235356e-05
7.54437981425737e-05
7.54432289701999e-05
7.54426598064141e-05
7.54420906512161e-05
7.54415215046057e-05
7.54409523665827e-05
7.54403832371468e-05
7.5439814116298e-05
7.5439245004036e-05
7.54386759003606e-05
7.54381068052716e-05
7.54375377187689e-05
7.54369686408521e-05
7.54363995715213e-05
7.5435830510776e-05
7.54352614586162e-05
7.54346924150417e-05
7.54341233800522e-05
7.54335543536476e-05
7.54329853358277e-05
7.54324163265922e-05
7.5431847325941e-05
7.54312783338739e-05
7.54307093503907e-05
7.54301403754912e-05
7.54295714091753e-05
7.54290024514426e-05
7.5428433502293e-05
7.54278645617264e-05
7.54272956297425e-05
7.54267267063411e-05
7.54261577915221e-05
7.54255888852852e-05
7.54250199876303e-05
7.54244510985571e-05
7.54238822180655e-05
7.54233133461553e-05
7.54227444828262e-05
7.54221756280782e-05
7.54216067819109e-05
7.54210379443242e-05
7.54204691153179e-05
7.54199002948918e-05
7.54193314830457e-05
7.54187626797795e-05
7.54181938850928e-05
7.54176250989856e-05
7.54170563214577e-05
7.54164875525087e-05
7.54159187921386e-05
7.54153500403472e-05
7.54147812971342e-05
7.54142125624995e-05
7.54136438364429e-05
7.54130751189641e-05
7.5412506410063e-05
7.54119377097394e-05
7.54113690179932e-05
7.5410800334824e-05
7.54102316602317e-05
7.54096629942161e-05
7.5409094336777e-05
7.54085256879143e-05
7.54079570476277e-05
7.5407388415917e-05
7.54068197927821e-05
7.54062511782227e-05
7.54056825722386e-05
7.54051139748298e-05
7.54045453859959e-05
7.54039768057367e-05
7.54034082340522e-05
7.5402839670942e-05
7.5402271116406e-05
7.5401702570444e-05
7.54011340330559e-05
7.54005655042413e-05
7.53999969840001e-05
7.53994284723322e-05
7.53988599692373e-05
7.53982914747152e-05
7.53977229887657e-05
7.53971545113887e-05
7.5396586042584e-05
7.53960175823513e-05
7.53954491306905e-05
7.53948806876013e-05
7.53943122530836e-05
7.53937438271372e-05
7.53931754097619e-05
7.53926070009575e-05
7.53920386007238e-05
7.53914702090605e-05
7.53909018259676e-05
7.53903334514448e-05
7.5389765085492e-05
7.53891967281089e-05
7.53886283792953e-05
7.5388060039051e-05
7.53874917073759e-05
7.53869233842698e-05
7.53863550697324e-05
7.53857867637636e-05
7.53852184663631e-05
7.53846501775309e-05
7.53840818972666e-05
7.53835136255701e-05
7.53829453624412e-05
7.53823771078797e-05
7.53818088618854e-05
7.53812406244582e-05
7.53806723955978e-05
7.5380104175304e-05
7.53795359635766e-05
7.53789677604155e-05
7.53783995658204e-05
7.53778313797912e-05
7.53772632023277e-05
7.53766950334296e-05
7.53761268730968e-05
7.5375558721329e-05
7.53749905781262e-05
7.5374422443488e-05
7.53738543174144e-05
7.5373286199905e-05
7.53727180909598e-05
7.53721499905785e-05
7.53715818987609e-05
7.53710138155068e-05
7.53704457408161e-05
7.53698776746885e-05
7.53693096171239e-05
7.5368741568122e-05
7.53681735276827e-05
7.53676054958058e-05
7.5367037472491e-05
7.53664694577383e-05
7.53659014515473e-05
7.53653334539179e-05
7.53647654648499e-05
7.53641974843431e-05
7.53636295123973e-05
7.53630615490124e-05
7.5362493594188e-05
7.53619256479242e-05
7.53613577102205e-05
7.53607897810769e-05
7.53602218604932e-05
7.53596539484691e-05
7.53590860450044e-05
7.53585181500991e-05
7.53579502637528e-05
7.53573823859654e-05
7.53568145167367e-05
7.53562466560666e-05
7.53556788039547e-05
7.53551109604009e-05
7.5354543125405e-05
7.53539752989669e-05
7.53534074810863e-05
7.5352839671763e-05
7.53522718709969e-05
7.53517040787877e-05
7.53511362951353e-05
7.53505685200395e-05
7.53500007535e-05
7.53494329955167e-05
7.53488652460894e-05
7.53482975052179e-05
7.53477297729019e-05
7.53471620491414e-05
7.53465943339361e-05
7.53460266272858e-05
7.53454589291903e-05
7.53448912396495e-05
7.53443235586631e-05
7.53437558862309e-05
7.53431882223528e-05
7.53426205670286e-05
7.5342052920258e-05
7.53414852820409e-05
7.5340917652377e-05
7.53403500312662e-05
7.53397824187084e-05
7.53392148147032e-05
7.53386472192505e-05
7.53380796323502e-05
7.53375120540019e-05
7.53369444842056e-05
7.5336376922961e-05
7.5335809370268e-05
7.53352418261263e-05
7.53346742905357e-05
7.53341067634961e-05
7.53335392450073e-05
7.5332971735069e-05
7.53324042336811e-05
7.53318367408434e-05
7.53312692565557e-05
7.53307017808178e-05
7.53301343136295e-05
7.53295668549906e-05
7.53289994049009e-05
7.53284319633602e-05
7.53278645303684e-05
7.53272971059252e-05
7.53267296900305e-05
7.5326162282684e-05
7.53255948838856e-05
7.5325027493635e-05
7.53244601119321e-05
7.53238927387767e-05
7.53233253741686e-05
7.53227580181076e-05
7.53221906705935e-05
7.5321623331626e-05
7.53210560012051e-05
7.53204886793306e-05
7.53199213660021e-05
7.53193540612196e-05
7.53187867649828e-05
7.53182194772916e-05
7.53176521981457e-05
7.5317084927545e-05
7.53165176654892e-05
7.53159504119783e-05
7.53153831670119e-05
7.53148159305899e-05
7.53142487027121e-05
7.53136814833783e-05
7.53131142725883e-05
7.53125470703419e-05
7.5311979876639e-05
7.53114126914793e-05
7.53108455148626e-05
7.53102783467888e-05
7.53097111872576e-05
7.53091440362689e-05
7.53085768938224e-05
7.53080097599181e-05
7.53074426345556e-05
7.53068755177348e-05
7.53063084094555e-05
7.53057413097175e-05
7.53051742185205e-05
7.53046071358646e-05
7.53040400617493e-05
7.53034729961746e-05
7.53029059391402e-05
7.53023388906459e-05
7.53017718506916e-05
7.53012048192771e-05
7.53006377964021e-05
7.53000707820665e-05
7.52995037762701e-05
7.52989367790127e-05
7.5298369790294e-05
7.5297802810114e-05
7.52972358384724e-05
7.5296668875369e-05
7.52961019208036e-05
7.5295534974776e-05
7.52949680372861e-05
7.52944011083336e-05
7.52938341879184e-05
7.52932672760402e-05
7.52927003726989e-05
7.52921334778942e-05
7.52915665916261e-05
7.52909997138942e-05
7.52904328446984e-05
7.52898659840386e-05
7.52892991319144e-05
7.52887322883257e-05
7.52881654532724e-05
7.52875986267542e-05
7.52870318087709e-05
7.52864649993224e-05
7.52858981984085e-05
7.52853314060288e-05
7.52847646221834e-05
7.52841978468719e-05
7.52836310800943e-05
7.52830643218502e-05
7.52824975721395e-05
7.5281930830962e-05
7.52813640983175e-05
7.52807973742058e-05
7.52802306586267e-05
7.52796639515801e-05
7.52790972530657e-05
7.52785305630834e-05
7.52779638816329e-05
7.52773972087141e-05
7.52768305443268e-05
7.52762638884707e-05
7.52756972411457e-05
7.52751306023516e-05
7.52745639720882e-05
7.52739973503553e-05
7.52734307371527e-05
7.52728641324802e-05
7.52722975363377e-05
7.52717309487249e-05
7.52711643696416e-05
7.52705977990877e-05
7.5270031237063e-05
7.52694646835672e-05
7.52688981386002e-05
7.52683316021617e-05
7.52677650742517e-05
7.52671985548698e-05
7.52666320440159e-05
7.52660655416899e-05
7.52654990478914e-05
7.52649325626204e-05
7.52643660858766e-05
7.52637996176599e-05
7.526323315797e-05
7.52626667068068e-05
7.526210026417e-05
7.52615338300595e-05
7.5260967404475e-05
7.52604009874165e-05
7.52598345788836e-05
7.52592681788762e-05
7.52587017873942e-05
7.52581354044372e-05
7.52575690300052e-05
7.52570026640979e-05
7.52564363067151e-05
7.52558699578567e-05
7.52553036175225e-05
7.52547372857121e-05
7.52541709624256e-05
7.52536046476626e-05
7.5253038341423e-05
7.52524720437066e-05
7.52519057545132e-05
7.52513394738426e-05
7.52507732016946e-05
7.52502069380691e-05
7.52496406829657e-05
7.52490744363844e-05
7.5248508198325e-05
7.52479419687872e-05
7.52473757477708e-05
7.52468095352757e-05
7.52462433313017e-05
7.52456771358485e-05
7.52451109489161e-05
7.52445447705041e-05
7.52439786006125e-05
7.52434124392409e-05
7.52428462863893e-05
7.52422801420574e-05
7.52417140062451e-05
7.5241147878952e-05
7.52405817601782e-05
7.52400156499233e-05
7.52394495481871e-05
7.52388834549695e-05
7.52383173702703e-05
7.52377512940893e-05
7.52371852264263e-05
7.52366191672811e-05
7.52360531166535e-05
7.52354870745433e-05
7.52349210409504e-05
7.52343550158745e-05
7.52337889993154e-05
7.5233222991273e-05
7.5232656991747e-05
7.52320910007373e-05
7.52315250182436e-05
7.52309590442659e-05
7.52303930788038e-05
7.52298271218573e-05
7.5229261173426e-05
7.52286952335099e-05
7.52281293021086e-05
7.52275633792221e-05
7.52269974648502e-05
7.52264315589926e-05
7.52258656616491e-05
7.52252997728196e-05
7.52247338925039e-05
7.52241680207017e-05
7.52236021574129e-05
7.52230363026373e-05
7.52224704563747e-05
7.52219046186249e-05
7.52213387893878e-05
7.5220772968663e-05
7.52202071564505e-05
7.521964135275e-05
7.52190755575614e-05
7.52185097708844e-05
7.52179439927189e-05
7.52173782230647e-05
7.52168124619215e-05
7.52162467092892e-05
7.52156809651676e-05
7.52151152295565e-05
7.52145495024558e-05
7.52139837838651e-05
7.52134180737844e-05
7.52128523722134e-05
7.52122866791519e-05
7.52117209945998e-05
7.52111553185569e-05
7.52105896510229e-05
7.52100239919977e-05
7.5209458341481e-05
7.52088926994728e-05
7.52083270659728e-05
7.52077614409807e-05
7.52071958244965e-05
7.52066302165199e-05
7.52060646170507e-05
7.52054990260888e-05
7.52049334436339e-05
7.52043678696859e-05
7.52038023042445e-05
7.52032367473096e-05
7.5202671198881e-05
7.52021056589584e-05
7.52015401275418e-05
7.52009746046309e-05
7.52004090902255e-05
7.51998435843253e-05
7.51992780869304e-05
7.51987125980403e-05
7.5198147117655e-05
7.51975816457743e-05
7.51970161823979e-05
7.51964507275257e-05
7.51958852811574e-05
7.5195319843293e-05
7.51947544139321e-05
7.51941889930746e-05
7.51936235807204e-05
7.51930581768691e-05
7.51924927815207e-05
7.51919273946749e-05
7.51913620163316e-05
7.51907966464905e-05
7.51902312851514e-05
7.51896659323143e-05
7.51891005879788e-05
7.51885352521448e-05
7.5187969924812e-05
7.51874046059804e-05
7.51868392956497e-05
7.51862739938197e-05
7.51857087004902e-05
7.51851434156611e-05
7.51845781393321e-05
7.5184012871503e-05
7.51834476121737e-05
7.5182882361344e-05
7.51823171190136e-05
7.51817518851824e-05
7.51811866598502e-05
7.51806214430168e-05
7.51800562346821e-05
7.51794910348457e-05
7.51789258435075e-05
7.51783606606674e-05
7.51777954863252e-05
7.51772303204805e-05
7.51766651631334e-05
7.51761000142835e-05
7.51755348739306e-05
7.51749697420747e-05
7.51744046187154e-05
7.51738395038527e-05
7.51732743974862e-05
7.51727092996159e-05
7.51721442102414e-05
7.51715791293628e-05
7.51710140569796e-05
7.51704489930918e-05
7.51698839376992e-05
7.51693188908015e-05
7.51687538523986e-05
7.51681888224903e-05
7.51676238010764e-05
7.51670587881567e-05
7.5166493783731e-05
7.51659287877991e-05
7.51653638003608e-05
7.5164798821416e-05
7.51642338509644e-05
7.51636688890058e-05
7.51631039355401e-05
7.51625389905671e-05
7.51619740540866e-05
7.51614091260983e-05
7.51608442066021e-05
7.51602792955979e-05
7.51597143930853e-05
7.51591494990643e-05
7.51585846135346e-05
7.5158019736496e-05
7.51574548679483e-05
7.51568900078915e-05
7.51563251563252e-05
7.51557603132492e-05
7.51551954786634e-05
7.51546306525677e-05
7.51540658349617e-05
7.51535010258453e-05
7.51529362252183e-05
7.51523714330806e-05
7.51518066494318e-05
7.5151241874272e-05
7.51506771076007e-05
7.5150112349418e-05
7.51495475997235e-05
7.5148982858517e-05
7.51484181257984e-05
7.51478534015676e-05
7.51472886858242e-05
7.51467239785682e-05
7.51461592797992e-05
7.51455945895172e-05
7.51450299077219e-05
7.51444652344132e-05
7.51439005695908e-05
7.51433359132545e-05
7.51427712654043e-05
7.51422066260398e-05
7.51416419951609e-05
7.51410773727674e-05
7.51405127588591e-05
7.51399481534358e-05
7.51393835564973e-05
7.51388189680435e-05
7.51382543880741e-05
7.51376898165889e-05
7.51371252535878e-05
7.51365606990706e-05
7.5135996153037e-05
7.51354316154869e-05
7.51348670864201e-05
7.51343025658364e-05
7.51337380537357e-05
7.51331735501176e-05
7.5132609054982e-05
7.51320445683288e-05
7.51314800901578e-05
7.51309156204687e-05
7.51303511592613e-05
7.51297867065355e-05
7.51292222622911e-05
7.51286578265279e-05
7.51280933992457e-05
7.51275289804443e-05
7.51269645701235e-05
7.51264001682831e-05
7.5125835774923e-05
7.51252713900429e-05
7.51247070136427e-05
7.51241426457221e-05
7.51235782862809e-05
7.51230139353191e-05
7.51224495928363e-05
7.51218852588325e-05
7.51213209333073e-05
7.51207566162606e-05
7.51201923076923e-05
7.51196280076021e-05
7.51190637159898e-05
7.51184994328553e-05
7.51179351581984e-05
7.51173708920188e-05
7.51168066343164e-05
7.51162423850909e-05
7.51156781443423e-05
7.51151139120702e-05
7.51145496882746e-05
7.51139854729552e-05
7.51134212661118e-05
7.51128570677443e-05
7.51122928778524e-05
7.51117286964359e-05
7.51111645234948e-05
7.51106003590287e-05
7.51100362030375e-05
7.51094720555209e-05
7.51089079164789e-05
7.51083437859112e-05
7.51077796638176e-05
7.51072155501979e-05
7.5106651445052e-05
7.51060873483796e-05
7.51055232601806e-05
7.51049591804547e-05
7.51043951092018e-05
7.51038310464217e-05
7.51032669921142e-05
7.5102702946279e-05
7.51021389089161e-05
7.51015748800252e-05
7.51010108596062e-05
7.51004468476587e-05
7.50998828441828e-05
7.5099318849178e-05
7.50987548626444e-05
7.50981908845816e-05
7.50976269149895e-05
7.50970629538679e-05
7.50964990012166e-05
7.50959350570354e-05
7.50953711213241e-05
7.50948071940825e-05
7.50942432753105e-05
7.50936793650078e-05
7.50931154631743e-05
7.50925515698098e-05
7.5091987684914e-05
7.50914238084868e-05
7.5090859940528e-05
7.50902960810374e-05
7.50897322300149e-05
7.50891683874601e-05
7.5088604553373e-05
7.50880407277533e-05
7.50874769106008e-05
7.50869131019155e-05
7.50863493016969e-05
7.50857855099451e-05
7.50852217266598e-05
7.50846579518407e-05
7.50840941854878e-05
7.50835304276007e-05
7.50829666781794e-05
7.50824029372236e-05
7.50818392047332e-05
7.50812754807079e-05
7.50807117651475e-05
7.5080148058052e-05
7.5079584359421e-05
7.50790206692544e-05
7.5078456987552e-05
7.50778933143136e-05
7.5077329649539e-05
7.50767659932281e-05
7.50762023453806e-05
7.50756387059963e-05
7.50750750750751e-05
7.50745114526167e-05
7.5073947838621e-05
7.50733842330878e-05
7.50728206360169e-05
7.50722570474081e-05
7.50716934672612e-05
7.50711298955761e-05
7.50705663323524e-05
7.50700027775901e-05
7.50694392312889e-05
7.50688756934487e-05
7.50683121640693e-05
7.50677486431504e-05
7.5067185130692e-05
7.50666216266937e-05
7.50660581311554e-05
7.5065494644077e-05
7.50649311654581e-05
7.50643676952987e-05
7.50638042335986e-05
7.50632407803575e-05
7.50626773355752e-05
7.50621138992516e-05
7.50615504713865e-05
7.50609870519797e-05
7.5060423641031e-05
7.50598602385402e-05
7.50592968445072e-05
7.50587334589316e-05
7.50581700818134e-05
7.50576067131523e-05
7.50570433529482e-05
7.50564800012009e-05
7.50559166579101e-05
7.50553533230758e-05
7.50547899966976e-05
7.50542266787754e-05
7.50536633693091e-05
7.50531000682983e-05
7.5052536775743e-05
7.5051973491643e-05
7.5051410215998e-05
7.50508469488078e-05
7.50502836900724e-05
7.50497204397914e-05
7.50491571979647e-05
7.50485939645921e-05
7.50480307396734e-05
7.50474675232084e-05
7.5046904315197e-05
7.50463411156389e-05
7.5045777924534e-05
7.5045214741882e-05
7.50446515676828e-05
7.50440884019361e-05
7.50435252446419e-05
7.50429620957998e-05
7.50423989554098e-05
7.50418358234716e-05
7.5041272699985e-05
7.50407095849498e-05
7.50401464783659e-05
7.50395833802331e-05
7.50390202905511e-05
7.50384572093198e-05
7.5037894136539e-05
7.50373310722084e-05
7.5036768016328e-05
7.50362049688975e-05
7.50356419299167e-05
7.50350788993855e-05
7.50345158773036e-05
7.50339528636708e-05
7.5033389858487e-05
7.5032826861752e-05
7.50322638734656e-05
7.50317008936276e-05
7.50311379222377e-05
7.50305749592959e-05
7.50300120048019e-05
7.50294490587556e-05
7.50288861211566e-05
7.5028323192005e-05
7.50277602713004e-05
7.50271973590427e-05
7.50266344552316e-05
7.50260715598671e-05
7.50255086729488e-05
7.50249457944767e-05
7.50243829244504e-05
7.502382006287e-05
7.5023257209735e-05
7.50226943650454e-05
7.5022131528801e-05
7.50215687010015e-05
7.50210058816469e-05
7.50204430707368e-05
7.50198802682711e-05
7.50193174742496e-05
7.50187546886722e-05
7.50181919115385e-05
7.50176291428486e-05
7.5017066382602e-05
7.50165036307988e-05
7.50159408874386e-05
7.50153781525213e-05
7.50148154260466e-05
7.50142527080145e-05
7.50136899984247e-05
7.5013127297277e-05
7.50125646045713e-05
7.50120019203072e-05
7.50114392444848e-05
7.50108765771037e-05
7.50103139181637e-05
7.50097512676648e-05
7.50091886256066e-05
7.50086259919891e-05
7.50080633668119e-05
7.5007500750075e-05
7.50069381417781e-05
7.50063755419211e-05
7.50058129505037e-05
7.50052503675257e-05
7.50046877929871e-05
7.50041252268875e-05
7.50035626692268e-05
7.50030001200048e-05
7.50024375792213e-05
7.50018750468762e-05
7.50013125229692e-05
7.50007500075001e-05
7.50001875004687e-05
7.4999625001875e-05
7.49990625117186e-05
7.49985000299994e-05
7.49979375567172e-05
7.49973750918718e-05
7.4996812635463e-05
7.49962501874906e-05
7.49956877479545e-05
7.49951253168544e-05
7.49945628941902e-05
7.49940004799616e-05
7.49934380741685e-05
7.49928756768107e-05
7.4992313287888e-05
7.49917509074002e-05
7.49911885353471e-05
7.49906261717285e-05
7.49900638165443e-05
7.49895014697942e-05
7.49889391314781e-05
7.49883768015958e-05
7.4987814480147e-05
7.49872521671316e-05
7.49866898625494e-05
7.49861275664002e-05
7.49855652786838e-05
7.49850029994001e-05
7.49844407285488e-05
7.49838784661298e-05
7.49833162121428e-05
7.49827539665877e-05
7.49821917294642e-05
7.49816295007723e-05
7.49810672805117e-05
7.49805050686821e-05
7.49799428652835e-05
7.49793806703157e-05
7.49788184837783e-05
7.49782563056714e-05
7.49776941359945e-05
7.49771319747477e-05
7.49765698219306e-05
7.49760076775432e-05
7.49754455415851e-05
7.49748834140563e-05
7.49743212949565e-05
7.49737591842855e-05
7.49731970820432e-05
7.49726349882293e-05
7.49720729028437e-05
7.49715108258862e-05
7.49709487573565e-05
7.49703866972546e-05
7.49698246455802e-05
7.4969262602333e-05
7.49687005675131e-05
7.496813854112e-05
7.49675765231537e-05
7.4967014513614e-05
7.49664525125007e-05
7.49658905198135e-05
7.49653285355523e-05
7.49647665597169e-05
7.49642045923072e-05
7.49636426333228e-05
7.49630806827637e-05
7.49625187406297e-05
7.49619568069205e-05
7.4961394881636e-05
7.49608329647759e-05
7.49602710563401e-05
7.49597091563285e-05
7.49591472647407e-05
7.49585853815767e-05
7.49580235068362e-05
7.4957461640519e-05
7.4956899782625e-05
7.49563379331539e-05
7.49557760921057e-05
7.495521425948e-05
7.49546524352767e-05
7.49540906194956e-05
7.49535288121365e-05
7.49529670131992e-05
7.49524052226836e-05
7.49518434405894e-05
7.49512816669165e-05
7.49507199016647e-05
7.49501581448337e-05
7.49495963964234e-05
7.49490346564336e-05
7.49484729248642e-05
7.49479112017148e-05
7.49473494869854e-05
7.49467877806757e-05
7.49462260827856e-05
7.49456643933148e-05
7.49451027122633e-05
7.49445410396307e-05
7.49439793754169e-05
7.49434177196217e-05
7.49428560722449e-05
7.49422944332864e-05
7.49417328027459e-05
7.49411711806232e-05
7.49406095669182e-05
7.49400479616307e-05
7.49394863647605e-05
7.49389247763073e-05
7.49383631962711e-05
7.49378016246515e-05
7.49372400614485e-05
7.49366785066619e-05
7.49361169602913e-05
7.49355554223368e-05
7.4934993892798e-05
7.49344323716748e-05
7.4933870858967e-05
7.49333093546743e-05
7.49327478587967e-05
7.49321863713339e-05
7.49316248922858e-05
7.49310634216521e-05
7.49305019594326e-05
7.49299405056272e-05
7.49293790602357e-05
7.49288176232579e-05
7.49282561946936e-05
7.49276947745426e-05
7.49271333628047e-05
7.49265719594797e-05
7.49260105645675e-05
7.49254491780678e-05
7.49248877999805e-05
7.49243264303054e-05
7.49237650690422e-05
7.49232037161909e-05
7.49226423717512e-05
7.49220810357228e-05
7.49215197081058e-05
7.49209583888997e-05
7.49203970781045e-05
7.491983577572e-05
7.49192744817459e-05
7.49187131961821e-05
7.49181519190285e-05
7.49175906502847e-05
7.49170293899506e-05
7.49164681380261e-05
7.49159068945109e-05
7.49153456594049e-05
7.49147844327078e-05
7.49142232144195e-05
7.49136620045398e-05
7.49131008030684e-05
7.49125396100053e-05
7.49119784253502e-05
7.49114172491029e-05
7.49108560812633e-05
7.49102949218311e-05
7.49097337708062e-05
7.49091726281883e-05
7.49086114939773e-05
7.49080503681731e-05
7.49074892507753e-05
7.49069281417838e-05
7.49063670411985e-05
7.49058059490191e-05
7.49052448652455e-05
7.49046837898774e-05
7.49041227229147e-05
7.49035616643571e-05
7.49030006142046e-05
7.49024395724569e-05
7.49018785391138e-05
7.49013175141751e-05
7.49007564976406e-05
7.49001954895102e-05
7.48996344897837e-05
7.48990734984608e-05
7.48985125155414e-05
7.48979515410253e-05
7.48973905749124e-05
7.48968296172023e-05
7.4896268667895e-05
7.48957077269902e-05
7.48951467944877e-05
7.48945858703874e-05
7.48940249546891e-05
7.48934640473926e-05
7.48929031484977e-05
7.48923422580041e-05
7.48917813759118e-05
7.48912205022205e-05
7.48906596369301e-05
7.48900987800403e-05
7.4889537931551e-05
7.48889770914619e-05
7.48884162597729e-05
7.48878554364839e-05
7.48872946215945e-05
7.48867338151047e-05
7.48861730170141e-05
7.48856122273228e-05
7.48850514460304e-05
7.48844906731367e-05
7.48839299086416e-05
7.48833691525449e-05
7.48828084048464e-05
7.48822476655459e-05
7.48816869346433e-05
7.48811262121382e-05
7.48805654980306e-05
7.48800047923203e-05
7.4879444095007e-05
7.48788834060907e-05
7.48783227255709e-05
7.48777620534478e-05
7.48772013897209e-05
7.48766407343901e-05
7.48760800874553e-05
7.48755194489162e-05
7.48749588187726e-05
7.48743981970245e-05
7.48738375836715e-05
7.48732769787135e-05
7.48727163821503e-05
7.48721557939818e-05
7.48715952142076e-05
7.48710346428277e-05
7.48704740798419e-05
7.48699135252499e-05
7.48693529790516e-05
7.48687924412467e-05
7.48682319118352e-05
7.48676713908167e-05
7.48671108781912e-05
7.48665503739584e-05
7.48659898781182e-05
7.48654293906703e-05
7.48648689116145e-05
7.48643084409508e-05
7.48637479786788e-05
7.48631875247984e-05
7.48626270793095e-05
7.48620666422117e-05
7.4861506213505e-05
7.48609457931892e-05
7.48603853812639e-05
7.48598249777292e-05
7.48592645825847e-05
7.48587041958304e-05
7.48581438174659e-05
7.48575834474911e-05
7.48570230859059e-05
7.485646273271e-05
7.48559023879033e-05
7.48553420514855e-05
7.48547817234565e-05
7.48542214038161e-05
7.4853661092564e-05
7.48531007897002e-05
7.48525404952244e-05
7.48519802091364e-05
7.48514199314361e-05
7.48508596621232e-05
7.48502994011976e-05
7.48497391486591e-05
7.48491789045074e-05
7.48486186687425e-05
7.4848058441364e-05
7.48474982223719e-05
7.48469380117659e-05
7.48463778095459e-05
7.48458176157116e-05
7.48452574302629e-05
7.48446972531996e-05
7.48441370845215e-05
7.48435769242284e-05
7.48430167723201e-05
7.48424566287964e-05
7.48418964936572e-05
7.48413363669022e-05
7.48407762485313e-05
7.48402161385442e-05
7.48396560369409e-05
7.4839095943721e-05
7.48385358588845e-05
7.4837975782431e-05
7.48374157143605e-05
7.48368556546728e-05
7.48362956033676e-05
7.48357355604448e-05
7.48351755259042e-05
7.48346154997456e-05
7.48340554819687e-05
7.48334954725735e-05
7.48329354715597e-05
7.48323754789272e-05
7.48318154946757e-05
7.48312555188051e-05
7.48306955513152e-05
7.48301355922057e-05
7.48295756414765e-05
7.48290156991275e-05
7.48284557651584e-05
7.4827895839569e-05
7.48273359223592e-05
7.48267760135287e-05
7.48262161130774e-05
7.48256562210051e-05
7.48250963373115e-05
7.48245364619966e-05
7.48239765950601e-05
7.48234167365019e-05
7.48228568863216e-05
7.48222970445193e-05
7.48217372110946e-05
7.48211773860473e-05
7.48206175693774e-05
7.48200577610846e-05
7.48194979611687e-05
7.48189381696295e-05
7.48183783864669e-05
7.48178186116806e-05
7.48172588452704e-05
7.48166990872363e-05
7.48161393375779e-05
7.48155795962951e-05
7.48150198633878e-05
7.48144601388556e-05
7.48139004226985e-05
7.48133407149163e-05
7.48127810155087e-05
7.48122213244756e-05
7.48116616418167e-05
7.4811101967532e-05
7.48105423016211e-05
7.4809982644084e-05
7.48094229949204e-05
7.48088633541302e-05
7.48083037217131e-05
7.4807744097669e-05
7.48071844819976e-05
7.48066248746989e-05
7.48060652757726e-05
7.48055056852184e-05
7.48049461030363e-05
7.48043865292261e-05
7.48038269637875e-05
7.48032674067203e-05
7.48027078580245e-05
7.48021483176997e-05
7.48015887857458e-05
7.48010292621626e-05
7.480046974695e-05
7.47999102401077e-05
7.47993507416356e-05
7.47987912515334e-05
7.4798231769801e-05
7.47976722964381e-05
7.47971128314447e-05
7.47965533748205e-05
7.47959939265653e-05
7.47954344866789e-05
7.47948750551612e-05
7.4794315632012e-05
7.4793756217231e-05
7.47931968108181e-05
7.47926374127731e-05
7.47920780230958e-05
7.4791518641786e-05
7.47909592688436e-05
7.47903999042683e-05
7.478984054806e-05
7.47892812002184e-05
7.47887218607434e-05
7.47881625296348e-05
7.47876032068924e-05
7.47870438925161e-05
7.47864845865055e-05
7.47859252888606e-05
7.47853659995812e-05
7.4784806718667e-05
7.4784247446118e-05
7.47836881819338e-05
7.47831289261143e-05
7.47825696786593e-05
7.47820104395687e-05
7.47814512088422e-05
7.47808919864796e-05
7.47803327724808e-05
7.47797735668456e-05
7.47792143695738e-05
7.47786551806652e-05
7.47780960001196e-05
7.47775368279369e-05
7.47769776641168e-05
7.47764185086591e-05
7.47758593615637e-05
7.47753002228304e-05
7.4774741092459e-05
7.47741819704492e-05
7.4773622856801e-05
7.47730637515142e-05
7.47725046545884e-05
7.47719455660236e-05
7.47713864858196e-05
7.47708274139762e-05
7.47702683504931e-05
7.47697092953703e-05
7.47691502486074e-05
7.47685912102044e-05
7.47680321801611e-05
7.47674731584771e-05
7.47669141451525e-05
7.47663551401869e-05
7.47657961435802e-05
7.47652371553323e-05
7.47646781754428e-05
7.47641192039117e-05
7.47635602407387e-05
7.47630012859236e-05
7.47624423394664e-05
7.47618834013667e-05
7.47613244716243e-05
7.47607655502392e-05
7.47602066372111e-05
7.47596477325399e-05
7.47590888362253e-05
7.47585299482671e-05
7.47579710686652e-05
7.47574121974194e-05
7.47568533345294e-05
7.47562944799952e-05
7.47557356338165e-05
7.47551767959931e-05
7.47546179665249e-05
7.47540591454116e-05
7.47535003326531e-05
7.47529415282491e-05
7.47523827321996e-05
7.47518239445042e-05
7.47512651651629e-05
7.47507063941754e-05
7.47501476315416e-05
7.47495888772612e-05
7.4749030131334e-05
7.474847139376e-05
7.47479126645388e-05
7.47473539436704e-05
7.47467952311545e-05
7.47462365269909e-05
7.47456778311794e-05
7.47451191437199e-05
7.47445604646122e-05
7.4744001793856e-05
7.47434431314513e-05
7.47428844773977e-05
7.47423258316952e-05
7.47417671943435e-05
7.47412085653425e-05
7.47406499446919e-05
7.47400913323916e-05
7.47395327284414e-05
7.47389741328411e-05
7.47384155455904e-05
7.47378569666893e-05
7.47372983961376e-05
7.4736739833935e-05
7.47361812800813e-05
7.47356227345764e-05
7.47350641974201e-05
7.47345056686123e-05
7.47339471481526e-05
7.47333886360409e-05
7.47328301322771e-05
7.47322716368609e-05
7.47317131497922e-05
7.47311546710708e-05
7.47305962006965e-05
7.47300377386691e-05
7.47294792849883e-05
7.47289208396542e-05
7.47283624026663e-05
7.47278039740246e-05
7.47272455537289e-05
7.47266871417789e-05
7.47261287381746e-05
7.47255703429156e-05
7.47250119560019e-05
7.47244535774332e-05
7.47238952072094e-05
7.47233368453302e-05
7.47227784917954e-05
7.4722220146605e-05
7.47216618097587e-05
7.47211034812562e-05
7.47205451610975e-05
7.47199868492823e-05
7.47194285458105e-05
7.47188702506818e-05
7.47183119638961e-05
7.47177536854532e-05
7.47171954153529e-05
7.4716637153595e-05
7.47160789001793e-05
7.47155206551057e-05
7.47149624183739e-05
7.47144041899838e-05
7.47138459699352e-05
7.47132877582278e-05
7.47127295548616e-05
7.47121713598362e-05
7.47116131731516e-05
7.47110549948076e-05
7.47104968248039e-05
7.47099386631404e-05
7.47093805098168e-05
7.47088223648331e-05
7.47082642281889e-05
7.47077060998842e-05
7.47071479799187e-05
7.47065898682923e-05
7.47060317650047e-05
7.47054736700558e-05
7.47049155834454e-05
7.47043575051733e-05
7.47037994352393e-05
7.47032413736432e-05
7.47026833203849e-05
7.47021252754641e-05
7.47015672388807e-05
7.47010092106344e-05
7.47004511907252e-05
7.46998931791527e-05
7.46993351759169e-05
7.46987771810175e-05
7.46982191944544e-05
7.46976612162273e-05
7.46971032463361e-05
7.46965452847806e-05
7.46959873315605e-05
7.46954293866758e-05
7.46948714501262e-05
7.46943135219116e-05
7.46937556020317e-05
7.46931976904863e-05
7.46926397872754e-05
7.46920818923986e-05
7.46915240058558e-05
7.46909661276469e-05
7.46904082577715e-05
7.46898503962297e-05
7.4689292543021e-05
7.46887346981455e-05
7.46881768616028e-05
7.46876190333928e-05
7.46870612135154e-05
7.46865034019702e-05
7.46859455987572e-05
7.46853878038762e-05
7.46848300173269e-05
7.46842722391092e-05
7.46837144692228e-05
7.46831567076677e-05
7.46825989544436e-05
7.46820412095503e-05
7.46814834729877e-05
7.46809257447555e-05
7.46803680248536e-05
7.46798103132818e-05
7.46792526100399e-05
7.46786949151277e-05
7.4678137228545e-05
7.46775795502916e-05
7.46770218803674e-05
7.46764642187722e-05
7.46759065655057e-05
7.46753489205678e-05
7.46747912839584e-05
7.46742336556771e-05
7.46736760357239e-05
7.46731184240985e-05
7.46725608208008e-05
7.46720032258305e-05
7.46714456391876e-05
7.46708880608717e-05
7.46703304908827e-05
7.46697729292205e-05
7.46692153758848e-05
7.46686578308755e-05
7.46681002941923e-05
7.46675427658351e-05
7.46669852458037e-05
7.46664277340979e-05
7.46658702307175e-05
7.46653127356624e-05
7.46647552489323e-05
7.4664197770527e-05
7.46636403004465e-05
7.46630828386904e-05
7.46625253852586e-05
7.4661967940151e-05
7.46614105033672e-05
7.46608530749072e-05
7.46602956547708e-05
7.46597382429577e-05
7.46591808394678e-05
7.46586234443009e-05
7.46580660574568e-05
7.46575086789354e-05
7.46569513087364e-05
7.46563939468596e-05
7.46558365933049e-05
7.4655279248072e-05
7.46547219111609e-05
7.46541645825712e-05
7.46536072623029e-05
7.46530499503557e-05
7.46524926467295e-05
7.4651935351424e-05
7.46513780644391e-05
7.46508207857745e-05
7.46502635154302e-05
7.46497062534059e-05
7.46491489997014e-05
7.46485917543165e-05
7.46480345172512e-05
7.4647477288505e-05
7.4646920068078e-05
7.46463628559698e-05
7.46458056521804e-05
7.46452484567095e-05
7.46446912695569e-05
7.46441340907225e-05
7.4643576920206e-05
7.46430197580073e-05
7.46424626041262e-05
7.46419054585625e-05
7.46413483213161e-05
7.46407911923866e-05
7.46402340717741e-05
7.46396769594781e-05
7.46391198554987e-05
7.46385627598355e-05
7.46380056724884e-05
7.46374485934573e-05
7.46368915227419e-05
7.4636334460342e-05
7.46357774062575e-05
7.46352203604881e-05
7.46346633230338e-05
7.46341062938942e-05
7.46335492730692e-05
7.46329922605587e-05
7.46324352563624e-05
7.46318782604802e-05
7.46313212729118e-05
7.46307642936571e-05
7.46302073227159e-05
7.46296503600881e-05
7.46290934057733e-05
7.46285364597715e-05
7.46279795220824e-05
7.46274225927059e-05
7.46268656716418e-05
7.46263087588899e-05
7.46257518544499e-05
7.46251949583218e-05
7.46246380705054e-05
7.46240811910003e-05
7.46235243198066e-05
7.46229674569239e-05
7.46224106023521e-05
7.4621853756091e-05
7.46212969181404e-05
7.46207400885002e-05
7.46201832671701e-05
7.461962645415e-05
7.46190696494396e-05
7.46185128530388e-05
7.46179560649475e-05
7.46173992851653e-05
7.46168425136922e-05
7.46162857505279e-05
7.46157289956723e-05
7.46151722491251e-05
7.46146155108863e-05
7.46140587809555e-05
7.46135020593327e-05
7.46129453460175e-05
7.461238864101e-05
7.46118319443097e-05
7.46112752559167e-05
7.46107185758306e-05
7.46101619040513e-05
7.46096052405787e-05
7.46090485854124e-05
7.46084919385524e-05
7.46079352999985e-05
7.46073786697504e-05
7.4606822047808e-05
7.46062654341712e-05
7.46057088288396e-05
7.46051522318131e-05
7.46045956430916e-05
7.46040390626749e-05
7.46034824905627e-05
7.46029259267549e-05
7.46023693712512e-05
7.46018128240516e-05
7.46012562851558e-05
7.46006997545637e-05
7.4600143232275e-05
7.45995867182896e-05
7.45990302126072e-05
7.45984737152278e-05
7.4597917226151e-05
7.45973607453768e-05
7.4596804272905e-05
7.45962478087352e-05
7.45956913528675e-05
7.45951349053015e-05
7.45945784660371e-05
7.45940220350741e-05
7.45934656124124e-05
7.45929091980516e-05
7.45923527919918e-05
7.45917963942326e-05
7.45912400047738e-05
7.45906836236154e-05
7.45901272507571e-05
7.45895708861987e-05
7.458901452994e-05
7.45884581819809e-05
7.45879018423212e-05
7.45873455109606e-05
7.4586789187899e-05
7.45862328731363e-05
7.45856765666721e-05
7.45851202685064e-05
7.4584563978639e-05
7.45840076970696e-05
7.45834514237981e-05
7.45828951588243e-05
7.4582338902148e-05
7.4581782653769e-05
7.45812264136872e-05
7.45806701819023e-05
7.45801139584141e-05
7.45795577432226e-05
7.45790015363274e-05
7.45784453377285e-05
7.45778891474256e-05
7.45773329654185e-05
7.45767767917071e-05
7.45762206262911e-05
7.45756644691704e-05
7.45751083203448e-05
7.45745521798142e-05
7.45739960475782e-05
7.45734399236368e-05
7.45728838079897e-05
7.45723277006369e-05
7.45717716015779e-05
7.45712155108128e-05
7.45706594283413e-05
7.45701033541633e-05
7.45695472882784e-05
7.45689912306866e-05
7.45684351813877e-05
7.45678791403815e-05
7.45673231076678e-05
7.45667670832463e-05
7.4566211067117e-05
7.45656550592797e-05
7.45650990597341e-05
7.45645430684801e-05
7.45639870855174e-05
7.4563431110846e-05
7.45628751444656e-05
7.4562319186376e-05
7.4561763236577e-05
7.45612072950685e-05
7.45606513618503e-05
7.45600954369222e-05
7.45595395202839e-05
7.45589836119354e-05
7.45584277118764e-05
7.45578718201068e-05
7.45573159366263e-05
7.45567600614348e-05
7.4556204194532e-05
7.45556483359179e-05
7.45550924855922e-05
7.45545366435548e-05
7.45539808098053e-05
7.45534249843438e-05
7.45528691671699e-05
7.45523133582835e-05
7.45517575576844e-05
7.45512017653725e-05
7.45506459813474e-05
7.45500902056091e-05
7.45495344381574e-05
7.45489786789921e-05
7.4548422928113e-05
7.45478671855198e-05
7.45473114512125e-05
7.45467557251908e-05
7.45462000074546e-05
7.45456442980037e-05
7.45450885968378e-05
7.45445329039568e-05
7.45439772193606e-05
7.45434215430488e-05
7.45428658750214e-05
7.45423102152782e-05
7.45417545638189e-05
7.45411989206434e-05
7.45406432857516e-05
7.45400876591431e-05
7.45395320408178e-05
7.45389764307757e-05
7.45384208290163e-05
7.45378652355396e-05
7.45373096503455e-05
7.45367540734336e-05
7.45361985048039e-05
7.4535642944456e-05
7.453508739239e-05
7.45345318486055e-05
7.45339763131023e-05
7.45334207858804e-05
7.45328652669395e-05
7.45323097562794e-05
7.45317542538999e-05
7.45311987598008e-05
7.45306432739821e-05
7.45300877964434e-05
7.45295323271846e-05
7.45289768662056e-05
7.4528421413506e-05
7.45278659690858e-05
7.45273105329448e-05
7.45267551050827e-05
7.45261996854994e-05
7.45256442741948e-05
7.45250888711685e-05
7.45245334764204e-05
7.45239780899504e-05
7.45234227117583e-05
7.45228673418438e-05
7.45223119802069e-05
7.45217566268472e-05
7.45212012817647e-05
7.4520645944959e-05
7.45200906164302e-05
7.45195352961779e-05
7.4518979984202e-05
7.45184246805023e-05
7.45178693850785e-05
7.45173140979307e-05
7.45167588190584e-05
7.45162035484616e-05
7.45156482861401e-05
7.45150930320937e-05
7.45145377863221e-05
7.45139825488253e-05
7.4513427319603e-05
7.4512872098655e-05
7.45123168859812e-05
7.45117616815814e-05
7.45112064854554e-05
7.4510651297603e-05
7.4510096118024e-05
7.45095409467182e-05
7.45089857836855e-05
7.45084306289257e-05
7.45078754824385e-05
7.45073203442238e-05
7.45067652142815e-05
7.45062100926112e-05
7.45056549792129e-05
7.45050998740864e-05
7.45045447772314e-05
7.45039896886478e-05
7.45034346083354e-05
7.45028795362941e-05
7.45023244725235e-05
7.45017694170236e-05
7.45012143697942e-05
7.45006593308351e-05
7.4500104300146e-05
7.44995492777269e-05
7.44989942635774e-05
7.44984392576975e-05
7.4497884260087e-05
7.44973292707456e-05
7.44967742896733e-05
7.44962193168697e-05
7.44956643523347e-05
7.44951093960681e-05
7.44945544480698e-05
7.44939995083396e-05
7.44934445768772e-05
7.44928896536826e-05
7.44923347387554e-05
7.44917798320955e-05
7.44912249337028e-05
7.4490670043577e-05
7.4490115161718e-05
7.44895602881256e-05
7.44890054227996e-05
7.44884505657398e-05
7.4487895716946e-05
7.44873408764181e-05
7.44867860441558e-05
7.4486231220159e-05
7.44856764044274e-05
7.4485121596961e-05
7.44845667977595e-05
7.44840120068227e-05
7.44834572241505e-05
7.44829024497427e-05
7.4482347683599e-05
7.44817929257193e-05
7.44812381761034e-05
7.44806834347512e-05
7.44801287016624e-05
7.44795739768368e-05
7.44790192602744e-05
7.44784645519748e-05
7.44779098519379e-05
7.44773551601636e-05
7.44768004766515e-05
7.44762458014016e-05
7.44756911344137e-05
7.44751364756876e-05
7.44745818252231e-05
7.44740271830199e-05
7.4473472549078e-05
7.44729179233972e-05
7.44723633059772e-05
7.44718086968178e-05
7.4471254095919e-05
7.44706995032804e-05
7.4470144918902e-05
7.44695903427835e-05
7.44690357749248e-05
7.44684812153256e-05
7.44679266639858e-05
7.44673721209052e-05
7.44668175860836e-05
7.44662630595209e-05
7.44657085412168e-05
7.44651540311711e-05
7.44645995293837e-05
7.44640450358544e-05
7.4463490550583e-05
7.44629360735694e-05
7.44623816048133e-05
7.44618271443145e-05
7.44612726920729e-05
7.44607182480882e-05
7.44601638123604e-05
7.44596093848892e-05
7.44590549656744e-05
7.44585005547158e-05
7.44579461520133e-05
7.44573917575667e-05
7.44568373713758e-05
7.44562829934404e-05
7.44557286237603e-05
7.44551742623354e-05
7.44546199091654e-05
7.44540655642501e-05
7.44535112275895e-05
7.44529568991832e-05
7.44524025790312e-05
7.44518482671332e-05
7.44512939634891e-05
7.44507396680986e-05
7.44501853809616e-05
7.44496311020779e-05
7.44490768314473e-05
7.44485225690696e-05
7.44479683149447e-05
7.44474140690723e-05
7.44468598314523e-05
7.44463056020845e-05
7.44457513809687e-05
7.44451971681047e-05
7.44446429634924e-05
7.44440887671314e-05
7.44435345790218e-05
7.44429803991633e-05
7.44424262275556e-05
7.44418720641987e-05
7.44413179090923e-05
7.44407637622362e-05
7.44402096236303e-05
7.44396554932744e-05
7.44391013711683e-05
7.44385472573117e-05
7.44379931517046e-05
7.44374390543468e-05
7.4436884965238e-05
7.4436330884378e-05
7.44357768117668e-05
7.44352227474041e-05
7.44346686912896e-05
7.44341146434234e-05
7.4433560603805e-05
7.44330065724345e-05
7.44324525493115e-05
7.44318985344359e-05
7.44313445278075e-05
7.44307905294262e-05
7.44302365392917e-05
7.44296825574039e-05
7.44291285837625e-05
7.44285746183675e-05
7.44280206612185e-05
7.44274667123155e-05
7.44269127716582e-05
7.44263588392465e-05
7.44258049150802e-05
7.4425250999159e-05
7.44246970914828e-05
7.44241431920515e-05
7.44235893008648e-05
7.44230354179226e-05
7.44224815432246e-05
7.44219276767707e-05
7.44213738185607e-05
7.44208199685944e-05
7.44202661268717e-05
7.44197122933923e-05
7.4419158468156e-05
7.44186046511628e-05
7.44180508424123e-05
7.44174970419045e-05
7.44169432496391e-05
7.44163894656159e-05
7.44158356898348e-05
7.44152819222956e-05
7.4414728162998e-05
7.4414174411942e-05
7.44136206691273e-05
7.44130669345537e-05
7.44125132082211e-05
7.44119594901293e-05
7.4411405780278e-05
7.44108520786671e-05
7.44102983852965e-05
7.44097447001659e-05
7.44091910232752e-05
7.44086373546241e-05
7.44080836942125e-05
7.44075300420403e-05
7.44069763981071e-05
7.44064227624129e-05
7.44058691349574e-05
7.44053155157405e-05
7.44047619047619e-05
7.44042083020216e-05
7.44036547075192e-05
7.44031011212547e-05
7.44025475432279e-05
7.44019939734385e-05
7.44014404118864e-05
7.44008868585714e-05
7.44003333134932e-05
7.43997797766519e-05
7.4399226248047e-05
7.43986727276785e-05
7.43981192155462e-05
7.43975657116499e-05
7.43970122159894e-05
7.43964587285645e-05
7.43959052493751e-05
7.43953517784209e-05
7.43947983157018e-05
7.43942448612175e-05
7.4393691414968e-05
7.4393137976953e-05
7.43925845471723e-05
7.43920311256258e-05
7.43914777123133e-05
7.43909243072345e-05
7.43903709103894e-05
7.43898175217776e-05
7.43892641413991e-05
7.43887107692537e-05
7.43881574053411e-05
7.43876040496612e-05
7.43870507022138e-05
7.43864973629987e-05
7.43859440320157e-05
7.43853907092647e-05
7.43848373947454e-05
7.43842840884578e-05
7.43837307904015e-05
7.43831775005765e-05
7.43826242189824e-05
7.43820709456193e-05
7.43815176804868e-05
7.43809644235847e-05
7.4380411174913e-05
7.43798579344714e-05
7.43793047022596e-05
7.43787514782777e-05
7.43781982625253e-05
7.43776450550023e-05
7.43770918557084e-05
7.43765386646436e-05
7.43759854818076e-05
7.43754323072003e-05
7.43748791408214e-05
7.43743259826708e-05
7.43737728327483e-05
7.43732196910536e-05
7.43726665575868e-05
7.43721134323474e-05
7.43715603153354e-05
7.43710072065506e-05
7.43704541059928e-05
7.43699010136618e-05
7.43693479295573e-05
7.43687948536794e-05
7.43682417860277e-05
7.43676887266021e-05
7.43671356754023e-05
7.43665826324283e-05
7.43660295976798e-05
7.43654765711566e-05
7.43649235528586e-05
7.43643705427855e-05
7.43638175409373e-05
7.43632645473136e-05
7.43627115619144e-05
7.43621585847394e-05
7.43616056157884e-05
7.43610526550614e-05
7.4360499702558e-05
7.43599467582781e-05
7.43593938222216e-05
7.43588408943881e-05
7.43582879747777e-05
7.435773506339e-05
7.43571821602249e-05
7.43566292652822e-05
7.43560763785617e-05
7.43555235000632e-05
7.43549706297866e-05
7.43544177677317e-05
7.43538649138982e-05
7.43533120682861e-05
7.43527592308951e-05
7.4352206401725e-05
7.43516535807756e-05
7.43511007680469e-05
7.43505479635385e-05
7.43499951672503e-05
7.43494423791822e-05
7.43488895993338e-05
7.43483368277052e-05
7.4347784064296e-05
7.4347231309106e-05
7.43466785621352e-05
7.43461258233833e-05
7.43455730928502e-05
7.43450203705356e-05
7.43444676564393e-05
7.43439149505613e-05
7.43433622529012e-05
7.4342809563459e-05
7.43422568822344e-05
7.43417042092273e-05
7.43411515444374e-05
7.43405988878646e-05
7.43400462395088e-05
7.43394935993696e-05
7.4338940967447e-05
7.43383883437407e-05
7.43378357282506e-05
7.43372831209765e-05
7.43367305219182e-05
7.43361779310755e-05
7.43356253484482e-05
7.43350727740362e-05
7.43345202078393e-05
7.43339676498573e-05
7.43334151000899e-05
7.43328625585371e-05
7.43323100251986e-05
7.43317575000743e-05
7.4331204983164e-05
7.43306524744674e-05
7.43300999739845e-05
7.43295474817149e-05
7.43289949976586e-05
7.43284425218154e-05
7.4327890054185e-05
7.43273375947673e-05
7.43267851435622e-05
7.43262327005693e-05
7.43256802657886e-05
7.43251278392199e-05
7.43245754208629e-05
7.43240230107175e-05
7.43234706087836e-05
7.43229182150608e-05
7.43223658295491e-05
7.43218134522482e-05
7.43212610831581e-05
7.43207087222784e-05
7.4320156369609e-05
7.43196040251498e-05
7.43190516889005e-05
7.43184993608609e-05
7.43179470410309e-05
7.43173947294104e-05
7.4316842425999e-05
7.43162901307967e-05
7.43157378438032e-05
7.43151855650184e-05
7.4314633294442e-05
7.4314081032074e-05
7.4313528777914e-05
7.4312976531962e-05
7.43124242942178e-05
7.4311872064681e-05
7.43113198433517e-05
7.43107676302296e-05
7.43102154253145e-05
7.43096632286063e-05
7.43091110401046e-05
7.43085588598095e-05
7.43080066877206e-05
7.43074545238378e-05
7.4306902368161e-05
7.43063502206899e-05
7.43057980814243e-05
7.43052459503641e-05
7.43046938275091e-05
7.43041417128591e-05
7.43035896064139e-05
7.43030375081733e-05
7.43024854181372e-05
7.43019333363054e-05
7.43013812626777e-05
7.43008291972538e-05
7.43002771400337e-05
7.42997250910172e-05
7.4299173050204e-05
7.42986210175939e-05
7.42980689931869e-05
7.42975169769826e-05
7.4296964968981e-05
7.42964129691818e-05
7.42958609775849e-05
7.42953089941901e-05
7.42947570189972e-05
7.42942050520059e-05
7.42936530932162e-05
7.42931011426279e-05
7.42925492002407e-05
7.42919972660545e-05
7.42914453400691e-05
7.42908934222843e-05
7.42903415126999e-05
7.42897896113158e-05
7.42892377181318e-05
7.42886858331476e-05
7.42881339563632e-05
7.42875820877782e-05
7.42870302273926e-05
7.42864783752061e-05
7.42859265312187e-05
7.428537469543e-05
7.42848228678399e-05
7.42842710484482e-05
7.42837192372548e-05
7.42831674342594e-05
7.42826156394619e-05
7.42820638528621e-05
7.42815120744598e-05
7.42809603042548e-05
7.4280408542247e-05
7.42798567884361e-05
7.4279305042822e-05
7.42787533054045e-05
7.42782015761834e-05
7.42776498551586e-05
7.42770981423298e-05
7.42765464376968e-05
7.42759947412596e-05
7.42754430530178e-05
7.42748913729714e-05
7.42743397011201e-05
7.42737880374637e-05
7.42732363820021e-05
7.42726847347351e-05
7.42721330956625e-05
7.42715814647841e-05
7.42710298420998e-05
7.42704782276093e-05
7.42699266213125e-05
7.42693750232092e-05
7.42688234332992e-05
7.42682718515823e-05
7.42677202780583e-05
7.42671687127272e-05
7.42666171555886e-05
7.42660656066424e-05
7.42655140658884e-05
7.42649625333264e-05
7.42644110089563e-05
7.42638594927778e-05
7.42633079847909e-05
7.42627564849952e-05
7.42622049933907e-05
7.4261653509977e-05
7.42611020347542e-05
7.42605505677219e-05
7.425999910888e-05
7.42594476582283e-05
7.42588962157666e-05
7.42583447814948e-05
7.42577933554126e-05
7.425724193752e-05
7.42566905278166e-05
7.42561391263023e-05
7.42555877329769e-05
7.42550363478403e-05
7.42544849708922e-05
7.42539336021326e-05
7.42533822415611e-05
7.42528308891776e-05
7.4252279544982e-05
7.42517282089741e-05
7.42511768811536e-05
7.42506255615204e-05
7.42500742500742e-05
7.42495229468151e-05
7.42489716517426e-05
7.42484203648567e-05
7.42478690861572e-05
7.42473178156439e-05
7.42467665533166e-05
7.42462152991751e-05
7.42456640532193e-05
7.42451128154489e-05
7.42445615858638e-05
7.42440103644638e-05
7.42434591512488e-05
7.42429079462184e-05
7.42423567493726e-05
7.42418055607112e-05
7.4241254380234e-05
7.42407032079408e-05
7.42401520438314e-05
7.42396008879056e-05
7.42390497401633e-05
7.42384986006043e-05
7.42379474692284e-05
7.42373963460354e-05
7.42368452310251e-05
7.42362941241973e-05
7.42357430255519e-05
7.42351919350887e-05
7.42346408528076e-05
7.42340897787082e-05
7.42335387127904e-05
7.42329876550542e-05
7.42324366054991e-05
7.42318855641252e-05
7.42313345309322e-05
7.42307835059199e-05
7.42302324890882e-05
7.42296814804368e-05
7.42291304799656e-05
7.42285794876743e-05
7.42280285035629e-05
7.42274775276312e-05
7.42269265598789e-05
7.42263756003058e-05
7.42258246489118e-05
7.42252737056968e-05
7.42247227706604e-05
7.42241718438027e-05
7.42236209251232e-05
7.42230700146219e-05
7.42225191122987e-05
7.42219682181532e-05
7.42214173321854e-05
7.4220866454395e-05
7.42203155847819e-05
7.42197647233458e-05
7.42192138700867e-05
7.42186630250043e-05
7.42181121880984e-05
7.42175613593689e-05
7.42170105388155e-05
7.42164597264381e-05
7.42159089222366e-05
7.42153581262106e-05
7.42148073383602e-05
7.42142565586849e-05
7.42137057871848e-05
7.42131550238595e-05
7.4212604268709e-05
7.4212053521733e-05
7.42115027829313e-05
7.42109520523039e-05
7.42104013298504e-05
7.42098506155707e-05
7.42092999094646e-05
7.4208749211532e-05
7.42081985217727e-05
7.42076478401864e-05
7.4207097166773e-05
7.42065465015324e-05
7.42059958444642e-05
7.42054451955685e-05
7.42048945548448e-05
7.42043439222932e-05
7.42037932979134e-05
7.42032426817052e-05
7.42026920736684e-05
7.42021414738029e-05
7.42015908821085e-05
7.4201040298585e-05
7.42004897232322e-05
7.41999391560499e-05
7.4199388597038e-05
7.41988380461962e-05
7.41982875035244e-05
7.41977369690225e-05
7.41971864426901e-05
7.41966359245272e-05
7.41960854145335e-05
7.4195534912709e-05
7.41949844190533e-05
7.41944339335663e-05
7.41938834562479e-05
7.41933329870978e-05
7.41927825261159e-05
7.41922320733019e-05
7.41916816286558e-05
7.41911311921773e-05
7.41905807638662e-05
7.41900303437224e-05
7.41894799317457e-05
7.41889295279358e-05
7.41883791322927e-05
7.41878287448161e-05
7.41872783655059e-05
7.41867279943618e-05
7.41861776313837e-05
7.41856272765714e-05
7.41850769299248e-05
7.41845265914436e-05
7.41839762611276e-05
7.41834259389767e-05
7.41828756249907e-05
7.41823253191695e-05
7.41817750215127e-05
7.41812247320203e-05
7.41806744506921e-05
7.41801241775279e-05
7.41795739125274e-05
7.41790236556906e-05
7.41784734070173e-05
7.41779231665072e-05
7.41773729341602e-05
7.4176822709976e-05
7.41762724939546e-05
7.41757222860958e-05
7.41751720863992e-05
7.41746218948649e-05
7.41740717114925e-05
7.4173521536282e-05
7.4172971369233e-05
7.41724212103456e-05
7.41718710596194e-05
7.41713209170542e-05
7.417077078265e-05
7.41702206564065e-05
7.41696705383235e-05
7.41691204284008e-05
7.41685703266384e-05
7.41680202330359e-05
7.41674701475933e-05
7.41669200703102e-05
7.41663700011867e-05
7.41658199402223e-05
7.41652698874171e-05
7.41647198427708e-05
7.41641698062832e-05
7.41636197779541e-05
7.41630697577834e-05
7.41625197457709e-05
7.41619697419163e-05
7.41614197462196e-05
7.41608697586805e-05
7.41603197792989e-05
7.41597698080745e-05
7.41592198450072e-05
7.41586698900968e-05
7.41581199433432e-05
7.41575700047461e-05
7.41570200743053e-05
7.41564701520208e-05
7.41559202378922e-05
7.41553703319194e-05
7.41548204341023e-05
7.41542705444407e-05
7.41537206629343e-05
7.4153170789583e-05
7.41526209243866e-05
7.41520710673449e-05
7.41515212184578e-05
7.4150971377725e-05
7.41504215451465e-05
7.41498717207219e-05
7.41493219044512e-05
7.41487720963341e-05
7.41482222963704e-05
7.41476725045601e-05
7.41471227209028e-05
7.41465729453985e-05
7.41460231780468e-05
7.41454734188478e-05
7.41449236678011e-05
7.41443739249066e-05
7.41438241901641e-05
7.41432744635734e-05
7.41427247451344e-05
7.41421750348468e-05
7.41416253327105e-05
7.41410756387254e-05
7.41405259528911e-05
7.41399762752076e-05
7.41394266056746e-05
7.4138876944292e-05
7.41383272910597e-05
7.41377776459773e-05
7.41372280090447e-05
7.41366783802618e-05
7.41361287596284e-05
7.41355791471443e-05
7.41350295428093e-05
7.41344799466232e-05
7.41339303585858e-05
7.4133380778697e-05
7.41328312069566e-05
7.41322816433644e-05
7.41317320879202e-05
7.41311825406239e-05
7.41306330014752e-05
7.4130083470474e-05
7.41295339476201e-05
7.41289844329133e-05
7.41284349263534e-05
7.41278854279403e-05
7.41273359376737e-05
7.41267864555536e-05
7.41262369815796e-05
7.41256875157517e-05
7.41251380580696e-05
7.41245886085332e-05
7.41240391671423e-05
7.41234897338967e-05
7.41229403087962e-05
7.41223908918406e-05
7.41218414830298e-05
7.41212920823636e-05
7.41207426898418e-05
7.41201933054641e-05
7.41196439292306e-05
7.41190945611408e-05
7.41185452011948e-05
7.41179958493922e-05
7.4117446505733e-05
7.41168971702169e-05
7.41163478428437e-05
7.41157985236133e-05
7.41152492125255e-05
7.41146999095801e-05
7.41141506147769e-05
7.41136013281157e-05
7.41130520495965e-05
7.41125027792189e-05
7.41119535169828e-05
7.4111404262888e-05
7.41108550169343e-05
7.41103057791216e-05
7.41097565494497e-05
7.41092073279184e-05
7.41086581145275e-05
7.41081089092768e-05
7.41075597121662e-05
7.41070105231955e-05
7.41064613423644e-05
7.41059121696729e-05
7.41053630051207e-05
7.41048138487076e-05
7.41042647004335e-05
7.41037155602982e-05
7.41031664283015e-05
7.41026173044432e-05
7.41020681887231e-05
7.41015190811412e-05
7.41009699816971e-05
7.41004208903907e-05
7.40998718072218e-05
7.40993227321902e-05
7.40987736652958e-05
7.40982246065384e-05
7.40976755559178e-05
7.40971265134338e-05
7.40965774790862e-05
7.40960284528749e-05
7.40954794347997e-05
7.40949304248603e-05
7.40943814230567e-05
7.40938324293886e-05
7.40932834438558e-05
7.40927344664582e-05
7.40921854971956e-05
7.40916365360678e-05
7.40910875830746e-05
7.40905386382159e-05
7.40899897014914e-05
7.4089440772901e-05
7.40888918524446e-05
7.40883429401218e-05
7.40877940359326e-05
7.40872451398767e-05
7.4086696251954e-05
7.40861473721644e-05
7.40855985005075e-05
7.40850496369833e-05
7.40845007815915e-05
7.4083951934332e-05
7.40834030952046e-05
7.40828542642091e-05
7.40823054413453e-05
7.40817566266131e-05
7.40812078200123e-05
7.40806590215427e-05
7.4080110231204e-05
7.40795614489962e-05
7.40790126749191e-05
7.40784639089724e-05
7.4077915151156e-05
7.40773664014697e-05
7.40768176599133e-05
7.40762689264867e-05
7.40757202011897e-05
7.4075171484022e-05
7.40746227749835e-05
7.40740740740741e-05
7.40735253812935e-05
7.40729766966415e-05
7.40724280201181e-05
7.40718793517229e-05
7.40713306914559e-05
7.40707820393168e-05
7.40702333953054e-05
7.40696847594217e-05
7.40691361316653e-05
7.40685875120361e-05
7.4068038900534e-05
7.40674902971588e-05
7.40669417019102e-05
7.40663931147881e-05
7.40658445357923e-05
7.40652959649227e-05
7.4064747402179e-05
7.40641988475611e-05
7.40636503010687e-05
7.40631017627018e-05
7.40625532324601e-05
7.40620047103435e-05
7.40614561963517e-05
7.40609076904847e-05
7.40603591927421e-05
7.40598107031238e-05
7.40592622216297e-05
7.40587137482596e-05
7.40581652830133e-05
7.40576168258905e-05
7.40570683768912e-05
7.40565199360152e-05
7.40559715032622e-05
7.4055423078632e-05
7.40548746621246e-05
7.40543262537397e-05
7.40537778534772e-05
7.40532294613368e-05
7.40526810773184e-05
7.40521327014218e-05
7.40515843336468e-05
7.40510359739933e-05
7.4050487622461e-05
7.40499392790498e-05
7.40493909437595e-05
7.40488426165899e-05
7.40482942975409e-05
7.40477459866122e-05
7.40471976838037e-05
7.40466493891151e-05
7.40461011025464e-05
7.40455528240974e-05
7.40450045537678e-05
7.40444562915574e-05
7.40439080374662e-05
7.40433597914939e-05
7.40428115536403e-05
7.40422633239053e-05
7.40417151022886e-05
7.40411668887902e-05
7.40406186834097e-05
7.40400704861471e-05
7.40395222970021e-05
7.40389741159746e-05
7.40384259430645e-05
7.40378777782714e-05
7.40373296215952e-05
7.40367814730358e-05
7.4036233332593e-05
7.40356852002665e-05
7.40351370760563e-05
7.40345889599621e-05
7.40340408519837e-05
7.40334927521211e-05
7.40329446603739e-05
7.4032396576742e-05
7.40318485012252e-05
7.40313004338234e-05
7.40307523745364e-05
7.40302043233639e-05
7.40296562803059e-05
7.40291082453621e-05
7.40285602185323e-05
7.40280121998164e-05
7.40274641892142e-05
7.40269161867255e-05
7.40263681923501e-05
7.40258202060879e-05
7.40252722279386e-05
7.40247242579021e-05
7.40241762959783e-05
7.40236283421668e-05
7.40230803964676e-05
7.40225324588805e-05
7.40219845294052e-05
7.40214366080417e-05
7.40208886947897e-05
7.4020340789649e-05
7.40197928926195e-05
7.4019245003701e-05
7.40186971228932e-05
7.40181492501962e-05
7.40176013856095e-05
7.40170535291331e-05
7.40165056807668e-05
7.40159578405104e-05
7.40154100083637e-05
7.40148621843266e-05
7.40143143683989e-05
7.40137665605803e-05
7.40132187608707e-05
7.40126709692699e-05
7.40121231857778e-05
7.40115754103942e-05
7.40110276431188e-05
7.40104798839516e-05
7.40099321328922e-05
7.40093843899406e-05
7.40088366550966e-05
7.400828892836e-05
7.40077412097305e-05
7.40071934992081e-05
7.40066457967926e-05
7.40060981024836e-05
7.40055504162812e-05
7.40050027381851e-05
7.40044550681951e-05
7.4003907406311e-05
7.40033597525328e-05
7.40028121068601e-05
7.40022644692928e-05
7.40017168398307e-05
7.40011692184737e-05
7.40006216052215e-05
7.4000074000074e-05
7.3999526403031e-05
7.39989788140924e-05
7.39984312332578e-05
7.39978836605273e-05
7.39973360959005e-05
7.39967885393774e-05
7.39962409909577e-05
7.39956934506412e-05
7.39951459184278e-05
7.39945983943172e-05
7.39940508783094e-05
7.39935033704041e-05
7.39929558706011e-05
7.39924083789003e-05
7.39918608953015e-05
7.39913134198045e-05
7.39907659524091e-05
7.39902184931152e-05
7.39896710419225e-05
7.3989123598831e-05
7.39885761638403e-05
7.39880287369504e-05
7.3987481318161e-05
7.39869339074719e-05
7.39863865048831e-05
7.39858391103943e-05
7.39852917240053e-05
7.39847443457159e-05
7.3984196975526e-05
7.39836496134354e-05
7.39831022594439e-05
7.39825549135514e-05
7.39820075757576e-05
7.39814602460623e-05
7.39809129244655e-05
7.39803656109669e-05
7.39798183055662e-05
7.39792710082635e-05
7.39787237190584e-05
7.39781764379508e-05
7.39776291649405e-05
7.39770819000274e-05
7.39765346432112e-05
7.39759873944918e-05
7.39754401538689e-05
7.39748929213425e-05
7.39743456969123e-05
7.39737984805782e-05
7.39732512723399e-05
7.39727040721974e-05
7.39721568801503e-05
7.39716096961986e-05
7.3971062520342e-05
7.39705153525805e-05
7.39699681929137e-05
7.39694210413415e-05
7.39688738978638e-05
7.39683267624803e-05
7.39677796351909e-05
7.39672325159954e-05
7.39666854048936e-05
7.39661383018854e-05
7.39655912069705e-05
7.39650441201488e-05
7.39644970414201e-05
7.39639499707842e-05
7.3963402908241e-05
7.39628558537902e-05
7.39623088074317e-05
7.39617617691653e-05
7.39612147389909e-05
7.39606677169081e-05
7.3960120702917e-05
7.39595736970172e-05
7.39590266992086e-05
7.39584797094911e-05
7.39579327278644e-05
7.39573857543284e-05
7.39568387888828e-05
7.39562918315276e-05
7.39557448822625e-05
7.39551979410873e-05
7.39546510080019e-05
7.39541040830061e-05
7.39535571660997e-05
7.39530102572825e-05
7.39524633565544e-05
7.39519164639152e-05
7.39513695793646e-05
7.39508227029026e-05
7.39502758345289e-05
7.39497289742433e-05
7.39491821220457e-05
7.39486352779359e-05
7.39480884419138e-05
7.3947541613979e-05
7.39469947941316e-05
7.39464479823712e-05
7.39459011786977e-05
7.39453543831109e-05
7.39448075956106e-05
7.39442608161967e-05
7.3943714044869e-05
7.39431672816273e-05
7.39426205264715e-05
7.39420737794012e-05
7.39415270404164e-05
7.39409803095169e-05
7.39404335867026e-05
7.39398868719731e-05
7.39393401653284e-05
7.39387934667682e-05
7.39382467762924e-05
7.39377000939009e-05
7.39371534195933e-05
7.39366067533697e-05
7.39360600952296e-05
7.39355134451731e-05
7.39349668031999e-05
7.39344201693098e-05
7.39338735435027e-05
7.39333269257783e-05
7.39327803161366e-05
7.39322337145772e-05
7.39316871211001e-05
7.3931140535705e-05
7.39305939583919e-05
7.39300473891604e-05
7.39295008280104e-05
7.39289542749418e-05
7.39284077299543e-05
7.39278611930478e-05
7.39273146642221e-05
7.39267681434771e-05
7.39262216308125e-05
7.39256751262281e-05
7.39251286297238e-05
7.39245821412994e-05
7.39240356609548e-05
7.39234891886897e-05
7.3922942724504e-05
7.39223962683974e-05
7.39218498203699e-05
7.39213033804212e-05
7.39207569485512e-05
7.39202105247596e-05
7.39196641090463e-05
7.39191177014111e-05
7.39185713018539e-05
7.39180249103744e-05
7.39174785269725e-05
7.3916932151648e-05
7.39163857844007e-05
7.39158394252304e-05
7.3915293074137e-05
7.39147467311203e-05
7.39142003961801e-05
7.39136540693162e-05
7.39131077505285e-05
7.39125614398167e-05
7.39120151371807e-05
7.39114688426203e-05
7.39109225561353e-05
7.39103762777256e-05
7.3909830007391e-05
7.39092837451312e-05
7.39087374909462e-05
7.39081912448357e-05
7.39076450067995e-05
7.39070987768375e-05
7.39065525549495e-05
7.39060063411353e-05
7.39054601353948e-05
7.39049139377277e-05
7.39043677481339e-05
7.39038215666132e-05
7.39032753931654e-05
7.39027292277904e-05
7.39021830704879e-05
7.39016369212578e-05
7.39010907800999e-05
7.3900544647014e-05
7.3899998522e-05
7.38994524050577e-05
7.38989062961868e-05
7.38983601953873e-05
7.38978141026588e-05
7.38972680180014e-05
7.38967219414147e-05
7.38961758728986e-05
7.38956298124529e-05
7.38950837600774e-05
7.3894537715772e-05
7.38939916795365e-05
7.38934456513707e-05
7.38928996312744e-05
7.38923536192475e-05
7.38918076152897e-05
7.38912616194009e-05
7.38907156315809e-05
7.38901696518295e-05
7.38896236801466e-05
7.38890777165319e-05
7.38885317609854e-05
7.38879858135067e-05
7.38874398740958e-05
7.38868939427524e-05
7.38863480194764e-05
7.38858021042677e-05
7.38852561971259e-05
7.38847102980509e-05
7.38841644070426e-05
7.38836185241008e-05
7.38830726492253e-05
7.3882526782416e-05
7.38819809236725e-05
7.38814350729949e-05
7.38808892303828e-05
7.38803433958361e-05
7.38797975693547e-05
7.38792517509383e-05
7.38787059405867e-05
7.38781601382999e-05
7.38776143440776e-05
7.38770685579196e-05
7.38765227798258e-05
7.38759770097959e-05
7.38754312478299e-05
7.38748854939275e-05
7.38743397480885e-05
7.38737940103128e-05
7.38732482806001e-05
7.38727025589504e-05
7.38721568453634e-05
7.3871611139839e-05
7.38710654423769e-05
7.3870519752977e-05
7.38699740716391e-05
7.38694283983631e-05
7.38688827331487e-05
7.38683370759957e-05
7.38677914269041e-05
7.38672457858736e-05
7.38667001529041e-05
7.38661545279953e-05
7.38656089111471e-05
7.38650633023593e-05
7.38645177016317e-05
7.38639721089641e-05
7.38634265243565e-05
7.38628809478085e-05
7.386233537932e-05
7.38617898188909e-05
7.38612442665209e-05
7.38606987222099e-05
7.38601531859577e-05
7.38596076577641e-05
7.3859062137629e-05
7.38585166255521e-05
7.38579711215333e-05
7.38574256255724e-05
7.38568801376692e-05
7.38563346578236e-05
7.38557891860353e-05
7.38552437223043e-05
7.38546982666302e-05
7.3854152819013e-05
7.38536073794525e-05
7.38530619479484e-05
7.38525165245006e-05
7.38519711091089e-05
7.38514257017732e-05
7.38508803024932e-05
7.38503349112688e-05
7.38497895280998e-05
7.38492441529861e-05
7.38486987859274e-05
7.38481534269236e-05
7.38476080759744e-05
7.38470627330798e-05
7.38465173982395e-05
7.38459720714534e-05
7.38454267527212e-05
7.38448814420428e-05
7.38443361394181e-05
7.38437908448468e-05
7.38432455583288e-05
7.38427002798638e-05
7.38421550094518e-05
7.38416097470925e-05
7.38410644927857e-05
7.38405192465313e-05
7.38399740083291e-05
7.3839428778179e-05
7.38388835560806e-05
7.38383383420339e-05
7.38377931360387e-05
7.38372479380949e-05
7.38367027482021e-05
7.38361575663602e-05
7.38356123925692e-05
7.38350672268287e-05
7.38345220691387e-05
7.38339769194988e-05
7.3833431777909e-05
7.38328866443691e-05
7.38323415188789e-05
7.38317964014382e-05
7.38312512920469e-05
7.38307061907047e-05
7.38301610974115e-05
7.38296160121671e-05
7.38290709349714e-05
7.3828525865824e-05
7.3827980804725e-05
7.3827435751674e-05
7.3826890706671e-05
7.38263456697157e-05
7.38258006408079e-05
7.38252556199476e-05
7.38247106071344e-05
7.38241656023683e-05
7.3823620605649e-05
7.38230756169764e-05
7.38225306363502e-05
7.38219856637704e-05
7.38214406992367e-05
7.38208957427489e-05
7.3820350794307e-05
7.38198058539106e-05
7.38192609215597e-05
7.38187159972539e-05
7.38181710809933e-05
7.38176261727775e-05
7.38170812726065e-05
7.381653638048e-05
7.38159914963978e-05
7.38154466203598e-05
7.38149017523658e-05
7.38143568924156e-05
7.3813812040509e-05
7.38132671966459e-05
7.38127223608261e-05
7.38121775330494e-05
7.38116327133156e-05
7.38110879016246e-05
7.38105430979761e-05
7.380999830237e-05
7.38094535148062e-05
7.38089087352844e-05
7.38083639638044e-05
7.38078192003661e-05
7.38072744449693e-05
7.38067296976138e-05
7.38061849582995e-05
7.38056402270262e-05
7.38050955037936e-05
7.38045507886016e-05
7.38040060814501e-05
7.38034613823388e-05
7.38029166912676e-05
7.38023720082363e-05
7.38018273332448e-05
7.38012826662927e-05
7.38007380073801e-05
7.38001933565066e-05
7.37996487136721e-05
7.37991040788765e-05
7.37985594521195e-05
7.3798014833401e-05
7.37974702227208e-05
7.37969256200787e-05
7.37963810254745e-05
7.37958364389081e-05
7.37952918603793e-05
7.37947472898879e-05
7.37942027274337e-05
7.37936581730166e-05
7.37931136266364e-05
7.37925690882928e-05
7.37920245579858e-05
7.37914800357151e-05
7.37909355214805e-05
7.3790391015282e-05
7.37898465171192e-05
7.37893020269921e-05
7.37887575449005e-05
7.37882130708441e-05
7.37876686048228e-05
7.37871241468364e-05
7.37865796968847e-05
7.37860352549676e-05
7.37854908210849e-05
7.37849463952364e-05
7.3784401977422e-05
7.37838575676414e-05
7.37833131658944e-05
7.37827687721809e-05
7.37822243865008e-05
7.37816800088538e-05
7.37811356392398e-05
7.37805912776585e-05
7.37800469241098e-05
7.37795025785936e-05
7.37789582411096e-05
7.37784139116577e-05
7.37778695902377e-05
7.37773252768494e-05
7.37767809714927e-05
7.37762366741673e-05
7.3775692384873e-05
7.37751481036098e-05
7.37746038303774e-05
7.37740595651757e-05
7.37735153080044e-05
7.37729710588635e-05
7.37724268177526e-05
7.37718825846717e-05
7.37713383596205e-05
7.3770794142599e-05
7.37702499336068e-05
7.37697057326438e-05
7.37691615397099e-05
7.37686173548049e-05
7.37680731779286e-05
7.37675290090808e-05
7.37669848482613e-05
7.376644069547e-05
7.37658965507067e-05
7.37653524139712e-05
7.37648082852633e-05
7.37642641645828e-05
7.37637200519297e-05
7.37631759473036e-05
7.37626318507044e-05
7.3762087762132e-05
7.37615436815862e-05
7.37609996090667e-05
7.37604555445734e-05
7.37599114881062e-05
7.37593674396648e-05
7.37588233992491e-05
7.37582793668589e-05
7.3757735342494e-05
7.37571913261543e-05
7.37566473178395e-05
7.37561033175495e-05
7.37555593252841e-05
7.37550153410432e-05
7.37544713648265e-05
7.37539273966339e-05
7.37533834364652e-05
7.37528394843201e-05
7.37522955401987e-05
7.37517516041006e-05
7.37512076760257e-05
7.37506637559738e-05
7.37501198439447e-05
7.37495759399383e-05
7.37490320439544e-05
7.37484881559928e-05
7.37479442760533e-05
7.37474004041357e-05
7.374685654024e-05
7.37463126843658e-05
7.3745768836513e-05
7.37452249966815e-05
7.3744681164871e-05
7.37441373410814e-05
7.37435935253125e-05
7.37430497175641e-05
7.37425059178361e-05
7.37419621261282e-05
7.37414183424404e-05
7.37408745667724e-05
7.3740330799124e-05
7.3739787039495e-05
7.37392432878854e-05
7.37386995442948e-05
7.37381558087232e-05
7.37376120811704e-05
7.37370683616361e-05
7.37365246501202e-05
7.37359809466225e-05
7.37354372511429e-05
7.37348935636811e-05
7.37343498842371e-05
7.37338062128105e-05
7.37332625494013e-05
7.37327188940092e-05
7.37321752466341e-05
7.37316316072758e-05
7.37310879759342e-05
7.3730544352609e-05
7.37300007373e-05
7.37294571300071e-05
7.37289135307302e-05
7.3728369939469e-05
7.37278263562234e-05
7.37272827809931e-05
7.37267392137781e-05
7.3726195654578e-05
7.37256521033929e-05
7.37251085602224e-05
7.37245650250664e-05
7.37240214979247e-05
7.37234779787971e-05
7.37229344676836e-05
7.37223909645838e-05
7.37218474694976e-05
7.37213039824248e-05
7.37207605033654e-05
7.37202170323189e-05
7.37196735692854e-05
7.37191301142646e-05
7.37185866672564e-05
7.37180432282605e-05
7.37174997972769e-05
7.37169563743052e-05
7.37164129593454e-05
7.37158695523972e-05
7.37153261534606e-05
7.37147827625352e-05
7.3714239379621e-05
7.37136960047177e-05
7.37131526378252e-05
7.37126092789433e-05
7.37120659280718e-05
7.37115225852105e-05
7.37109792503593e-05
7.37104359235181e-05
7.37098926046865e-05
7.37093492938644e-05
7.37088059910518e-05
7.37082626962483e-05
7.37077194094538e-05
7.37071761306681e-05
7.37066328598911e-05
7.37060895971225e-05
7.37055463423623e-05
7.37050030956101e-05
7.37044598568659e-05
7.37039166261295e-05
7.37033734034007e-05
7.37028301886792e-05
7.37022869819651e-05
7.37017437832579e-05
7.37012005925577e-05
7.37006574098641e-05
7.37001142351771e-05
7.36995710684964e-05
7.36990279098219e-05
7.36984847591533e-05
7.36979416164907e-05
7.36973984818336e-05
7.3696855355182e-05
7.36963122365357e-05
7.36957691258945e-05
7.36952260232582e-05
7.36946829286267e-05
7.36941398419998e-05
7.36935967633772e-05
7.36930536927589e-05
7.36925106301447e-05
7.36919675755343e-05
7.36914245289276e-05
7.36908814903244e-05
7.36903384597245e-05
7.36897954371279e-05
7.36892524225342e-05
7.36887094159433e-05
7.3688166417355e-05
7.36876234267692e-05
7.36870804441857e-05
7.36865374696043e-05
7.36859945030248e-05
7.36854515444471e-05
7.36849085938709e-05
7.36843656512961e-05
7.36838227167225e-05
7.368327979015e-05
7.36827368715784e-05
7.36821939610074e-05
7.36816510584369e-05
7.36811081638668e-05
7.36805652772968e-05
7.36800223987268e-05
7.36794795281566e-05
7.3678936665586e-05
7.36783938110149e-05
7.36778509644431e-05
7.36773081258703e-05
7.36767652952965e-05
7.36762224727214e-05
7.36756796581448e-05
7.36751368515667e-05
7.36745940529868e-05
7.36740512624049e-05
7.36735084798208e-05
7.36729657052345e-05
7.36724229386456e-05
7.36718801800541e-05
7.36713374294597e-05
7.36707946868623e-05
7.36702519522617e-05
7.36697092256577e-05
7.36691665070501e-05
7.36686237964389e-05
7.36680810938237e-05
7.36675383992044e-05
7.36669957125809e-05
7.36664530339529e-05
7.36659103633203e-05
7.36653677006829e-05
7.36648250460405e-05
7.3664282399393e-05
7.36637397607402e-05
7.36631971300818e-05
7.36626545074178e-05
7.3662111892748e-05
7.36615692860721e-05
7.366102668739e-05
7.36604840967015e-05
7.36599415140064e-05
7.36593989393047e-05
7.3658856372596e-05
7.36583138138802e-05
7.36577712631571e-05
7.36572287204266e-05
7.36566861856885e-05
7.36561436589426e-05
7.36556011401887e-05
7.36550586294267e-05
7.36545161266563e-05
7.36539736318774e-05
7.36534311450899e-05
7.36528886662935e-05
7.36523461954881e-05
7.36518037326734e-05
7.36512612778494e-05
7.36507188310158e-05
7.36501763921725e-05
7.36496339613192e-05
7.36490915384559e-05
7.36485491235823e-05
7.36480067166982e-05
7.36474643178035e-05
7.36469219268981e-05
7.36463795439816e-05
7.3645837169054e-05
7.36452948021151e-05
7.36447524431647e-05
7.36442100922025e-05
7.36436677492286e-05
7.36431254142426e-05
7.36425830872444e-05
7.36420407682338e-05
7.36414984572106e-05
7.36409561541747e-05
7.36404138591259e-05
7.3639871572064e-05
7.36393292929888e-05
7.36387870219002e-05
7.36382447587979e-05
7.36377025036819e-05
7.36371602565519e-05
7.36366180174077e-05
7.36360757862492e-05
7.36355335630762e-05
7.36349913478885e-05
7.3634449140686e-05
7.36339069414684e-05
7.36333647502356e-05
7.36328225669875e-05
7.36322803917237e-05
7.36317382244443e-05
7.36311960651489e-05
7.36306539138374e-05
7.36301117705097e-05
7.36295696351655e-05
7.36290275078047e-05
7.36284853884271e-05
7.36279432770325e-05
7.36274011736208e-05
7.36268590781917e-05
7.36263169907452e-05
7.36257749112809e-05
7.36252328397989e-05
7.36246907762987e-05
7.36241487207804e-05
7.36236066732437e-05
7.36230646336884e-05
7.36225226021144e-05
7.36219805785215e-05
7.36214385629095e-05
7.36208965552782e-05
7.36203545556275e-05
7.36198125639572e-05
7.36192705802671e-05
7.3618728604557e-05
7.36181866368268e-05
7.36176446770762e-05
7.36171027253051e-05
7.36165607815134e-05
7.36160188457008e-05
7.36154769178672e-05
7.36149349980124e-05
7.36143930861362e-05
7.36138511822385e-05
7.3613309286319e-05
7.36127673983776e-05
7.36122255184141e-05
7.36116836464284e-05
7.36111417824202e-05
7.36105999263894e-05
7.36100580783358e-05
7.36095162382593e-05
7.36089744061596e-05
7.36084325820366e-05
7.36078907658901e-05
7.36073489577199e-05
7.36068071575259e-05
7.36062653653079e-05
7.36057235810657e-05
7.36051818047991e-05
7.36046400365079e-05
7.3604098276192e-05
7.36035565238512e-05
7.36030147794854e-05
7.36024730430942e-05
7.36019313146777e-05
7.36013895942355e-05
7.36008478817676e-05
7.36003061772737e-05
7.35997644807537e-05
7.35992227922073e-05
7.35986811116345e-05
7.3598139439035e-05
7.35975977744086e-05
7.35970561177553e-05
7.35965144690747e-05
7.35959728283668e-05
7.35954311956314e-05
7.35948895708682e-05
7.35943479540771e-05
7.3593806345258e-05
7.35932647444106e-05
7.35927231515348e-05
7.35921815666304e-05
7.35916399896972e-05
7.3591098420735e-05
7.35905568597438e-05
7.35900153067232e-05
7.35894737616731e-05
7.35889322245934e-05
7.35883906954839e-05
7.35878491743443e-05
7.35873076611746e-05
7.35867661559745e-05
7.35862246587439e-05
7.35856831694825e-05
7.35851416881903e-05
7.3584600214867e-05
7.35840587495125e-05
7.35835172921266e-05
7.3582975842709e-05
7.35824344012597e-05
7.35818929677785e-05
7.35813515422651e-05
7.35808101247195e-05
7.35802687151413e-05
7.35797273135306e-05
7.3579185919887e-05
7.35786445342104e-05
7.35781031565006e-05
7.35775617867575e-05
7.35770204249809e-05
7.35764790711705e-05
7.35759377253263e-05
7.3575396387448e-05
7.35748550575355e-05
7.35743137355886e-05
7.35737724216071e-05
7.35732311155909e-05
7.35726898175397e-05
7.35721485274534e-05
7.35716072453319e-05
7.35710659711749e-05
7.35705247049822e-05
7.35699834467537e-05
7.35694421964893e-05
7.35689009541886e-05
7.35683597198517e-05
7.35678184934782e-05
7.35672772750681e-05
7.3566736064621e-05
7.35661948621369e-05
7.35656536676157e-05
7.3565112481057e-05
7.35645713024607e-05
7.35640301318267e-05
7.35634889691548e-05
7.35629478144448e-05
7.35624066676965e-05
7.35618655289098e-05
7.35613243980845e-05
7.35607832752203e-05
7.35602421603172e-05
7.35597010533749e-05
7.35591599543933e-05
7.35586188633722e-05
7.35580777803115e-05
7.35575367052108e-05
7.35569956380702e-05
7.35564545788893e-05
7.35559135276681e-05
7.35553724844063e-05
7.35548314491037e-05
7.35542904217603e-05
7.35537494023758e-05
7.355320839095e-05
7.35526673874828e-05
7.3552126391974e-05
7.35515854044234e-05
7.35510444248308e-05
7.35505034531961e-05
7.35499624895191e-05
7.35494215337996e-05
7.35488805860375e-05
7.35483396462325e-05
7.35477987143845e-05
7.35472577904933e-05
7.35467168745587e-05
7.35461759665806e-05
7.35456350665588e-05
7.35450941744931e-05
7.35445532903833e-05
7.35440124142293e-05
7.35434715460309e-05
7.35429306857878e-05
7.35423898335e-05
7.35418489891673e-05
7.35413081527894e-05
7.35407673243663e-05
7.35402265038976e-05
7.35396856913834e-05
7.35391448868233e-05
7.35386040902172e-05
7.35380633015649e-05
7.35375225208663e-05
7.35369817481211e-05
7.35364409833293e-05
7.35359002264906e-05
7.35353594776048e-05
7.35348187366718e-05
7.35342780036914e-05
7.35337372786635e-05
7.35331965615877e-05
7.35326558524641e-05
7.35321151512923e-05
7.35315744580723e-05
7.35310337728038e-05
7.35304930954867e-05
7.35299524261208e-05
7.35294117647059e-05
7.35288711112418e-05
7.35283304657284e-05
7.35277898281656e-05
7.3527249198553e-05
7.35267085768905e-05
7.35261679631781e-05
7.35256273574154e-05
7.35250867596024e-05
7.35245461697388e-05
7.35240055878244e-05
7.35234650138592e-05
7.35229244478428e-05
7.35223838897752e-05
7.35218433396562e-05
7.35213027974856e-05
7.35207622632631e-05
7.35202217369888e-05
7.35196812186622e-05
7.35191407082834e-05
7.35186002058521e-05
7.35180597113681e-05
7.35175192248313e-05
7.35169787462414e-05
7.35164382755984e-05
7.3515897812902e-05
7.35153573581521e-05
7.35148169113485e-05
7.3514276472491e-05
7.35137360415794e-05
7.35131956186135e-05
7.35126552035933e-05
7.35121147965185e-05
7.35115743973889e-05
7.35110340062043e-05
7.35104936229647e-05
7.35099532476697e-05
7.35094128803193e-05
7.35088725209133e-05
7.35083321694514e-05
7.35077918259335e-05
7.35072514903595e-05
7.35067111627292e-05
7.35061708430423e-05
7.35056305312987e-05
7.35050902274983e-05
7.35045499316408e-05
7.35040096437261e-05
7.3503469363754e-05
7.35029290917243e-05
7.35023888276369e-05
7.35018485714916e-05
7.35013083232882e-05
7.35007680830265e-05
7.35002278507063e-05
7.34996876263276e-05
7.349914740989e-05
7.34986072013935e-05
7.34980670008379e-05
7.34975268082229e-05
7.34969866235484e-05
7.34964464468143e-05
7.34959062780203e-05
7.34953661171663e-05
7.34948259642521e-05
7.34942858192775e-05
7.34937456822424e-05
7.34932055531466e-05
7.34926654319899e-05
7.34921253187721e-05
7.34915852134931e-05
7.34910451161526e-05
7.34905050267505e-05
7.34899649452867e-05
7.3489424871761e-05
7.34888848061731e-05
7.34883447485229e-05
7.34878046988102e-05
7.34872646570349e-05
7.34867246231968e-05
7.34861845972957e-05
7.34856445793314e-05
7.34851045693038e-05
7.34845645672127e-05
7.34840245730578e-05
7.34834845868391e-05
7.34829446085564e-05
7.34824046382094e-05
7.3481864675798e-05
7.34813247213221e-05
7.34807847747814e-05
7.34802448361758e-05
7.34797049055051e-05
7.34791649827691e-05
7.34786250679677e-05
7.34780851611007e-05
7.34775452621679e-05
7.34770053711691e-05
7.34764654881042e-05
7.34759256129729e-05
7.34753857457752e-05
7.34748458865107e-05
7.34743060351795e-05
7.34737661917812e-05
7.34732263563158e-05
7.34726865287829e-05
7.34721467091826e-05
7.34716068975145e-05
7.34710670937785e-05
7.34705272979744e-05
7.34699875101021e-05
7.34694477301614e-05
7.34689079581521e-05
7.3468368194074e-05
7.3467828437927e-05
7.34672886897109e-05
7.34667489494255e-05
7.34662092170706e-05
7.34656694926461e-05
7.34651297761518e-05
7.34645900675874e-05
7.34640503669529e-05
7.34635106742481e-05
7.34629709894728e-05
7.34624313126267e-05
7.34618916437098e-05
7.34613519827219e-05
7.34608123296627e-05
7.34602726845322e-05
7.34597330473301e-05
7.34591934180563e-05
7.34586537967105e-05
7.34581141832927e-05
7.34575745778026e-05
7.34570349802401e-05
7.34564953906049e-05
7.3455955808897e-05
7.34554162351161e-05
7.34548766692621e-05
7.34543371113347e-05
7.34537975613339e-05
7.34532580192594e-05
7.34527184851111e-05
7.34521789588888e-05
7.34516394405923e-05
7.34510999302215e-05
7.34505604277761e-05
7.3450020933256e-05
7.3449481446661e-05
7.34489419679909e-05
7.34484024972457e-05
7.3447863034425e-05
7.34473235795288e-05
7.34467841325568e-05
7.34462446935088e-05
7.34457052623848e-05
7.34451658391845e-05
7.34446264239077e-05
7.34440870165543e-05
7.34435476171241e-05
7.34430082256169e-05
7.34424688420326e-05
7.34419294663709e-05
7.34413900986318e-05
7.3440850738815e-05
7.34403113869203e-05
7.34397720429476e-05
7.34392327068967e-05
7.34386933787674e-05
7.34381540585596e-05
7.3437614746273e-05
7.34370754419076e-05
7.34365361454631e-05
7.34359968569393e-05
7.34354575763362e-05
7.34349183036534e-05
7.34343790388909e-05
7.34338397820484e-05
7.34333005331258e-05
7.34327612921229e-05
7.34322220590395e-05
7.34316828338755e-05
7.34311436166307e-05
7.34306044073049e-05
7.34300652058979e-05
7.34295260124096e-05
7.34289868268398e-05
7.34284476491883e-05
7.34279084794549e-05
7.34273693176395e-05
7.34268301637418e-05
7.34262910177618e-05
7.34257518796992e-05
7.34252127495539e-05
7.34246736273257e-05
7.34241345130144e-05
7.34235954066199e-05
7.34230563081419e-05
7.34225172175803e-05
7.34219781349349e-05
7.34214390602056e-05
7.34208999933921e-05
7.34203609344944e-05
7.34198218835121e-05
7.34192828404452e-05
7.34187438052935e-05
7.34182047780568e-05
7.34176657587349e-05
7.34171267473276e-05
7.34165877438348e-05
7.34160487482564e-05
7.3415509760592e-05
7.34149707808416e-05
7.3414431809005e-05
7.3413892845082e-05
7.34133538890724e-05
7.34128149409761e-05
7.34122760007929e-05
7.34117370685225e-05
7.34111981441649e-05
7.34106592277199e-05
7.34101203191872e-05
7.34095814185667e-05
7.34090425258583e-05
7.34085036410618e-05
7.34079647641769e-05
7.34074258952036e-05
7.34068870341415e-05
7.34063481809907e-05
7.34058093357508e-05
7.34052704984218e-05
7.34047316690034e-05
7.34041928474955e-05
7.34036540338978e-05
7.34031152282103e-05
7.34025764304327e-05
7.34020376405649e-05
7.34014988586067e-05
7.34009600845579e-05
7.34004213184184e-05
7.33998825601879e-05
7.33993438098663e-05
7.33988050674535e-05
7.33982663329492e-05
7.33977276063533e-05
7.33971888876656e-05
7.33966501768859e-05
7.33961114740141e-05
7.339557277905e-05
7.33950340919933e-05
7.3394495412844e-05
7.33939567416019e-05
7.33934180782667e-05
7.33928794228384e-05
7.33923407753167e-05
7.33918021357014e-05
7.33912635039925e-05
7.33907248801896e-05
7.33901862642927e-05
7.33896476563016e-05
7.33891090562161e-05
7.33885704640359e-05
7.3388031879761e-05
7.33874933033912e-05
7.33869547349263e-05
7.33864161743661e-05
7.33858776217105e-05
7.33853390769592e-05
7.33848005401121e-05
7.33842620111691e-05
7.33837234901299e-05
7.33831849769944e-05
7.33826464717624e-05
7.33821079744337e-05
7.33815694850081e-05
7.33810310034856e-05
7.33804925298659e-05
7.33799540641488e-05
7.33794156063341e-05
7.33788771564218e-05
7.33783387144115e-05
7.33778002803032e-05
7.33772618540966e-05
7.33767234357917e-05
7.33761850253882e-05
7.33756466228859e-05
7.33751082282846e-05
7.33745698415843e-05
7.33740314627847e-05
7.33734930918856e-05
7.33729547288869e-05
7.33724163737884e-05
7.337187802659e-05
7.33713396872914e-05
7.33708013558924e-05
7.3370263032393e-05
7.33697247167929e-05
7.33691864090919e-05
7.33686481092899e-05
7.33681098173868e-05
7.33675715333822e-05
7.33670332572762e-05
7.33664949890684e-05
7.33659567287587e-05
7.3365418476347e-05
7.3364880231833e-05
7.33643419952166e-05
7.33638037664977e-05
7.3363265545676e-05
7.33627273327513e-05
7.33621891277236e-05
7.33616509305925e-05
7.33611127413581e-05
7.336057456002e-05
7.33600363865781e-05
7.33594982210322e-05
7.33589600633821e-05
7.33584219136278e-05
7.3357883771769e-05
7.33573456378054e-05
7.33568075117371e-05
7.33562693935637e-05
7.33557312832852e-05
7.33551931809012e-05
7.33546550864118e-05
7.33541169998166e-05
7.33535789211156e-05
7.33530408503084e-05
7.33525027873951e-05
7.33519647323754e-05
7.3351426685249e-05
7.3350888646016e-05
7.33503506146759e-05
7.33498125912288e-05
7.33492745756744e-05
7.33487365680126e-05
7.33481985682432e-05
7.33476605763659e-05
7.33471225923807e-05
7.33465846162873e-05
7.33460466480857e-05
7.33455086877755e-05
7.33449707353567e-05
7.3344432790829e-05
7.33438948541923e-05
7.33433569254465e-05
7.33428190045913e-05
7.33422810916265e-05
7.33417431865521e-05
7.33412052893677e-05
7.33406674000733e-05
7.33401295186687e-05
7.33395916451537e-05
7.33390537795281e-05
7.33385159217918e-05
7.33379780719446e-05
7.33374402299862e-05
7.33369023959166e-05
7.33363645697355e-05
7.33358267514429e-05
7.33352889410384e-05
7.3334751138522e-05
7.33342133438935e-05
7.33336755571526e-05
7.33331377782993e-05
7.33326000073333e-05
7.33320622442544e-05
7.33315244890626e-05
7.33309867417576e-05
7.33304490023392e-05
7.33299112708074e-05
7.33293735471618e-05
7.33288358314023e-05
7.33282981235288e-05
7.33277604235411e-05
7.3327222731439e-05
7.33266850472224e-05
7.3326147370891e-05
7.33256097024447e-05
7.33250720418833e-05
7.33245343892066e-05
7.33239967444145e-05
7.33234591075069e-05
7.33229214784834e-05
7.3322383857344e-05
7.33218462440884e-05
7.33213086387166e-05
7.33207710412283e-05
7.33202334516233e-05
7.33196958699015e-05
7.33191582960628e-05
7.33186207301068e-05
7.33180831720336e-05
7.33175456218428e-05
7.33170080795343e-05
7.3316470545108e-05
7.33159330185636e-05
7.3315395499901e-05
7.33148579891201e-05
7.33143204862206e-05
7.33137829912023e-05
7.33132455040652e-05
7.3312708024809e-05
7.33121705534336e-05
7.33116330899387e-05
7.33110956343243e-05
7.331055818659e-05
7.33100207467359e-05
7.33094833147616e-05
7.3308945890667e-05
7.3308408474452e-05
7.33078710661164e-05
7.33073336656599e-05
7.33067962730825e-05
7.33062588883839e-05
7.3305721511564e-05
7.33051841426226e-05
7.33046467815595e-05
7.33041094283746e-05
7.33035720830676e-05
7.33030347456385e-05
7.3302497416087e-05
7.33019600944129e-05
7.33014227806162e-05
7.33008854746965e-05
7.33003481766538e-05
7.32998108864879e-05
7.32992736041986e-05
7.32987363297857e-05
7.3298199063249e-05
7.32976618045884e-05
7.32971245538038e-05
7.32965873108948e-05
7.32960500758614e-05
7.32955128487034e-05
7.32949756294206e-05
7.32944384180128e-05
7.32939012144799e-05
7.32933640188217e-05
7.3292826831038e-05
7.32922896511287e-05
7.32917524790935e-05
7.32912153149323e-05
7.3290678158645e-05
7.32901410102313e-05
7.32896038696911e-05
7.32890667370242e-05
7.32885296122304e-05
7.32879924953096e-05
7.32874553862615e-05
7.32869182850861e-05
7.32863811917831e-05
7.32858441063524e-05
7.32853070287938e-05
7.32847699591071e-05
7.32842328972921e-05
7.32836958433488e-05
7.32831587972768e-05
7.3282621759076e-05
7.32820847287464e-05
7.32815477062876e-05
7.32810106916995e-05
7.32804736849819e-05
7.32799366861347e-05
7.32793996951577e-05
7.32788627120507e-05
7.32783257368136e-05
7.32777887694461e-05
7.32772518099481e-05
7.32767148583195e-05
7.327617791456e-05
7.32756409786695e-05
7.32751040506478e-05
7.32745671304947e-05
7.32740302182101e-05
7.32734933137937e-05
7.32729564172455e-05
7.32724195285652e-05
7.32718826477527e-05
7.32713457748078e-05
7.32708089097304e-05
7.32702720525201e-05
7.3269735203177e-05
7.32691983617007e-05
7.32686615280912e-05
7.32681247023482e-05
7.32675878844717e-05
7.32670510744613e-05
7.3266514272317e-05
7.32659774780385e-05
7.32654406916258e-05
7.32649039130785e-05
7.32643671423966e-05
7.32638303795799e-05
7.32632936246282e-05
7.32627568775413e-05
7.32622201383191e-05
7.32616834069613e-05
7.32611466834679e-05
7.32606099678386e-05
7.32600732600733e-05
7.32595365601717e-05
7.32589998681338e-05
7.32584631839593e-05
7.32579265076481e-05
7.32573898392e-05
7.32568531786149e-05
7.32563165258924e-05
7.32557798810326e-05
7.32552432440352e-05
7.32547066149e-05
7.32541699936269e-05
7.32536333802157e-05
7.32530967746661e-05
7.32525601769782e-05
7.32520235871516e-05
7.32514870051862e-05
7.32509504310818e-05
7.32504138648383e-05
7.32498773064555e-05
7.32493407559332e-05
7.32488042132712e-05
7.32482676784694e-05
7.32477311515276e-05
7.32471946324456e-05
7.32466581212232e-05
7.32461216178603e-05
7.32455851223568e-05
7.32450486347123e-05
7.32445121549268e-05
7.32439756830001e-05
7.3243439218932e-05
7.32429027627223e-05
7.32423663143709e-05
7.32418298738776e-05
7.32412934412422e-05
7.32407570164645e-05
7.32402205995444e-05
7.32396841904818e-05
7.32391477892763e-05
7.32386113959279e-05
7.32380750104364e-05
7.32375386328016e-05
7.32370022630234e-05
7.32364659011015e-05
7.32359295470358e-05
7.32353932008261e-05
7.32348568624723e-05
7.32343205319741e-05
7.32337842093314e-05
7.32332478945441e-05
7.3232711587612e-05
7.32321752885348e-05
7.32316389973124e-05
7.32311027139447e-05
7.32305664384314e-05
7.32300301707724e-05
7.32294939109676e-05
7.32289576590167e-05
7.32284214149196e-05
7.3227885178676e-05
7.3227348950286e-05
7.32268127297491e-05
7.32262765170654e-05
7.32257403122346e-05
7.32252041152565e-05
7.3224667926131e-05
7.32241317448578e-05
7.32235955714369e-05
7.32230594058681e-05
7.32225232481511e-05
7.32219870982859e-05
7.32214509562721e-05
7.32209148221098e-05
7.32203786957986e-05
7.32198425773385e-05
7.32193064667291e-05
7.32187703639705e-05
7.32182342690624e-05
7.32176981820045e-05
7.32171621027969e-05
7.32166260314392e-05
7.32160899679314e-05
7.32155539122731e-05
7.32150178644644e-05
7.32144818245049e-05
7.32139457923945e-05
7.32134097681331e-05
7.32128737517205e-05
7.32123377431565e-05
7.32118017424409e-05
7.32112657495735e-05
7.32107297645543e-05
7.32101937873829e-05
7.32096578180594e-05
7.32091218565833e-05
7.32085859029547e-05
7.32080499571733e-05
7.32075140192389e-05
7.32069780891515e-05
7.32064421669107e-05
7.32059062525165e-05
7.32053703459686e-05
7.32048344472669e-05
7.32042985564112e-05
7.32037626734014e-05
7.32032267982373e-05
7.32026909309186e-05
7.32021550714453e-05
7.32016192198171e-05
7.3201083376034e-05
7.32005475400956e-05
7.32000117120019e-05
7.31994758917526e-05
7.31989400793476e-05
7.31984042747868e-05
7.31978684780699e-05
7.31973326891968e-05
7.31967969081673e-05
7.31962611349812e-05
7.31957253696384e-05
7.31951896121387e-05
7.31946538624819e-05
7.31941181206678e-05
7.31935823866963e-05
7.31930466605672e-05
7.31925109422804e-05
7.31919752318356e-05
7.31914395292327e-05
7.31909038344715e-05
7.31903681475518e-05
7.31898324684735e-05
7.31892967972364e-05
7.31887611338403e-05
7.31882254782851e-05
7.31876898305705e-05
7.31871541906965e-05
7.31866185586627e-05
7.31860829344692e-05
7.31855473181156e-05
7.31850117096019e-05
7.31844761089278e-05
7.31839405160932e-05
7.31834049310978e-05
7.31828693539416e-05
7.31823337846244e-05
7.31817982231459e-05
7.31812626695061e-05
7.31807271237047e-05
7.31801915857416e-05
7.31796560556165e-05
7.31791205333294e-05
7.31785850188801e-05
7.31780495122683e-05
7.31775140134939e-05
7.31769785225568e-05
7.31764430394567e-05
7.31759075641936e-05
7.31753720967671e-05
7.31748366371772e-05
7.31743011854237e-05
7.31737657415063e-05
7.31732303054251e-05
7.31726948771796e-05
7.31721594567699e-05
7.31716240441957e-05
7.31710886394568e-05
7.31705532425531e-05
7.31700178534844e-05
7.31694824722505e-05
7.31689470988513e-05
7.31684117332865e-05
7.31678763755561e-05
7.31673410256598e-05
7.31668056835975e-05
7.31662703493689e-05
7.3165735022974e-05
7.31651997044126e-05
7.31646643936844e-05
7.31641290907894e-05
7.31635937957272e-05
7.31630585084979e-05
7.31625232291011e-05
7.31619879575368e-05
7.31614526938047e-05
7.31609174379047e-05
7.31603821898366e-05
7.31598469496002e-05
7.31593117171954e-05
7.31587764926219e-05
7.31582412758797e-05
7.31577060669686e-05
7.31571708658883e-05
7.31566356726387e-05
7.31561004872196e-05
7.31555653096309e-05
7.31550301398724e-05
7.31544949779439e-05
7.31539598238453e-05
7.31534246775763e-05
7.31528895391368e-05
7.31523544085266e-05
7.31518192857456e-05
7.31512841707936e-05
7.31507490636704e-05
7.31502139643758e-05
7.31496788729098e-05
7.3149143789272e-05
7.31486087134623e-05
7.31480736454805e-05
7.31475385853266e-05
7.31470035330003e-05
7.31464684885014e-05
7.31459334518297e-05
7.31453984229852e-05
7.31448634019676e-05
7.31443283887767e-05
7.31437933834124e-05
7.31432583858746e-05
7.31427233961629e-05
7.31421884142774e-05
7.31416534402177e-05
7.31411184739837e-05
7.31405835155753e-05
7.31400485649922e-05
7.31395136222344e-05
7.31389786873016e-05
7.31384437601937e-05
7.31379088409104e-05
7.31373739294517e-05
7.31368390258173e-05
7.31363041300071e-05
7.31357692420209e-05
7.31352343618585e-05
7.31346994895198e-05
7.31341646250046e-05
7.31336297683127e-05
7.31330949194439e-05
7.31325600783981e-05
7.31320252451751e-05
7.31314904197748e-05
7.31309556021969e-05
7.31304207924412e-05
7.31298859905077e-05
7.31293511963962e-05
7.31288164101064e-05
7.31282816316382e-05
7.31277468609915e-05
7.3127212098166e-05
7.31266773431616e-05
7.31261425959781e-05
7.31256078566153e-05
7.31250731250731e-05
7.31245384013513e-05
7.31240036854498e-05
7.31234689773683e-05
7.31229342771067e-05
7.31223995846648e-05
7.31218649000424e-05
7.31213302232394e-05
7.31207955542556e-05
7.31202608930909e-05
7.3119726239745e-05
7.31191915942177e-05
7.3118656956509e-05
7.31181223266187e-05
7.31175877045465e-05
7.31170530902923e-05
7.31165184838559e-05
7.31159838852372e-05
7.31154492944359e-05
7.3114914711452e-05
7.31143801362852e-05
7.31138455689354e-05
7.31133110094024e-05
7.3112776457686e-05
7.3112241913786e-05
7.31117073777024e-05
7.31111728494349e-05
7.31106383289833e-05
7.31101038163474e-05
7.31095693115272e-05
7.31090348145224e-05
7.31085003253328e-05
7.31079658439584e-05
7.31074313703988e-05
7.3106896904654e-05
7.31063624467237e-05
7.31058279966079e-05
7.31052935543063e-05
7.31047591198187e-05
7.3104224693145e-05
7.3103690274285e-05
7.31031558632386e-05
7.31026214600056e-05
7.31020870645857e-05
7.31015526769789e-05
7.31010182971849e-05
7.31004839252036e-05
7.30999495610348e-05
7.30994152046784e-05
7.30988808561341e-05
7.30983465154018e-05
7.30978121824814e-05
7.30972778573726e-05
7.30967435400753e-05
7.30962092305893e-05
7.30956749289145e-05
7.30951406350506e-05
7.30946063489975e-05
7.30940720707551e-05
7.30935378003231e-05
7.30930035377014e-05
7.30924692828898e-05
7.30919350358881e-05
7.30914007966963e-05
7.3090866565314e-05
7.30903323417412e-05
7.30897981259776e-05
7.30892639180231e-05
7.30887297178775e-05
7.30881955255407e-05
7.30876613410124e-05
7.30871271642926e-05
7.30865929953809e-05
7.30860588342774e-05
7.30855246809817e-05
7.30849905354937e-05
7.30844563978133e-05
7.30839222679403e-05
7.30833881458744e-05
7.30828540316156e-05
7.30823199251637e-05
7.30817858265185e-05
7.30812517356797e-05
7.30807176526473e-05
7.30801835774212e-05
7.3079649510001e-05
7.30791154503866e-05
7.30785813985779e-05
7.30780473545747e-05
7.30775133183768e-05
7.30769792899841e-05
7.30764452693963e-05
7.30759112566134e-05
7.30753772516351e-05
7.30748432544612e-05
7.30743092650917e-05
7.30737752835262e-05
7.30732413097648e-05
7.30727073438071e-05
7.3072173385653e-05
7.30716394353024e-05
7.3071105492755e-05
7.30705715580107e-05
7.30700376310694e-05
7.30695037119308e-05
7.30689698005948e-05
7.30684358970612e-05
7.30679020013298e-05
7.30673681134006e-05
7.30668342332732e-05
7.30663003609475e-05
7.30657664964234e-05
7.30652326397007e-05
7.30646987907792e-05
7.30641649496588e-05
7.30636311163392e-05
7.30630972908204e-05
7.3062563473102e-05
7.3062029663184e-05
7.30614958610663e-05
7.30609620667485e-05
7.30604282802306e-05
7.30598945015123e-05
7.30593607305936e-05
7.30588269674742e-05
7.3058293212154e-05
7.30577594646327e-05
7.30572257249103e-05
7.30566919929866e-05
7.30561582688613e-05
7.30556245525343e-05
7.30550908440055e-05
7.30545571432746e-05
7.30540234503415e-05
7.30534897652061e-05
7.30529560878681e-05
7.30524224183274e-05
7.30518887565838e-05
7.30513551026372e-05
7.30508214564873e-05
7.3050287818134e-05
7.30497541875772e-05
7.30492205648166e-05
7.30486869498521e-05
7.30481533426835e-05
7.30476197433107e-05
7.30470861517334e-05
7.30465525679516e-05
7.30460189919649e-05
7.30454854237734e-05
7.30449518633767e-05
7.30444183107748e-05
7.30438847659674e-05
7.30433512289544e-05
7.30428176997356e-05
7.30422841783108e-05
7.30417506646799e-05
7.30412171588427e-05
7.30406836607991e-05
7.30401501705487e-05
7.30396166880916e-05
7.30390832134275e-05
7.30385497465562e-05
7.30380162874776e-05
7.30374828361915e-05
7.30369493926978e-05
7.30364159569962e-05
7.30358825290865e-05
7.30353491089687e-05
7.30348156966426e-05
7.30342822921079e-05
7.30337488953645e-05
7.30332155064123e-05
7.3032682125251e-05
7.30321487518806e-05
7.30316153863007e-05
7.30310820285113e-05
7.30305486785122e-05
7.30300153363032e-05
7.30294820018842e-05
7.30289486752549e-05
7.30284153564152e-05
7.30278820453649e-05
7.30273487421039e-05
7.3026815446632e-05
7.3026282158949e-05
7.30257488790548e-05
7.30252156069491e-05
7.30246823426318e-05
7.30241490861028e-05
7.30236158373618e-05
7.30230825964087e-05
7.30225493632434e-05
7.30220161378656e-05
7.30214829202751e-05
7.30209497104719e-05
7.30204165084558e-05
7.30198833142265e-05
7.30193501277839e-05
7.30188169491278e-05
7.30182837782581e-05
7.30177506151745e-05
7.3017217459877e-05
7.30166843123654e-05
7.30161511726394e-05
7.30156180406989e-05
7.30150849165438e-05
7.30145518001738e-05
7.30140186915888e-05
7.30134855907886e-05
7.30129524977731e-05
7.30124194125421e-05
7.30118863350953e-05
7.30113532654328e-05
7.30108202035542e-05
7.30102871494594e-05
7.30097541031482e-05
7.30092210646205e-05
7.3008688033876e-05
7.30081550109147e-05
7.30076219957364e-05
7.30070889883408e-05
7.30065559887278e-05
7.30060229968972e-05
7.3005490012849e-05
7.30049570365828e-05
7.30044240680985e-05
7.3003891107396e-05
7.30033581544751e-05
7.30028252093356e-05
7.30022922719773e-05
7.30017593424002e-05
7.30012264206039e-05
7.30006935065883e-05
7.30001606003533e-05
7.29996277018987e-05
7.29990948112243e-05
7.299856192833e-05
7.29980290532156e-05
7.29974961858808e-05
7.29969633263256e-05
7.29964304745498e-05
7.29958976305532e-05
7.29953647943356e-05
7.29948319658968e-05
7.29942991452368e-05
7.29937663323552e-05
7.2993233527252e-05
7.2992700729927e-05
7.299216794038e-05
7.29916351586108e-05
7.29911023846193e-05
7.29905696184053e-05
7.29900368599686e-05
7.29895041093091e-05
7.29889713664265e-05
7.29884386313208e-05
7.29879059039917e-05
7.29873731844391e-05
7.29868404726628e-05
7.29863077686626e-05
7.29857750724384e-05
7.298524238399e-05
7.29847097033172e-05
7.29841770304198e-05
7.29836443652977e-05
7.29831117079508e-05
7.29825790583788e-05
7.29820464165815e-05
7.29815137825589e-05
7.29809811563107e-05
7.29804485378367e-05
7.29799159271368e-05
7.29793833242109e-05
7.29788507290587e-05
7.29783181416801e-05
7.29777855620749e-05
7.29772529902429e-05
7.2976720426184e-05
7.29761878698981e-05
7.29756553213848e-05
7.29751227806441e-05
7.29745902476758e-05
7.29740577224797e-05
7.29735252050556e-05
7.29729926954034e-05
7.2972460193523e-05
7.2971927699414e-05
7.29713952130765e-05
7.29708627345101e-05
7.29703302637148e-05
7.29697978006903e-05
7.29692653454365e-05
7.29687328979532e-05
7.29682004582403e-05
7.29676680262975e-05
7.29671356021248e-05
7.29666031857219e-05
7.29660707770886e-05
7.29655383762249e-05
7.29650059831305e-05
7.29644735978052e-05
7.2963941220249e-05
7.29634088504615e-05
7.29628764884427e-05
7.29623441341923e-05
7.29618117877103e-05
7.29612794489964e-05
7.29607471180505e-05
7.29602147948724e-05
7.29596824794619e-05
7.29591501718188e-05
7.2958617871943e-05
7.29580855798344e-05
7.29575532954927e-05
7.29570210189178e-05
7.29564887501094e-05
7.29559564890676e-05
7.29554242357919e-05
7.29548919902824e-05
7.29543597525388e-05
7.2953827522561e-05
7.29532953003487e-05
7.29527630859019e-05
7.29522308792203e-05
7.29516986803038e-05
7.29511664891522e-05
7.29506343057653e-05
7.2950102130143e-05
7.29495699622851e-05
7.29490378021914e-05
7.29485056498618e-05
7.2947973505296e-05
7.2947441368494e-05
7.29469092394555e-05
7.29463771181804e-05
7.29458450046685e-05
7.29453128989197e-05
7.29447808009337e-05
7.29442487107104e-05
7.29437166282496e-05
7.29431845535512e-05
7.2942652486615e-05
7.29421204274408e-05
7.29415883760285e-05
7.29410563323778e-05
7.29405242964886e-05
7.29399922683608e-05
7.29394602479942e-05
7.29389282353885e-05
7.29383962305437e-05
7.29378642334595e-05
7.29373322441358e-05
7.29368002625725e-05
7.29362682887693e-05
7.29357363227261e-05
7.29352043644426e-05
7.29346724139188e-05
7.29341404711545e-05
7.29336085361495e-05
7.29330766089037e-05
7.29325446894168e-05
7.29320127776886e-05
7.29314808737191e-05
7.29309489775081e-05
7.29304170890553e-05
7.29298852083607e-05
7.2929353335424e-05
7.2928821470245e-05
7.29282896128237e-05
7.29277577631598e-05
7.29272259212532e-05
7.29266940871036e-05
7.2926162260711e-05
7.29256304420752e-05
7.29250986311959e-05
7.2924566828073e-05
7.29240350327064e-05
7.29235032450959e-05
7.29229714652413e-05
7.29224396931424e-05
7.29219079287991e-05
7.29213761722111e-05
7.29208444233784e-05
7.29203126823008e-05
7.2919780948978e-05
7.291924922341e-05
7.29187175055965e-05
7.29181857955374e-05
7.29176540932325e-05
7.29171223986817e-05
7.29165907118847e-05
7.29160590328414e-05
7.29155273615516e-05
7.29149956980152e-05
7.29144640422321e-05
7.29139323942019e-05
7.29134007539246e-05
7.29128691213999e-05
7.29123374966278e-05
7.2911805879608e-05
7.29112742703404e-05
7.29107426688248e-05
7.29102110750611e-05
7.2909679489049e-05
7.29091479107884e-05
7.29086163402791e-05
7.2908084777521e-05
7.29075532225139e-05
7.29070216752575e-05
7.29064901357519e-05
7.29059586039967e-05
7.29054270799918e-05
7.29048955637371e-05
7.29043640552323e-05
7.29038325544774e-05
7.29033010614721e-05
7.29027695762162e-05
7.29022380987096e-05
7.29017066289522e-05
7.29011751669437e-05
7.2900643712684e-05
7.29001122661729e-05
7.28995808274102e-05
7.28990493963959e-05
7.28985179731296e-05
7.28979865576113e-05
7.28974551498407e-05
7.28969237498178e-05
7.28963923575422e-05
7.2895860973014e-05
7.28953295962328e-05
7.28947982271985e-05
7.2894266865911e-05
7.28937355123701e-05
7.28932041665756e-05
7.28926728285273e-05
7.28921414982251e-05
7.28916101756688e-05
7.28910788608582e-05
7.28905475537932e-05
7.28900162544736e-05
7.28894849628993e-05
7.28889536790699e-05
7.28884224029855e-05
7.28878911346458e-05
7.28873598740506e-05
7.28868286211999e-05
7.28862973760933e-05
7.28857661387308e-05
7.28852349091121e-05
7.28847036872372e-05
7.28841724731057e-05
7.28836412667177e-05
7.28831100680728e-05
7.2882578877171e-05
7.2882047694012e-05
7.28815165185957e-05
7.28809853509219e-05
7.28804541909905e-05
7.28799230388013e-05
7.2879391894354e-05
7.28788607576486e-05
7.28783296286849e-05
7.28777985074627e-05
7.28772673939818e-05
7.28767362882421e-05
7.28762051902433e-05
7.28756740999854e-05
7.28751430174682e-05
7.28746119426914e-05
7.2874080875655e-05
7.28735498163587e-05
7.28730187648023e-05
7.28724877209858e-05
7.28719566849089e-05
7.28714256565715e-05
7.28708946359734e-05
7.28703636231145e-05
7.28698326179945e-05
7.28693016206133e-05
7.28687706309707e-05
7.28682396490666e-05
7.28677086749007e-05
7.2867177708473e-05
7.28666467497832e-05
7.28661157988312e-05
7.28655848556168e-05
7.28650539201399e-05
7.28645229924002e-05
7.28639920723977e-05
7.2863461160132e-05
7.28629302556032e-05
7.28623993588109e-05
7.2861868469755e-05
7.28613375884354e-05
7.28608067148519e-05
7.28602758490044e-05
7.28597449908925e-05
7.28592141405163e-05
7.28586832978754e-05
7.28581524629698e-05
7.28576216357993e-05
7.28570908163637e-05
7.28565600046628e-05
7.28560292006965e-05
7.28554984044646e-05
7.28549676159669e-05
7.28544368352033e-05
7.28539060621735e-05
7.28533752968775e-05
7.2852844539315e-05
7.2852313789486e-05
7.28517830473901e-05
7.28512523130273e-05
7.28507215863973e-05
7.28501908675001e-05
7.28496601563354e-05
7.2849129452903e-05
7.28485987572029e-05
7.28480680692348e-05
7.28475373889986e-05
7.2847006716494e-05
7.2846476051721e-05
7.28459453946793e-05
7.28454147453689e-05
7.28448841037894e-05
7.28443534699408e-05
7.28438228438228e-05
7.28432922254354e-05
7.28427616147783e-05
7.28422310118514e-05
7.28417004166545e-05
7.28411698291875e-05
7.28406392494501e-05
7.28401086774421e-05
7.28395781131636e-05
7.28390475566141e-05
7.28385170077937e-05
7.28379864667021e-05
7.28374559333392e-05
7.28369254077047e-05
7.28363948897985e-05
7.28358643796205e-05
7.28353338771705e-05
7.28348033824483e-05
7.28342728954537e-05
7.28337424161866e-05
7.28332119446468e-05
7.28326814808341e-05
7.28321510247484e-05
7.28316205763895e-05
7.28310901357572e-05
7.28305597028513e-05
7.28300292776718e-05
7.28294988602183e-05
7.28289684504909e-05
7.28284380484892e-05
7.28279076542131e-05
7.28273772676625e-05
7.28268468888371e-05
7.28263165177368e-05
7.28257861543615e-05
7.2825255798711e-05
7.2824725450785e-05
7.28241951105835e-05
7.28236647781063e-05
7.28231344533531e-05
7.28226041363239e-05
7.28220738270184e-05
7.28215435254366e-05
7.28210132315781e-05
7.28204829454429e-05
7.28199526670308e-05
7.28194223963415e-05
7.28188921333751e-05
7.28183618781312e-05
7.28178316306097e-05
7.28173013908105e-05
7.28167711587333e-05
7.2816240934378e-05
7.28157107177445e-05
7.28151805088325e-05
7.28146503076419e-05
7.28141201141725e-05
7.28135899284242e-05
7.28130597503968e-05
7.28125295800901e-05
7.2811999417504e-05
7.28114692626382e-05
7.28109391154927e-05
7.28104089760672e-05
7.28098788443616e-05
7.28093487203757e-05
7.28088186041093e-05
7.28082884955623e-05
7.28077583947345e-05
7.28072283016258e-05
7.28066982162359e-05
7.28061681385647e-05
7.2805638068612e-05
7.28051080063777e-05
7.28045779518616e-05
7.28040479050635e-05
7.28035178659833e-05
7.28029878346207e-05
7.28024578109757e-05
7.2801927795048e-05
7.28013977868375e-05
7.2800867786344e-05
7.28003377935674e-05
7.27998078085074e-05
7.27992778311639e-05
7.27987478615368e-05
7.27982178996258e-05
7.27976879454308e-05
7.27971579989517e-05
7.27966280601882e-05
7.27960981291403e-05
7.27955682058076e-05
7.27950382901901e-05
7.27945083822876e-05
7.27939784821e-05
7.27934485896269e-05
7.27929187048684e-05
7.27923888278242e-05
7.27918589584941e-05
7.2791329096878e-05
7.27907992429757e-05
7.2790269396787e-05
7.27897395583119e-05
7.278920972755e-05
7.27886799045013e-05
7.27881500891655e-05
7.27876202815425e-05
7.27870904816322e-05
7.27865606894343e-05
7.27860309049487e-05
7.27855011281753e-05
7.27849713591138e-05
7.27844415977641e-05
7.2783911844126e-05
7.27833820981993e-05
7.2782852359984e-05
7.27823226294798e-05
7.27817929066865e-05
7.27812631916039e-05
7.27807334842321e-05
7.27802037845706e-05
7.27796740926194e-05
7.27791444083783e-05
7.27786147318472e-05
7.27780850630258e-05
7.2777555401914e-05
7.27770257485117e-05
7.27764961028186e-05
7.27759664648347e-05
7.27754368345596e-05
7.27749072119933e-05
7.27743775971356e-05
7.27738479899863e-05
7.27733183905453e-05
7.27727887988123e-05
7.27722592147873e-05
7.277172963847e-05
7.27712000698603e-05
7.27706705089581e-05
7.2770140955763e-05
7.27696114102751e-05
7.2769081872494e-05
7.27685523424197e-05
7.2768022820052e-05
7.27674933053906e-05
7.27669637984355e-05
7.27664342991865e-05
7.27659048076433e-05
7.27653753238059e-05
7.27648458476741e-05
7.27643163792476e-05
7.27637869185264e-05
7.27632574655102e-05
7.27627280201989e-05
7.27621985825924e-05
7.27616691526904e-05
7.27611397304927e-05
7.27606103159993e-05
7.276008090921e-05
7.27595515101245e-05
7.27590221187427e-05
7.27584927350645e-05
7.27579633590897e-05
7.2757433990818e-05
7.27569046302494e-05
7.27563752773837e-05
7.27558459322207e-05
7.27553165947602e-05
7.2754787265002e-05
7.27542579429461e-05
7.27537286285922e-05
7.27531993219402e-05
7.27526700229898e-05
7.2752140731741e-05
7.27516114481936e-05
7.27510821723473e-05
7.27505529042021e-05
7.27500236437577e-05
7.2749494391014e-05
7.27489651459708e-05
7.2748435908628e-05
7.27479066789853e-05
7.27473774570427e-05
7.27468482427999e-05
7.27463190362568e-05
7.27457898374132e-05
7.27452606462689e-05
7.27447314628238e-05
7.27442022870777e-05
7.27436731190305e-05
7.27431439586819e-05
7.27426148060318e-05
7.27420856610801e-05
7.27415565238265e-05
7.27410273942709e-05
7.27404982724132e-05
7.27399691582531e-05
7.27394400517905e-05
7.27389109530252e-05
7.27383818619571e-05
7.2737852778586e-05
7.27373237029117e-05
7.2736794634934e-05
7.27362655746529e-05
7.2735736522068e-05
7.27352074771793e-05
7.27346784399866e-05
7.27341494104897e-05
7.27336203886885e-05
7.27330913745827e-05
7.27325623681722e-05
7.27320333694569e-05
7.27315043784366e-05
7.2730975395111e-05
7.27304464194801e-05
7.27299174515437e-05
7.27293884913016e-05
7.27288595387536e-05
7.27283305938995e-05
7.27278016567393e-05
7.27272727272727e-05
7.27267438054996e-05
7.27262148914198e-05
7.27256859850331e-05
7.27251570863393e-05
7.27246281953383e-05
7.272409931203e-05
7.27235704364141e-05
7.27230415684906e-05
7.27225127082591e-05
7.27219838557196e-05
7.27214550108719e-05
7.27209261737157e-05
7.27203973442511e-05
7.27198685224777e-05
7.27193397083955e-05
7.27188109020041e-05
7.27182821033036e-05
7.27177533122937e-05
7.27172245289742e-05
7.2716695753345e-05
7.27161669854059e-05
7.27156382251567e-05
7.27151094725973e-05
7.27145807277275e-05
7.27140519905472e-05
7.27135232610561e-05
7.27129945392541e-05
7.27124658251411e-05
7.27119371187168e-05
7.27114084199811e-05
7.27108797289338e-05
7.27103510455749e-05
7.2709822369904e-05
7.2709293701921e-05
7.27087650416258e-05
7.27082363890182e-05
7.2707707744098e-05
7.2707179106865e-05
7.27066504773192e-05
7.27061218554602e-05
7.2705593241288e-05
7.27050646348025e-05
7.27045360360033e-05
7.27040074448904e-05
7.27034788614635e-05
7.27029502857226e-05
7.27024217176674e-05
7.27018931572978e-05
7.27013646046136e-05
7.27008360596147e-05
7.27003075223008e-05
7.26997789926719e-05
7.26992504707276e-05
7.2698721956468e-05
7.26981934498928e-05
7.26976649510018e-05
7.26971364597949e-05
7.26966079762718e-05
7.26960795004325e-05
7.26955510322768e-05
7.26950225718045e-05
7.26944941190154e-05
7.26939656739094e-05
7.26934372364863e-05
7.26929088067459e-05
7.26923803846881e-05
7.26918519703126e-05
7.26913235636194e-05
7.26907951646083e-05
7.26902667732791e-05
7.26897383896315e-05
7.26892100136656e-05
7.2688681645381e-05
7.26881532847776e-05
7.26876249318553e-05
7.26870965866139e-05
7.26865682490533e-05
7.26860399191731e-05
7.26855115969734e-05
7.26849832824538e-05
7.26844549756144e-05
7.26839266764548e-05
7.26833983849749e-05
7.26828701011746e-05
7.26823418250536e-05
7.26818135566119e-05
7.26812852958492e-05
7.26807570427654e-05
7.26802287973603e-05
7.26797005596337e-05
7.26791723295855e-05
7.26786441072155e-05
7.26781158925236e-05
7.26775876855095e-05
7.26770594861732e-05
7.26765312945144e-05
7.26760031105329e-05
7.26754749342287e-05
7.26749467656015e-05
7.26744186046512e-05
7.26738904513775e-05
7.26733623057804e-05
7.26728341678597e-05
7.26723060376152e-05
7.26717779150467e-05
7.26712498001541e-05
7.26707216929371e-05
7.26701935933957e-05
7.26696655015297e-05
7.26691374173389e-05
7.2668609340823e-05
7.26680812719821e-05
7.26675532108158e-05
7.26670251573241e-05
7.26664971115067e-05
7.26659690733636e-05
7.26654410428944e-05
7.26649130200991e-05
7.26643850049775e-05
7.26638569975294e-05
7.26633289977547e-05
7.26628010056532e-05
7.26622730212247e-05
7.2661745044469e-05
7.2661217075386e-05
7.26606891139756e-05
7.26601611602375e-05
7.26596332141715e-05
7.26591052757776e-05
7.26585773450556e-05
7.26580494220052e-05
7.26575215066264e-05
7.26569935989189e-05
7.26564656988826e-05
7.26559378065172e-05
7.26554099218228e-05
7.2654882044799e-05
7.26543541754457e-05
7.26538263137628e-05
7.26532984597501e-05
7.26527706134073e-05
7.26522427747345e-05
7.26517149437312e-05
7.26511871203976e-05
7.26506593047332e-05
7.2650131496738e-05
7.26496036964118e-05
7.26490759037545e-05
7.26485481187658e-05
7.26480203414457e-05
7.26474925717939e-05
7.26469648098102e-05
7.26464370554946e-05
7.26459093088468e-05
7.26453815698667e-05
7.26448538385541e-05
7.26443261149088e-05
7.26437983989307e-05
7.26432706906196e-05
7.26427429899753e-05
7.26422152969977e-05
7.26416876116866e-05
7.26411599340418e-05
7.26406322640632e-05
7.26401046017506e-05
7.26395769471039e-05
7.26390493001228e-05
7.26385216608072e-05
7.26379940291569e-05
7.26374664051718e-05
7.26369387888517e-05
7.26364111801964e-05
7.26358835792058e-05
7.26353559858797e-05
7.26348284002179e-05
7.26343008222203e-05
7.26337732518867e-05
7.26332456892169e-05
7.26327181342107e-05
7.26321905868681e-05
7.26316630471888e-05
7.26311355151726e-05
7.26306079908195e-05
7.26300804741292e-05
7.26295529651015e-05
7.26290254637363e-05
7.26284979700335e-05
7.26279704839928e-05
7.26274430056141e-05
7.26269155348972e-05
7.2626388071842e-05
7.26258606164483e-05
7.26253331687159e-05
7.26248057286447e-05
7.26242782962344e-05
7.2623750871485e-05
7.26232234543962e-05
7.2622696044968e-05
7.26221686432e-05
7.26216412490922e-05
7.26211138626444e-05
7.26205864838564e-05
7.26200591127281e-05
7.26195317492593e-05
7.26190043934498e-05
7.26184770452994e-05
7.2617949704808e-05
7.26174223719755e-05
7.26168950468016e-05
7.26163677292862e-05
7.26158404194291e-05
7.26153131172302e-05
7.26147858226892e-05
7.26142585358061e-05
7.26137312565806e-05
7.26132039850126e-05
7.2612676721102e-05
7.26121494648485e-05
7.26116222162519e-05
7.26110949753122e-05
7.26105677420292e-05
7.26100405164026e-05
7.26095132984324e-05
7.26089860881183e-05
7.26084588854602e-05
7.26079316904579e-05
7.26074045031112e-05
7.26068773234201e-05
7.26063501513842e-05
7.26058229870036e-05
7.26052958302779e-05
7.2604768681207e-05
7.26042415397908e-05
7.2603714406029e-05
7.26031872799216e-05
7.26026601614683e-05
7.2602133050669e-05
7.26016059475236e-05
7.26010788520317e-05
7.26005517641934e-05
7.26000246840084e-05
7.25994976114765e-05
7.25989705465977e-05
7.25984434893716e-05
7.25979164397982e-05
7.25973893978772e-05
7.25968623636086e-05
7.25963353369922e-05
7.25958083180277e-05
7.25952813067151e-05
7.25947543030541e-05
7.25942273070445e-05
7.25937003186863e-05
7.25931733379793e-05
7.25926463649232e-05
7.2592119399518e-05
7.25915924417634e-05
7.25910654916593e-05
7.25905385492055e-05
7.25900116144019e-05
7.25894846872482e-05
7.25889577677444e-05
7.25884308558902e-05
7.25879039516855e-05
7.25873770551301e-05
7.25868501662239e-05
7.25863232849666e-05
7.25857964113582e-05
7.25852695453985e-05
7.25847426870872e-05
7.25842158364242e-05
7.25836889934094e-05
7.25831621580426e-05
7.25826353303236e-05
7.25821085102522e-05
7.25815816978284e-05
7.25810548930518e-05
7.25805280959224e-05
7.258000130644e-05
7.25794745246044e-05
7.25789477504155e-05
7.25784209838731e-05
7.2577894224977e-05
7.2577367473727e-05
7.2576840730123e-05
7.25763139941649e-05
7.25757872658524e-05
7.25752605451854e-05
7.25747338321637e-05
7.25742071267871e-05
7.25736804290556e-05
7.25731537389689e-05
7.25726270565268e-05
7.25721003817293e-05
7.2571573714576e-05
7.25710470550669e-05
7.25705204032018e-05
7.25699937589805e-05
7.25694671224029e-05
7.25689404934688e-05
7.2568413872178e-05
7.25678872585304e-05
7.25673606525257e-05
7.25668340541639e-05
7.25663074634447e-05
7.25657808803681e-05
7.25652543049337e-05
7.25647277371415e-05
7.25642011769913e-05
7.2563674624483e-05
7.25631480796163e-05
7.25626215423911e-05
7.25620950128072e-05
7.25615684908645e-05
7.25610419765628e-05
7.25605154699019e-05
7.25599889708817e-05
7.2559462479502e-05
7.25589359957626e-05
7.25584095196633e-05
7.25578830512041e-05
7.25573565903847e-05
7.2556830137205e-05
7.25563036916647e-05
7.25557772537638e-05
7.25552508235021e-05
7.25547244008794e-05
7.25541979858955e-05
7.25536715785502e-05
7.25531451788435e-05
7.25526187867751e-05
7.25520924023449e-05
7.25515660255527e-05
7.25510396563983e-05
7.25505132948816e-05
7.25499869410024e-05
7.25494605947605e-05
7.25489342561558e-05
7.25484079251881e-05
7.25478816018572e-05
7.2547355286163e-05
7.25468289781054e-05
7.2546302677684e-05
7.25457763848989e-05
7.25452500997497e-05
7.25447238222364e-05
7.25441975523588e-05
7.25436712901166e-05
7.25431450355099e-05
7.25426187885383e-05
7.25420925492017e-05
7.25415663174999e-05
7.25410400934329e-05
7.25405138770003e-05
7.25399876682021e-05
7.25394614670381e-05
7.25389352735081e-05
7.25384090876119e-05
7.25378829093494e-05
7.25373567387204e-05
7.25368305757248e-05
7.25363044203624e-05
7.2535778272633e-05
7.25352521325364e-05
7.25347260000725e-05
7.25341998752412e-05
7.25336737580422e-05
7.25331476484753e-05
7.25326215465406e-05
7.25320954522376e-05
7.25315693655664e-05
7.25310432865266e-05
7.25305172151183e-05
7.25299911513411e-05
7.25294650951949e-05
7.25289390466796e-05
7.2528413005795e-05
7.25278869725409e-05
7.25273609469172e-05
7.25268349289237e-05
7.25263089185602e-05
7.25257829158266e-05
7.25252569207226e-05
7.25247309332482e-05
7.25242049534032e-05
7.25236789811874e-05
7.25231530166006e-05
7.25226270596426e-05
7.25221011103134e-05
7.25215751686127e-05
7.25210492345403e-05
7.25205233080962e-05
7.25199973892801e-05
7.25194714780919e-05
7.25189455745314e-05
7.25184196785984e-05
7.25178937902928e-05
7.25173679096144e-05
7.2516842036563e-05
7.25163161711385e-05
7.25157903133407e-05
7.25152644631695e-05
7.25147386206246e-05
7.2514212785706e-05
7.25136869584134e-05
7.25131611387467e-05
7.25126353267057e-05
7.25121095222902e-05
7.25115837255001e-05
7.25110579363353e-05
7.25105321547955e-05
7.25100063808806e-05
7.25094806145904e-05
7.25089548559247e-05
7.25084291048834e-05
7.25079033614664e-05
7.25073776256734e-05
7.25068518975043e-05
7.25063261769589e-05
7.25058004640371e-05
7.25052747587387e-05
7.25047490610635e-05
7.25042233710114e-05
7.25036976885821e-05
7.25031720137756e-05
7.25026463465917e-05
7.25021206870301e-05
7.25015950350908e-05
7.25010693907735e-05
7.25005437540782e-05
7.25000181250045e-05
7.24994925035525e-05
7.24989668897218e-05
7.24984412835124e-05
7.24979156849241e-05
7.24973900939566e-05
7.24968645106099e-05
7.24963389348838e-05
7.24958133667781e-05
7.24952878062926e-05
7.24947622534272e-05
7.24942367081817e-05
7.2493711170556e-05
7.24931856405498e-05
7.2492660118163e-05
7.24921346033955e-05
7.24916090962471e-05
7.24910835967176e-05
7.24905581048069e-05
7.24900326205147e-05
7.24895071438409e-05
7.24889816747854e-05
7.2488456213348e-05
7.24879307595285e-05
7.24874053133268e-05
7.24868798747427e-05
7.2486354443776e-05
7.24858290204265e-05
7.24853036046942e-05
7.24847781965787e-05
7.24842527960801e-05
7.2483727403198e-05
7.24832020179323e-05
7.2482676640283e-05
7.24821512702497e-05
7.24816259078324e-05
7.24811005530308e-05
7.24805752058448e-05
7.24800498662743e-05
7.24795245343191e-05
7.24789992099789e-05
7.24784738932537e-05
7.24779485841433e-05
7.24774232826474e-05
7.24768979887661e-05
7.2476372702499e-05
7.2475847423846e-05
7.2475322152807e-05
7.24747968893817e-05
7.24742716335701e-05
7.24737463853719e-05
7.2473221144787e-05
7.24726959118152e-05
7.24721706864564e-05
7.24716454687104e-05
7.2471120258577e-05
7.2470595056056e-05
7.24700698611473e-05
7.24695446738508e-05
7.24690194941663e-05
7.24684943220935e-05
7.24679691576323e-05
7.24674440007826e-05
7.24669188515443e-05
7.2466393709917e-05
7.24658685759008e-05
7.24653434494953e-05
7.24648183307004e-05
7.24642932195161e-05
7.2463768115942e-05
7.24632430199781e-05
7.24627179316242e-05
7.24621928508801e-05
7.24616677777456e-05
7.24611427122206e-05
7.24606176543049e-05
7.24600926039983e-05
7.24595675613008e-05
7.24590425262121e-05
7.2458517498732e-05
7.24579924788604e-05
7.24574674665971e-05
7.2456942461942e-05
7.24564174648949e-05
7.24558924754556e-05
7.24553674936239e-05
7.24548425193998e-05
7.2454317552783e-05
7.24537925937733e-05
7.24532676423707e-05
7.24527426985749e-05
7.24522177623857e-05
7.24516928338031e-05
7.24511679128268e-05
7.24506429994566e-05
7.24501180936925e-05
7.24495931955342e-05
7.24490683049816e-05
7.24485434220345e-05
7.24480185466928e-05
7.24474936789562e-05
7.24469688188246e-05
7.24464439662979e-05
7.24459191213759e-05
7.24453942840584e-05
7.24448694543452e-05
7.24443446322363e-05
7.24438198177313e-05
7.24432950108303e-05
7.24427702115329e-05
7.2442245419839e-05
7.24417206357485e-05
7.24411958592612e-05
7.2440671090377e-05
7.24401463290956e-05
7.24396215754169e-05
7.24390968293407e-05
7.24385720908669e-05
7.24380473599954e-05
7.24375226367258e-05
7.24369979210582e-05
7.24364732129922e-05
7.24359485125278e-05
7.24354238196648e-05
7.2434899134403e-05
7.24343744567422e-05
7.24338497866823e-05
7.24333251242231e-05
7.24328004693646e-05
7.24322758221063e-05
7.24317511824483e-05
7.24312265503904e-05
7.24307019259324e-05
7.2430177309074e-05
7.24296526998153e-05
7.2429128098156e-05
7.24286035040958e-05
7.24280789176348e-05
7.24275543387726e-05
7.24270297675092e-05
7.24265052038444e-05
7.2425980647778e-05
7.24254560993098e-05
7.24249315584397e-05
7.24244070251675e-05
7.2423882499493e-05
7.24233579814162e-05
7.24228334709367e-05
7.24223089680545e-05
7.24217844727694e-05
7.24212599850812e-05
7.24207355049898e-05
7.24202110324949e-05
7.24196865675965e-05
7.24191621102944e-05
7.24186376605883e-05
7.24181132184782e-05
7.24175887839639e-05
7.24170643570451e-05
7.24165399377218e-05
7.24160155259937e-05
7.24154911218608e-05
7.24149667253228e-05
7.24144423363796e-05
7.2413917955031e-05
7.24133935812768e-05
7.24128692151169e-05
7.24123448565511e-05
7.24118205055793e-05
7.24112961622013e-05
7.24107718264169e-05
7.2410247498226e-05
7.24097231776283e-05
7.24091988646238e-05
7.24086745592122e-05
7.24081502613934e-05
7.24076259711673e-05
7.24071016885336e-05
7.24065774134922e-05
7.2406053146043e-05
7.24055288861858e-05
7.24050046339203e-05
7.24044803892465e-05
7.24039561521641e-05
7.24034319226731e-05
7.24029077007733e-05
7.24023834864644e-05
7.24018592797463e-05
7.24013350806189e-05
7.2400810889082e-05
7.24002867051354e-05
7.23997625287789e-05
7.23992383600125e-05
7.23987141988358e-05
7.23981900452489e-05
7.23976658992514e-05
7.23971417608433e-05
7.23966176300243e-05
7.23960935067944e-05
7.23955693911533e-05
7.23950452831008e-05
7.23945211826369e-05
7.23939970897613e-05
7.23934730044739e-05
7.23929489267745e-05
7.2392424856663e-05
7.23919007941392e-05
7.23913767392028e-05
7.23908526918539e-05
7.23903286520921e-05
7.23898046199173e-05
7.23892805953294e-05
7.23887565783283e-05
7.23882325689136e-05
7.23877085670853e-05
7.23871845728432e-05
7.23866605861872e-05
7.2386136607117e-05
7.23856126356325e-05
7.23850886717336e-05
7.23845647154201e-05
7.23840407666918e-05
7.23835168255485e-05
7.23829928919901e-05
7.23824689660164e-05
7.23819450476273e-05
7.23814211368226e-05
7.23808972336021e-05
7.23803733379657e-05
7.23798494499131e-05
7.23793255694443e-05
7.23788016965591e-05
7.23782778312573e-05
7.23777539735387e-05
7.23772301234032e-05
7.23767062808506e-05
7.23761824458807e-05
7.23756586184934e-05
7.23751347986886e-05
7.2374610986466e-05
7.23740871818254e-05
7.23735633847668e-05
7.237303959529e-05
7.23725158133947e-05
7.23719920390809e-05
7.23714682723483e-05
7.23709445131968e-05
7.23704207616263e-05
7.23698970176365e-05
7.23693732812274e-05
7.23688495523987e-05
7.23683258311502e-05
7.23678021174819e-05
7.23672784113935e-05
7.23667547128849e-05
7.23662310219559e-05
7.23657073386064e-05
7.23651836628361e-05
7.2364659994645e-05
7.23641363340328e-05
7.23636126809995e-05
7.23630890355447e-05
7.23625653976685e-05
7.23620417673705e-05
7.23615181446507e-05
7.23609945295088e-05
7.23604709219448e-05
7.23599473219583e-05
7.23594237295494e-05
7.23589001447178e-05
7.23583765674633e-05
7.23578529977858e-05
7.23573294356852e-05
7.23568058811612e-05
7.23562823342137e-05
7.23557587948425e-05
7.23552352630475e-05
7.23547117388284e-05
7.23541882221852e-05
7.23536647131177e-05
7.23531412116257e-05
7.2352617717709e-05
7.23520942313675e-05
7.2351570752601e-05
7.23510472814094e-05
7.23505238177924e-05
7.235000036175e-05
7.23494769132819e-05
7.2348953472388e-05
7.23484300390682e-05
7.23479066133221e-05
7.23473831951498e-05
7.23468597845511e-05
7.23463363815256e-05
7.23458129860734e-05
7.23452895981943e-05
7.2344766217888e-05
7.23442428451544e-05
7.23437194799933e-05
7.23431961224047e-05
7.23426727723882e-05
7.23421494299439e-05
7.23416260950714e-05
7.23411027677706e-05
7.23405794480414e-05
7.23400561358836e-05
7.2339532831297e-05
7.23390095342815e-05
7.23384862448368e-05
7.2337962962963e-05
7.23374396886597e-05
7.23369164219268e-05
7.23363931627641e-05
7.23358699111716e-05
7.23353466671489e-05
7.2334823430696e-05
7.23343002018127e-05
7.23337769804988e-05
7.23332537667542e-05
7.23327305605787e-05
7.23322073619721e-05
7.23316841709342e-05
7.2331160987465e-05
7.23306378115642e-05
7.23301146432317e-05
7.23295914824673e-05
7.23290683292708e-05
7.23285451836422e-05
7.23280220455811e-05
7.23274989150875e-05
7.23269757921612e-05
7.2326452676802e-05
7.23259295690098e-05
7.23254064687844e-05
7.23248833761256e-05
7.23243602910332e-05
7.23238372135072e-05
7.23233141435473e-05
7.23227910811534e-05
7.23222680263253e-05
7.23217449790629e-05
7.23212219393659e-05
7.23206989072342e-05
7.23201758826677e-05
7.23196528656662e-05
7.23191298562296e-05
7.23186068543576e-05
7.231808386005e-05
7.23175608733069e-05
7.23170378941279e-05
7.23165149225128e-05
7.23159919584617e-05
7.23154690019742e-05
7.23149460530502e-05
7.23144231116896e-05
7.23139001778922e-05
7.23133772516578e-05
7.23128543329862e-05
7.23123314218774e-05
7.2311808518331e-05
7.23112856223471e-05
7.23107627339253e-05
7.23102398530656e-05
7.23097169797677e-05
7.23091941140316e-05
7.2308671255857e-05
7.23081484052438e-05
7.23076255621918e-05
7.23071027267008e-05
7.23065798987708e-05
7.23060570784015e-05
7.23055342655927e-05
7.23050114603443e-05
7.23044886626562e-05
7.23039658725281e-05
7.23034430899599e-05
7.23029203149515e-05
7.23023975475027e-05
7.23018747876132e-05
7.23013520352831e-05
7.2300829290512e-05
7.23003065532998e-05
7.22997838236464e-05
7.22992611015515e-05
7.22987383870152e-05
7.2298215680037e-05
7.2297692980617e-05
7.22971702887549e-05
7.22966476044506e-05
7.22961249277039e-05
7.22956022585146e-05
7.22950795968826e-05
7.22945569428078e-05
7.22940342962899e-05
7.22935116573287e-05
7.22929890259243e-05
7.22924664020762e-05
7.22919437857845e-05
7.22914211770489e-05
7.22908985758693e-05
7.22903759822455e-05
7.22898533961773e-05
7.22893308176646e-05
7.22888082467072e-05
7.2288285683305e-05
7.22877631274578e-05
7.22872405791654e-05
7.22867180384276e-05
7.22861955052444e-05
7.22856729796154e-05
7.22851504615407e-05
7.22846279510199e-05
7.2284105448053e-05
7.22835829526398e-05
7.22830604647801e-05
7.22825379844737e-05
7.22820155117205e-05
7.22814930465204e-05
7.22809705888731e-05
7.22804481387785e-05
7.22799256962364e-05
7.22794032612467e-05
7.22788808338092e-05
7.22783584139237e-05
7.22778360015901e-05
7.22773135968082e-05
7.22767911995779e-05
7.2276268809899e-05
7.22757464277712e-05
7.22752240531946e-05
7.22747016861688e-05
7.22741793266937e-05
7.22736569747693e-05
7.22731346303952e-05
7.22726122935714e-05
7.22720899642976e-05
7.22715676425737e-05
7.22710453283996e-05
7.22705230217751e-05
7.22700007227e-05
7.22694784311742e-05
7.22689561471974e-05
7.22684338707696e-05
7.22679116018905e-05
7.22673893405601e-05
7.22668670867781e-05
7.22663448405443e-05
7.22658226018587e-05
7.2265300370721e-05
7.22647781471311e-05
7.22642559310888e-05
7.2263733722594e-05
7.22632115216464e-05
7.2262689328246e-05
7.22621671423926e-05
7.2261644964086e-05
7.2261122793326e-05
7.22606006301124e-05
7.22600784744452e-05
7.22595563263242e-05
7.22590341857491e-05
7.22585120527198e-05
7.22579899272362e-05
7.22574678092981e-05
7.22569456989053e-05
7.22564235960577e-05
7.22559015007551e-05
7.22553794129973e-05
7.22548573327842e-05
7.22543352601156e-05
7.22538131949914e-05
7.22532911374113e-05
7.22527690873753e-05
7.22522470448831e-05
7.22517250099346e-05
7.22512029825297e-05
7.22506809626681e-05
7.22501589503497e-05
7.22496369455743e-05
7.22491149483419e-05
7.22485929586521e-05
7.22480709765049e-05
7.22475490019001e-05
7.22470270348375e-05
7.2246505075317e-05
7.22459831233383e-05
7.22454611789014e-05
7.22449392420061e-05
7.22444173126522e-05
7.22438953908395e-05
7.22433734765679e-05
7.22428515698372e-05
7.22423296706472e-05
7.22418077789979e-05
7.22412858948889e-05
7.22407640183203e-05
7.22402421492917e-05
7.2239720287803e-05
7.22391984338542e-05
7.22386765874449e-05
7.22381547485751e-05
7.22376329172446e-05
7.22371110934532e-05
7.22365892772007e-05
7.2236067468487e-05
7.2235545667312e-05
7.22350238736754e-05
7.22345020875771e-05
7.2233980309017e-05
7.22334585379948e-05
7.22329367745104e-05
7.22324150185637e-05
7.22318932701545e-05
7.22313715292826e-05
7.22308497959478e-05
7.22303280701501e-05
7.22298063518892e-05
7.22292846411649e-05
7.22287629379772e-05
7.22282412423257e-05
7.22277195542105e-05
7.22271978736313e-05
7.22266762005879e-05
7.22261545350802e-05
7.22256328771081e-05
7.22251112266713e-05
7.22245895837697e-05
7.22240679484031e-05
7.22235463205714e-05
7.22230247002744e-05
7.2222503087512e-05
7.2221981482284e-05
7.22214598845901e-05
7.22209382944303e-05
7.22204167118044e-05
7.22198951367123e-05
7.22193735691537e-05
7.22188520091285e-05
7.22183304566365e-05
7.22178089116776e-05
7.22172873742516e-05
7.22167658443584e-05
7.22162443219978e-05
7.22157228071696e-05
7.22152012998736e-05
7.22146798001098e-05
7.22141583078778e-05
7.22136368231777e-05
7.22131153460091e-05
7.2212593876372e-05
7.22120724142662e-05
7.22115509596915e-05
7.22110295126478e-05
7.22105080731348e-05
7.22099866411525e-05
7.22094652167006e-05
7.2208943799779e-05
7.22084223903876e-05
7.22079009885262e-05
7.22073795941945e-05
7.22068582073925e-05
7.220633682812e-05
7.22058154563769e-05
7.22052940921628e-05
7.22047727354778e-05
7.22042513863216e-05
7.22037300446941e-05
7.22032087105951e-05
7.22026873840244e-05
7.2202166064982e-05
7.22016447534675e-05
7.22011234494809e-05
7.2200602153022e-05
7.22000808640906e-05
7.21995595826865e-05
7.21990383088097e-05
7.21985170424599e-05
7.21979957836371e-05
7.21974745323409e-05
7.21969532885712e-05
7.2196432052328e-05
7.21959108236109e-05
7.219538960242e-05
7.21948683887549e-05
7.21943471826156e-05
7.21938259840018e-05
7.21933047929135e-05
7.21927836093504e-05
7.21922624333124e-05
7.21917412647993e-05
7.2191220103811e-05
7.21906989503472e-05
7.21901778044079e-05
7.21896566659929e-05
7.2189135535102e-05
7.2188614411735e-05
7.21880932958918e-05
7.21875721875722e-05
7.21870510867761e-05
7.21865299935032e-05
7.21860089077535e-05
7.21854878295267e-05
7.21849667588228e-05
7.21844456956415e-05
7.21839246399827e-05
7.21834035918462e-05
7.21828825512318e-05
7.21823615181394e-05
7.21818404925689e-05
7.218131947452e-05
7.21807984639926e-05
7.21802774609866e-05
7.21797564655017e-05
7.21792354775378e-05
7.21787144970948e-05
7.21781935241725e-05
7.21776725587707e-05
7.21771516008892e-05
7.2176630650528e-05
7.21761097076868e-05
7.21755887723654e-05
7.21750678445638e-05
7.21745469242817e-05
7.2174026011519e-05
7.21735051062755e-05
7.21729842085511e-05
7.21724633183455e-05
7.21719424356587e-05
7.21714215604905e-05
7.21709006928406e-05
7.21703798327091e-05
7.21698589800956e-05
7.2169338135e-05
7.21688172974221e-05
7.21682964673619e-05
7.21677756448191e-05
7.21672548297935e-05
7.21667340222851e-05
7.21662132222936e-05
7.21656924298189e-05
7.21651716448608e-05
7.21646508674191e-05
7.21641300974937e-05
7.21636093350845e-05
7.21630885801912e-05
7.21625678328138e-05
7.21620470929519e-05
7.21615263606056e-05
7.21610056357745e-05
7.21604849184586e-05
7.21599642086578e-05
7.21594435063717e-05
7.21589228116003e-05
7.21584021243434e-05
7.21578814446008e-05
7.21573607723724e-05
7.2156840107658e-05
7.21563194504575e-05
7.21557988007706e-05
7.21552781585973e-05
7.21547575239373e-05
7.21542368967906e-05
7.21537162771569e-05
7.2153195665036e-05
7.21526750604279e-05
7.21521544633323e-05
7.21516338737491e-05
7.21511132916781e-05
7.21505927171192e-05
7.21500721500722e-05
7.21495515905369e-05
7.21490310385132e-05
7.21485104940008e-05
7.21479899569998e-05
7.21474694275098e-05
7.21469489055308e-05
7.21464283910625e-05
7.21459078841048e-05
7.21453873846576e-05
7.21448668927206e-05
7.21443464082937e-05
7.21438259313768e-05
7.21433054619697e-05
7.21427850000721e-05
7.21422645456841e-05
7.21417440988053e-05
7.21412236594357e-05
7.21407032275751e-05
7.21401828032232e-05
7.213966238638e-05
7.21391419770453e-05
7.21386215752189e-05
7.21381011809007e-05
7.21375807940905e-05
7.21370604147881e-05
7.21365400429934e-05
7.21360196787062e-05
7.21354993219263e-05
7.21349789726536e-05
7.2134458630888e-05
7.21339382966292e-05
7.21334179698771e-05
7.21328976506315e-05
7.21323773388923e-05
7.21318570346594e-05
7.21313367379324e-05
7.21308164487114e-05
7.21302961669961e-05
7.21297758927863e-05
7.21292556260819e-05
7.21287353668828e-05
7.21282151151888e-05
7.21276948709996e-05
7.21271746343152e-05
7.21266544051354e-05
7.212613418346e-05
7.21256139692889e-05
7.21250937626219e-05
7.21245735634588e-05
7.21240533717995e-05
7.21235331876438e-05
7.21230130109915e-05
7.21224928418426e-05
7.21219726801967e-05
7.21214525260539e-05
7.21209323794138e-05
7.21204122402764e-05
7.21198921086414e-05
7.21193719845088e-05
7.21188518678783e-05
7.21183317587498e-05
7.21178116571231e-05
7.21172915629981e-05
7.21167714763745e-05
7.21162513972524e-05
7.21157313256314e-05
7.21152112615114e-05
7.21146912048923e-05
7.21141711557738e-05
7.21136511141559e-05
7.21131310800384e-05
7.2112611053421e-05
7.21120910343037e-05
7.21115710226863e-05
7.21110510185686e-05
7.21105310219505e-05
7.21100110328317e-05
7.21094910512122e-05
7.21089710770917e-05
7.21084511104701e-05
7.21079311513473e-05
7.21074111997231e-05
7.21068912555973e-05
7.21063713189697e-05
7.21058513898403e-05
7.21053314682088e-05
7.2104811554075e-05
7.21042916474389e-05
7.21037717483002e-05
7.21032518566587e-05
7.21027319725144e-05
7.21022120958671e-05
7.21016922267166e-05
7.21011723650627e-05
7.21006525109052e-05
7.21001326642441e-05
7.20996128250791e-05
7.20990929934101e-05
7.2098573169237e-05
7.20980533525595e-05
7.20975335433775e-05
7.20970137416908e-05
7.20964939474993e-05
7.20959741608029e-05
7.20954543816012e-05
7.20949346098943e-05
7.20944148456819e-05
7.20938950889639e-05
7.209337533974e-05
7.20928555980102e-05
7.20923358637743e-05
7.20918161370321e-05
7.20912964177835e-05
7.20907767060282e-05
7.20902570017662e-05
7.20897373049973e-05
7.20892176157212e-05
7.20886979339379e-05
7.20881782596472e-05
7.20876585928489e-05
7.20871389335429e-05
7.20866192817289e-05
7.20860996374069e-05
7.20855800005767e-05
7.20850603712381e-05
7.20845407493909e-05
7.2084021135035e-05
7.20835015281702e-05
7.20829819287964e-05
7.20824623369134e-05
7.20819427525211e-05
7.20814231756192e-05
7.20809036062076e-05
7.20803840442862e-05
7.20798644898548e-05
7.20793449429132e-05
7.20788254034612e-05
7.20783058714988e-05
7.20777863470257e-05
7.20772668300418e-05
7.20767473205469e-05
7.20762278185409e-05
7.20757083240236e-05
7.20751888369948e-05
7.20746693574543e-05
7.20741498854021e-05
7.20736304208379e-05
7.20731109637616e-05
7.20725915141731e-05
7.20720720720721e-05
7.20715526374585e-05
7.20710332103321e-05
7.20705137906928e-05
7.20699943785404e-05
7.20694749738748e-05
7.20689555766958e-05
7.20684361870032e-05
7.20679168047968e-05
7.20673974300766e-05
7.20668780628423e-05
7.20663587030938e-05
7.20658393508309e-05
7.20653200060535e-05
7.20648006687613e-05
7.20642813389544e-05
7.20637620166323e-05
7.20632427017951e-05
7.20627233944425e-05
7.20622040945744e-05
7.20616848021907e-05
7.20611655172911e-05
7.20606462398755e-05
7.20601269699437e-05
7.20596077074956e-05
7.20590884525311e-05
7.20585692050499e-05
7.20580499650519e-05
7.20575307325369e-05
7.20570115075047e-05
7.20564922899553e-05
7.20559730798885e-05
7.2055453877304e-05
7.20549346822017e-05
7.20544154945815e-05
7.20538963144432e-05
7.20533771417866e-05
7.20528579766116e-05
7.20523388189181e-05
7.20518196687057e-05
7.20513005259745e-05
7.20507813907242e-05
7.20502622629546e-05
7.20497431426657e-05
7.20492240298572e-05
7.2048704924529e-05
7.20481858266809e-05
7.20476667363127e-05
7.20471476534244e-05
7.20466285780157e-05
7.20461095100865e-05
7.20455904496365e-05
7.20450713966658e-05
7.2044552351174e-05
7.2044033313161e-05
7.20435142826267e-05
7.20429952595709e-05
7.20424762439935e-05
7.20419572358942e-05
7.20414382352729e-05
7.20409192421295e-05
7.20404002564638e-05
7.20398812782756e-05
7.20393623075649e-05
7.20388433443313e-05
7.20383243885747e-05
7.20378054402951e-05
7.20372864994921e-05
7.20367675661658e-05
7.20362486403158e-05
7.20357297219421e-05
7.20352108110444e-05
7.20346919076227e-05
7.20341730116767e-05
7.20336541232064e-05
7.20331352422114e-05
7.20326163686917e-05
7.20320975026472e-05
7.20315786440776e-05
7.20310597929827e-05
7.20305409493625e-05
7.20300221132168e-05
7.20295032845453e-05
7.2028984463348e-05
7.20284656496247e-05
7.20279468433752e-05
7.20274280445994e-05
7.2026909253297e-05
7.2026390469468e-05
7.20258716931122e-05
7.20253529242293e-05
7.20248341628193e-05
7.2024315408882e-05
7.20237966624173e-05
7.20232779234248e-05
7.20227591919046e-05
7.20222404678565e-05
7.20217217512802e-05
7.20212030421756e-05
7.20206843405426e-05
7.2020165646381e-05
7.20196469596906e-05
7.20191282804713e-05
7.20186096087229e-05
7.20180909444452e-05
7.20175722876382e-05
7.20170536383015e-05
7.20165349964352e-05
7.20160163620389e-05
7.20154977351126e-05
7.20149791156561e-05
7.20144605036691e-05
7.20139418991517e-05
7.20134233021035e-05
7.20129047125245e-05
7.20123861304144e-05
7.20118675557732e-05
7.20113489886006e-05
7.20108304288965e-05
7.20103118766607e-05
7.20097933318931e-05
7.20092747945935e-05
7.20087562647618e-05
7.20082377423977e-05
7.20077192275012e-05
7.2007200720072e-05
7.200668222011e-05
7.20061637276151e-05
7.2005645242587e-05
7.20051267650257e-05
7.20046082949309e-05
7.20040898323025e-05
7.20035713771403e-05
7.20030529294442e-05
7.2002534489214e-05
7.20020160564496e-05
7.20014976311507e-05
7.20009792133173e-05
7.20004608029491e-05
7.19999424000461e-05
7.1999424004608e-05
7.19989056166346e-05
7.19983872361259e-05
7.19978688630817e-05
7.19973504975017e-05
7.19968321393859e-05
7.1996313788734e-05
7.1995795445546e-05
7.19952771098216e-05
7.19947587815607e-05
7.19942404607631e-05
7.19937221474287e-05
7.19932038415574e-05
7.19926855431488e-05
7.1992167252203e-05
7.19916489687196e-05
7.19911306926987e-05
7.19906124241399e-05
7.19900941630432e-05
7.19895759094083e-05
7.19890576632352e-05
7.19885394245236e-05
7.19880211932734e-05
7.19875029694845e-05
7.19869847531566e-05
7.19864665442897e-05
7.19859483428835e-05
7.19854301489379e-05
7.19849119624527e-05
7.19843937834277e-05
7.19838756118629e-05
7.19833574477581e-05
7.1982839291113e-05
7.19823211419275e-05
7.19818030002015e-05
7.19812848659349e-05
7.19807667391273e-05
7.19802486197787e-05
7.1979730507889e-05
7.19792124034579e-05
7.19786943064853e-05
7.1978176216971e-05
7.19776581349149e-05
7.19771400603168e-05
7.19766219931766e-05
7.19761039334941e-05
7.19755858812691e-05
7.19750678365014e-05
7.1974549799191e-05
7.19740317693376e-05
7.19735137469411e-05
7.19729957320013e-05
7.19724777245181e-05
7.19719597244913e-05
7.19714417319208e-05
7.19709237468063e-05
7.19704057691477e-05
7.19698877989449e-05
7.19693698361977e-05
7.19688518809059e-05
7.19683339330695e-05
7.19678159926881e-05
7.19672980597616e-05
7.196678013429e-05
7.1966262216273e-05
7.19657443057105e-05
7.19652264026023e-05
7.19647085069482e-05
7.19641906187481e-05
7.19636727380019e-05
7.19631548647093e-05
7.19626369988702e-05
7.19621191404845e-05
7.19616012895519e-05
7.19610834460724e-05
7.19605656100457e-05
7.19600477814717e-05
7.19595299603503e-05
7.19590121466813e-05
7.19584943404644e-05
7.19579765416997e-05
7.19574587503868e-05
7.19569409665256e-05
7.19564231901161e-05
7.19559054211579e-05
7.1955387659651e-05
7.19548699055952e-05
7.19543521589903e-05
7.19538344198362e-05
7.19533166881327e-05
7.19527989638797e-05
7.19522812470769e-05
7.19517635377243e-05
7.19512458358216e-05
7.19507281413688e-05
7.19502104543656e-05
7.19496927748119e-05
7.19491751027075e-05
7.19486574380522e-05
7.1948139780846e-05
7.19476221310886e-05
7.19471044887798e-05
7.19465868539196e-05
7.19460692265078e-05
7.19455516065442e-05
7.19450339940286e-05
7.19445163889608e-05
7.19439987913408e-05
7.19434812011684e-05
7.19429636184433e-05
7.19424460431655e-05
7.19419284753347e-05
7.19414109149509e-05
7.19408933620138e-05
7.19403758165233e-05
7.19398582784792e-05
7.19393407478814e-05
7.19388232247297e-05
7.19383057090239e-05
7.1937788200764e-05
7.19372706999496e-05
7.19367532065808e-05
7.19362357206572e-05
7.19357182421788e-05
7.19352007711453e-05
7.19346833075567e-05
7.19341658514128e-05
7.19336484027133e-05
7.19331309614582e-05
7.19326135276473e-05
7.19320961012804e-05
7.19315786823573e-05
7.1931061270878e-05
7.19305438668422e-05
7.19300264702497e-05
7.19295090811005e-05
7.19289916993944e-05
7.19284743251311e-05
7.19279569583106e-05
7.19274395989326e-05
7.1926922246997e-05
7.19264049025038e-05
7.19258875654526e-05
7.19253702358433e-05
7.19248529136758e-05
7.19243355989499e-05
7.19238182916655e-05
7.19233009918223e-05
7.19227836994203e-05
7.19222664144593e-05
7.1921749136939e-05
7.19212318668594e-05
7.19207146042203e-05
7.19201973490215e-05
7.19196801012629e-05
7.19191628609443e-05
7.19186456280655e-05
7.19181284026264e-05
7.19176111846269e-05
7.19170939740667e-05
7.19165767709457e-05
7.19160595752638e-05
7.19155423870207e-05
7.19150252062163e-05
7.19145080328505e-05
7.19139908669232e-05
7.1913473708434e-05
7.19129565573829e-05
7.19124394137698e-05
7.19119222775944e-05
7.19114051488566e-05
7.19108880275563e-05
7.19103709136932e-05
7.19098538072672e-05
7.19093367082782e-05
7.1908819616726e-05
7.19083025326104e-05
7.19077854559313e-05
7.19072683866885e-05
7.19067513248819e-05
7.19062342705113e-05
7.19057172235765e-05
7.19052001840773e-05
7.19046831520137e-05
7.19041661273854e-05
7.19036491101923e-05
7.19031321004343e-05
7.19026150981111e-05
7.19020981032227e-05
7.19015811157687e-05
7.19010641357492e-05
7.19005471631639e-05
7.19000301980127e-05
7.18995132402954e-05
7.18989962900118e-05
7.18984793471618e-05
7.18979624117452e-05
7.1897445483762e-05
7.18969285632118e-05
7.18964116500945e-05
7.18958947444101e-05
7.18953778461583e-05
7.18948609553389e-05
7.18943440719519e-05
7.18938271959969e-05
7.1893310327474e-05
7.18927934663829e-05
7.18922766127235e-05
7.18917597664956e-05
7.1891242927699e-05
7.18907260963336e-05
7.18902092723992e-05
7.18896924558957e-05
7.18891756468229e-05
7.18886588451806e-05
7.18881420509687e-05
7.1887625264187e-05
7.18871084848354e-05
7.18865917129137e-05
7.18860749484217e-05
7.18855581913594e-05
7.18850414417264e-05
7.18845246995227e-05
7.18840079647481e-05
7.18834912374024e-05
7.18829745174855e-05
7.18824578049973e-05
7.18819410999375e-05
7.1881424402306e-05
7.18809077121026e-05
7.18803910293272e-05
7.18798743539796e-05
7.18793576860597e-05
7.18788410255673e-05
7.18783243725022e-05
7.18778077268643e-05
7.18772910886535e-05
7.18767744578694e-05
7.18762578345121e-05
7.18757412185813e-05
7.18752246100769e-05
7.18747080089987e-05
7.18741914153466e-05
7.18736748291203e-05
7.18731582503198e-05
7.18726416789449e-05
7.18721251149954e-05
7.18716085584711e-05
7.1871092009372e-05
7.18705754676978e-05
7.18700589334483e-05
7.18695424066235e-05
7.18690258872231e-05
7.1868509375247e-05
7.18679928706951e-05
7.18674763735671e-05
7.1866959883863e-05
7.18664434015825e-05
7.18659269267255e-05
7.18654104592918e-05
7.18648939992814e-05
7.18643775466939e-05
7.18638611015293e-05
7.18633446637873e-05
7.1862828233468e-05
7.18623118105709e-05
7.18617953950961e-05
7.18612789870434e-05
7.18607625864126e-05
7.18602461932035e-05
7.18597298074159e-05
7.18592134290498e-05
7.18586970581049e-05
7.18581806945812e-05
7.18576643384783e-05
7.18571479897963e-05
7.18566316485348e-05
7.18561153146939e-05
7.18555989882732e-05
7.18550826692726e-05
7.1854566357692e-05
7.18540500535313e-05
7.18535337567902e-05
7.18530174674685e-05
7.18525011855663e-05
7.18519849110832e-05
7.18514686440191e-05
7.18509523843739e-05
7.18504361321473e-05
7.18499198873393e-05
7.18494036499497e-05
7.18488874199783e-05
7.1848371197425e-05
7.18478549822895e-05
7.18473387745718e-05
7.18468225742717e-05
7.18463063813889e-05
7.18457901959235e-05
7.18452740178751e-05
7.18447578472437e-05
7.1844241684029e-05
7.1843725528231e-05
7.18432093798494e-05
7.18426932388841e-05
7.1842177105335e-05
7.18416609792018e-05
7.18411448604845e-05
7.18406287491828e-05
7.18401126452966e-05
7.18395965488258e-05
7.18390804597701e-05
7.18385643781295e-05
7.18380483039037e-05
7.18375322370926e-05
7.1837016177696e-05
7.18365001257139e-05
7.18359840811459e-05
7.1835468043992e-05
7.1834952014252e-05
7.18344359919258e-05
7.18339199770132e-05
7.18334039695139e-05
7.18328879694279e-05
7.1832371976755e-05
7.18318559914951e-05
7.1831340013648e-05
7.18308240432134e-05
7.18303080801914e-05
7.18297921245816e-05
7.1829276176384e-05
7.18287602355983e-05
7.18282443022245e-05
7.18277283762624e-05
7.18272124577117e-05
7.18266965465724e-05
7.18261806428443e-05
7.18256647465272e-05
7.1825148857621e-05
7.18246329761255e-05
7.18241171020405e-05
7.18236012353659e-05
7.18230853761016e-05
7.18225695242473e-05
7.18220536798029e-05
7.18215378427683e-05
7.18210220131433e-05
7.18205061909276e-05
7.18199903761213e-05
7.18194745687241e-05
7.18189587687358e-05
7.18184429761563e-05
7.18179271909854e-05
7.1817411413223e-05
7.18168956428689e-05
7.1816379879923e-05
7.18158641243851e-05
7.1815348376255e-05
7.18148326355325e-05
7.18143169022176e-05
7.18138011763101e-05
7.18132854578097e-05
7.18127697467164e-05
7.18122540430299e-05
7.18117383467502e-05
7.1811222657877e-05
7.18107069764102e-05
7.18101913023496e-05
7.18096756356952e-05
7.18091599764466e-05
7.18086443246038e-05
7.18081286801666e-05
7.18076130431348e-05
7.18070974135084e-05
7.1806581791287e-05
7.18060661764706e-05
7.1805550569059e-05
7.1805034969052e-05
7.18045193764496e-05
7.18040037912514e-05
7.18034882134574e-05
7.18029726430674e-05
7.18024570800813e-05
7.18019415244988e-05
7.18014259763199e-05
7.18009104355443e-05
7.1800394902172e-05
7.17998793762026e-05
7.17993638576362e-05
7.17988483464725e-05
7.17983328427114e-05
7.17978173463527e-05
7.17973018573962e-05
7.17967863758418e-05
7.17962709016894e-05
7.17957554349387e-05
7.17952399755896e-05
7.1794724523642e-05
7.17942090790957e-05
7.17936936419505e-05
7.17931782122063e-05
7.17926627898629e-05
7.17921473749201e-05
7.17916319673779e-05
7.1791116567236e-05
7.17906011744942e-05
7.17900857891525e-05
7.17895704112107e-05
7.17890550406685e-05
7.17885396775259e-05
7.17880243217826e-05
7.17875089734386e-05
7.17869936324937e-05
7.17864782989476e-05
7.17859629728003e-05
7.17854476540516e-05
7.17849323427013e-05
7.17844170387492e-05
7.17839017421953e-05
7.17833864530393e-05
7.17828711712811e-05
7.17823558969205e-05
7.17818406299574e-05
7.17813253703916e-05
7.1780810118223e-05
7.17802948734513e-05
7.17797796360765e-05
7.17792644060984e-05
7.17787491835167e-05
7.17782339683314e-05
7.17777187605424e-05
7.17772035601493e-05
7.17766883671521e-05
7.17761731815507e-05
7.17756580033447e-05
7.17751428325342e-05
7.1774627669119e-05
7.17741125130988e-05
7.17735973644735e-05
7.1773082223243e-05
7.17725670894071e-05
7.17720519629656e-05
7.17715368439184e-05
7.17710217322654e-05
7.17705066280063e-05
7.1769991531141e-05
7.17694764416694e-05
7.17689613595912e-05
7.17684462849064e-05
7.17679312176147e-05
7.17674161577161e-05
7.17669011052103e-05
7.17663860600972e-05
7.17658710223766e-05
7.17653559920484e-05
7.17648409691124e-05
7.17643259535685e-05
7.17638109454164e-05
7.17632959446561e-05
7.17627809512874e-05
7.17622659653101e-05
7.17617509867241e-05
7.17612360155291e-05
7.17607210517251e-05
7.17602060953119e-05
7.17596911462893e-05
7.17591762046572e-05
7.17586612704153e-05
7.17581463435637e-05
7.1757631424102e-05
7.17571165120301e-05
7.17566016073479e-05
7.17560867100552e-05
7.17555718201518e-05
7.17550569376377e-05
7.17545420625126e-05
7.17540271947763e-05
7.17535123344288e-05
7.17529974814698e-05
7.17524826358992e-05
7.17519677977169e-05
7.17514529669226e-05
7.17509381435162e-05
7.17504233274976e-05
7.17499085188666e-05
7.17493937176231e-05
7.17488789237668e-05
7.17483641372977e-05
7.17478493582155e-05
7.17473345865201e-05
7.17468198222114e-05
7.17463050652891e-05
7.17457903157532e-05
7.17452755736035e-05
7.17447608388397e-05
7.17442461114619e-05
7.17437313914697e-05
7.1743216678863e-05
7.17427019736417e-05
7.17421872758057e-05
7.17416725853547e-05
7.17411579022885e-05
7.17406432266072e-05
7.17401285583104e-05
7.1739613897398e-05
7.17390992438699e-05
7.17385845977259e-05
7.17380699589658e-05
7.17375553275895e-05
7.17370407035969e-05
7.17365260869877e-05
7.17360114777618e-05
7.17354968759191e-05
7.17349822814594e-05
7.17344676943825e-05
7.17339531146882e-05
7.17334385423765e-05
7.17329239774472e-05
7.17324094199e-05
7.17318948697349e-05
7.17313803269516e-05
7.17308657915501e-05
7.17303512635301e-05
7.17298367428916e-05
7.17293222296343e-05
7.1728807723758e-05
7.17282932252627e-05
7.17277787341482e-05
7.17272642504142e-05
7.17267497740607e-05
7.17262353050875e-05
7.17257208434945e-05
7.17252063892814e-05
7.17246919424481e-05
7.17241775029945e-05
7.17236630709204e-05
7.17231486462256e-05
7.172263422891e-05
7.17221198189734e-05
7.17216054164156e-05
7.17210910212366e-05
7.17205766334361e-05
7.1720062253014e-05
7.17195478799702e-05
7.17190335143044e-05
7.17185191560165e-05
7.17180048051063e-05
7.17174904615738e-05
7.17169761254186e-05
7.17164617966408e-05
7.17159474752401e-05
7.17154331612163e-05
7.17149188545693e-05
7.1714404555299e-05
7.17138902634051e-05
7.17133759788876e-05
7.17128617017462e-05
7.17123474319808e-05
7.17118331695913e-05
7.17113189145775e-05
7.17108046669392e-05
7.17102904266762e-05
7.17097761937885e-05
7.17092619682758e-05
7.1708747750138e-05
7.1708233539375e-05
7.17077193359865e-05
7.17072051399725e-05
7.17066909513327e-05
7.1706176770067e-05
7.17056625961752e-05
7.17051484296573e-05
7.17046342705129e-05
7.1704120118742e-05
7.17036059743444e-05
7.170309183732e-05
7.17025777076686e-05
7.170206358539e-05
7.17015494704841e-05
7.17010353629506e-05
7.17005212627896e-05
7.17000071700007e-05
7.16994930845839e-05
7.16989790065389e-05
7.16984649358657e-05
7.16979508725641e-05
7.16974368166338e-05
7.16969227680748e-05
7.16964087268869e-05
7.16958946930699e-05
7.16953806666237e-05
7.1694866647548e-05
7.16943526358429e-05
7.1693838631508e-05
7.16933246345433e-05
7.16928106449485e-05
7.16922966627236e-05
7.16917826878683e-05
7.16912687203825e-05
7.16907547602661e-05
7.16902408075189e-05
7.16897268621407e-05
7.16892129241313e-05
7.16886989934907e-05
7.16881850702186e-05
7.16876711543149e-05
7.16871572457794e-05
7.1686643344612e-05
7.16861294508126e-05
7.16856155643809e-05
7.16851016853167e-05
7.16845878136201e-05
7.16840739492907e-05
7.16835600923284e-05
7.16830462427331e-05
7.16825324005046e-05
7.16820185656428e-05
7.16815047381475e-05
7.16809909180184e-05
7.16804771052556e-05
7.16799632998588e-05
7.16794495018278e-05
7.16789357111626e-05
7.16784219278628e-05
7.16779081519285e-05
7.16773943833594e-05
7.16768806221553e-05
7.16763668683162e-05
7.16758531218418e-05
7.1675339382732e-05
7.16748256509866e-05
7.16743119266055e-05
7.16737982095885e-05
7.16732844999355e-05
7.16727707976463e-05
7.16722571027207e-05
7.16717434151586e-05
7.16712297349598e-05
7.16707160621242e-05
7.16702023966516e-05
7.16696887385418e-05
7.16691750877947e-05
7.16686614444102e-05
7.1668147808388e-05
7.16676341797281e-05
7.16671205584302e-05
7.16666069444942e-05
7.166609333792e-05
7.16655797387073e-05
7.16650661468561e-05
7.16645525623661e-05
7.16640389852372e-05
7.16635254154693e-05
7.16630118530622e-05
7.16624982980157e-05
7.16619847503297e-05
7.16614712100039e-05
7.16609576770384e-05
7.16604441514329e-05
7.16599306331871e-05
7.16594171223011e-05
7.16589036187746e-05
7.16583901226075e-05
7.16578766337996e-05
7.16573631523507e-05
7.16568496782607e-05
7.16563362115295e-05
7.16558227521568e-05
7.16553093001426e-05
7.16547958554866e-05
7.16542824181887e-05
7.16537689882488e-05
7.16532555656666e-05
7.16527421504421e-05
7.1652228742575e-05
7.16517153420653e-05
7.16512019489127e-05
7.16506885631171e-05
7.16501751846783e-05
7.16496618135962e-05
7.16491484498707e-05
7.16486350935015e-05
7.16481217444885e-05
7.16476084028315e-05
7.16470950685304e-05
7.16465817415851e-05
7.16460684219953e-05
7.1645555109761e-05
7.16450418048819e-05
7.16445285073579e-05
7.16440152171888e-05
7.16435019343745e-05
7.16429886589149e-05
7.16424753908097e-05
7.16419621300588e-05
7.16414488766621e-05
7.16409356306193e-05
7.16404223919304e-05
7.16399091605952e-05
7.16393959366135e-05
7.16388827199851e-05
7.16383695107099e-05
7.16378563087878e-05
7.16373431142186e-05
7.16368299270021e-05
7.16363167471381e-05
7.16358035746266e-05
7.16352904094673e-05
7.16347772516601e-05
7.16342641012049e-05
7.16337509581014e-05
7.16332378223496e-05
7.16327246939492e-05
7.16322115729001e-05
7.16316984592022e-05
7.16311853528552e-05
7.16306722538591e-05
7.16301591622137e-05
7.16296460779187e-05
7.16291330009742e-05
7.16286199313798e-05
7.16281068691354e-05
7.1627593814241e-05
7.16270807666963e-05
7.16265677265011e-05
7.16260546936554e-05
7.16255416681589e-05
7.16250286500115e-05
7.1624515639213e-05
7.16240026357633e-05
7.16234896396622e-05
7.16229766509096e-05
7.16224636695053e-05
7.16219506954491e-05
7.1621437728741e-05
7.16209247693806e-05
7.16204118173679e-05
7.16198988727028e-05
7.1619385935385e-05
7.16188730054144e-05
7.16183600827908e-05
7.16178471675141e-05
7.16173342595842e-05
7.16168213590008e-05
7.16163084657638e-05
7.16157955798731e-05
7.16152827013285e-05
7.16147698301298e-05
7.16142569662769e-05
7.16137441097695e-05
7.16132312606077e-05
7.16127184187912e-05
7.16122055843198e-05
7.16116927571934e-05
7.16111799374118e-05
7.16106671249749e-05
7.16101543198826e-05
7.16096415221345e-05
7.16091287317307e-05
7.16086159486709e-05
7.16081031729551e-05
7.16075904045829e-05
7.16070776435543e-05
7.16065648898691e-05
7.16060521435272e-05
7.16055394045283e-05
7.16050266728724e-05
7.16045139485593e-05
7.16040012315888e-05
7.16034885219608e-05
7.16029758196751e-05
7.16024631247315e-05
7.16019504371299e-05
7.16014377568702e-05
7.16009250839521e-05
7.16004124183755e-05
7.15998997601403e-05
7.15993871092463e-05
7.15988744656934e-05
7.15983618294813e-05
7.159784920061e-05
7.15973365790793e-05
7.15968239648889e-05
7.15963113580388e-05
7.15957987585289e-05
7.15952861663588e-05
7.15947735815286e-05
7.15942610040379e-05
7.15937484338868e-05
7.15932358710749e-05
7.15927233156022e-05
7.15922107674685e-05
7.15916982266736e-05
7.15911856932174e-05
7.15906731670998e-05
7.15901606483205e-05
7.15896481368794e-05
7.15891356327764e-05
7.15886231360112e-05
7.15881106465838e-05
7.1587598164494e-05
7.15870856897416e-05
7.15865732223264e-05
7.15860607622484e-05
7.15855483095073e-05
7.1585035864103e-05
7.15845234260353e-05
7.15840109953041e-05
7.15834985719092e-05
7.15829861558505e-05
7.15824737471278e-05
7.15819613457409e-05
7.15814489516897e-05
7.1580936564974e-05
7.15804241855937e-05
7.15799118135486e-05
7.15793994488386e-05
7.15788870914635e-05
7.15783747414231e-05
7.15778623987173e-05
7.1577350063346e-05
7.15768377353089e-05
7.15763254146059e-05
7.15758131012368e-05
7.15753007952016e-05
7.15747884965e-05
7.15742762051319e-05
7.15737639210971e-05
7.15732516443955e-05
7.15727393750268e-05
7.15722271129911e-05
7.1571714858288e-05
7.15712026109175e-05
7.15706903708793e-05
7.15701781381734e-05
7.15696659127995e-05
7.15691536947576e-05
7.15686414840473e-05
7.15681292806687e-05
7.15676170846215e-05
7.15671048959056e-05
7.15665927145209e-05
7.1566080540467e-05
7.1565568373744e-05
7.15650562143517e-05
7.15645440622898e-05
7.15640319175582e-05
7.15635197801569e-05
7.15630076500855e-05
7.1562495527344e-05
7.15619834119323e-05
7.156147130385e-05
7.15609592030972e-05
7.15604471096735e-05
7.1559935023579e-05
7.15594229448134e-05
7.15589108733765e-05
7.15583988092682e-05
7.15578867524884e-05
7.15573747030369e-05
7.15568626609135e-05
7.15563506261181e-05
7.15558385986505e-05
7.15553265785105e-05
7.15548145656981e-05
7.15543025602129e-05
7.1553790562055e-05
7.15532785712241e-05
7.15527665877201e-05
7.15522546115428e-05
7.15517426426921e-05
7.15512306811677e-05
7.15507187269696e-05
7.15502067800976e-05
7.15496948405515e-05
7.15491829083312e-05
7.15486709834365e-05
7.15481590658672e-05
7.15476471556233e-05
7.15471352527045e-05
7.15466233571107e-05
7.15461114688417e-05
7.15455995878974e-05
7.15450877142775e-05
7.15445758479821e-05
7.15440639890108e-05
7.15435521373636e-05
7.15430402930403e-05
7.15425284560407e-05
7.15420166263647e-05
7.15415048040121e-05
7.15409929889827e-05
7.15404811812764e-05
7.15399693808931e-05
7.15394575878326e-05
7.15389458020947e-05
7.15384340236792e-05
7.15379222525861e-05
7.15374104888151e-05
7.15368987323662e-05
7.1536386983239e-05
7.15358752414336e-05
7.15353635069497e-05
7.15348517797871e-05
7.15343400599458e-05
7.15338283474255e-05
7.15333166422261e-05
7.15328049443475e-05
7.15322932537894e-05
7.15317815705518e-05
7.15312698946344e-05
7.15307582260372e-05
7.15302465647599e-05
7.15297349108024e-05
7.15292232641646e-05
7.15287116248462e-05
7.15281999928472e-05
7.15276883681673e-05
7.15271767508065e-05
7.15266651407645e-05
7.15261535380412e-05
7.15256419426364e-05
7.15251303545501e-05
7.15246187737819e-05
7.15241072003319e-05
7.15235956341997e-05
7.15230840753853e-05
7.15225725238885e-05
7.15220609797092e-05
7.15215494428471e-05
7.15210379133022e-05
7.15205263910742e-05
7.15200148761631e-05
7.15195033685686e-05
7.15189918682906e-05
7.1518480375329e-05
7.15179688896835e-05
7.15174574113541e-05
7.15169459403406e-05
7.15164344766427e-05
7.15159230202605e-05
7.15154115711936e-05
7.1514900129442e-05
7.15143886950054e-05
7.15138772678838e-05
7.1513365848077e-05
7.15128544355848e-05
7.1512343030407e-05
7.15118316325436e-05
7.15113202419943e-05
7.1510808858759e-05
7.15102974828375e-05
7.15097861142297e-05
7.15092747529355e-05
7.15087633989545e-05
7.15082520522868e-05
7.15077407129322e-05
7.15072293808904e-05
7.15067180561614e-05
7.15062067387449e-05
7.15056954286409e-05
7.15051841258491e-05
7.15046728303695e-05
7.15041615422018e-05
7.15036502613458e-05
7.15031389878016e-05
7.15026277215688e-05
7.15021164626473e-05
7.1501605211037e-05
7.15010939667377e-05
7.15005827297493e-05
7.15000715000715e-05
7.14995602777043e-05
7.14990490626475e-05
7.14985378549009e-05
7.14980266544643e-05
7.14975154613377e-05
7.14970042755209e-05
7.14964930970136e-05
7.14959819258158e-05
7.14954707619272e-05
7.14949596053478e-05
7.14944484560774e-05
7.14939373141158e-05
7.14934261794628e-05
7.14929150521183e-05
7.14924039320822e-05
7.14918928193543e-05
7.14913817139344e-05
7.14908706158224e-05
7.14903595250181e-05
7.14898484415213e-05
7.1489337365332e-05
7.14888262964499e-05
7.14883152348749e-05
7.14878041806068e-05
7.14872931336455e-05
7.14867820939908e-05
7.14862710616426e-05
7.14857600366007e-05
7.1485249018865e-05
7.14847380084352e-05
7.14842270053113e-05
7.1483716009493e-05
7.14832050209803e-05
7.1482694039773e-05
7.14821830658708e-05
7.14816720992738e-05
7.14811611399816e-05
7.14806501879941e-05
7.14801392433112e-05
7.14796283059328e-05
7.14791173758586e-05
7.14786064530886e-05
7.14780955376225e-05
7.14775846294602e-05
7.14770737286015e-05
7.14765628350464e-05
7.14760519487946e-05
7.14755410698459e-05
7.14750301982003e-05
7.14745193338575e-05
7.14740084768174e-05
7.14734976270799e-05
7.14729867846447e-05
7.14724759495118e-05
7.1471965121681e-05
7.14714543011521e-05
7.1470943487925e-05
7.14704326819995e-05
7.14699218833754e-05
7.14694110920526e-05
7.1468900308031e-05
7.14683895313103e-05
7.14678787618905e-05
7.14673679997713e-05
7.14668572449527e-05
7.14663464974344e-05
7.14658357572163e-05
7.14653250242982e-05
7.146481429868e-05
7.14643035803616e-05
7.14637928693427e-05
7.14632821656233e-05
7.14627714692031e-05
7.1462260780082e-05
7.14617500982599e-05
7.14612394237366e-05
7.14607287565119e-05
7.14602180965856e-05
7.14597074439577e-05
7.1459196798628e-05
7.14586861605963e-05
7.14581755298624e-05
7.14576649064262e-05
7.14571542902875e-05
7.14566436814463e-05
7.14561330799022e-05
7.14556224856553e-05
7.14551118987052e-05
7.14546013190519e-05
7.14540907466952e-05
7.1453580181635e-05
7.1453069623871e-05
7.14525590734032e-05
7.14520485302314e-05
7.14515379943553e-05
7.1451027465775e-05
7.14505169444901e-05
7.14500064305006e-05
7.14494959238063e-05
7.1448985424407e-05
7.14484749323026e-05
7.14479644474929e-05
7.14474539699778e-05
7.14469434997571e-05
7.14464330368306e-05
7.14459225811983e-05
7.14454121328599e-05
7.14449016918153e-05
7.14443912580643e-05
7.14438808316068e-05
7.14433704124426e-05
7.14428600005715e-05
7.14423495959935e-05
7.14418391987083e-05
7.14413288087158e-05
7.14408184260159e-05
7.14403080506083e-05
7.1439797682493e-05
7.14392873216697e-05
7.14387769681383e-05
7.14382666218987e-05
7.14377562829507e-05
7.14372459512941e-05
7.14367356269288e-05
7.14362253098546e-05
7.14357150000714e-05
7.14352046975791e-05
7.14346944023773e-05
7.14341841144661e-05
7.14336738338453e-05
7.14331635605146e-05
7.1432653294474e-05
7.14321430357232e-05
7.14316327842622e-05
7.14311225400907e-05
7.14306123032087e-05
7.14301020736159e-05
7.14295918513122e-05
7.14290816362974e-05
7.14285714285714e-05
7.14280612281341e-05
7.14275510349852e-05
7.14270408491247e-05
7.14265306705523e-05
7.14260204992679e-05
7.14255103352713e-05
7.14250001785625e-05
7.14244900291412e-05
7.14239798870073e-05
7.14234697521606e-05
7.14229596246009e-05
7.14224495043282e-05
7.14219393913422e-05
7.14214292856429e-05
7.14209191872299e-05
7.14204090961033e-05
7.14198990122628e-05
7.14193889357083e-05
7.14188788664396e-05
7.14183688044565e-05
7.1417858749759e-05
7.14173487023468e-05
7.14168386622198e-05
7.14163286293778e-05
7.14158186038207e-05
7.14153085855484e-05
7.14147985745606e-05
7.14142885708573e-05
7.14137785744382e-05
7.14132685853031e-05
7.14127586034521e-05
7.14122486288848e-05
7.14117386616012e-05
7.1411228701601e-05
7.14107187488842e-05
7.14102088034505e-05
7.14096988652999e-05
7.14091889344321e-05
7.1408679010847e-05
7.14081690945444e-05
7.14076591855242e-05
7.14071492837863e-05
7.14066393893304e-05
7.14061295021565e-05
7.14056196222643e-05
7.14051097496537e-05
7.14045998843245e-05
7.14040900262767e-05
7.140358017551e-05
7.14030703320243e-05
7.14025604958194e-05
7.14020506668952e-05
7.14015408452514e-05
7.14010310308881e-05
7.14005212238049e-05
7.14000114240018e-05
7.13995016314786e-05
7.13989918462351e-05
7.13984820682712e-05
7.13979722975867e-05
7.13974625341815e-05
7.13969527780554e-05
7.13964430292083e-05
7.13959332876399e-05
7.13954235533502e-05
7.1394913826339e-05
7.13944041066061e-05
7.13938943941514e-05
7.13933846889747e-05
7.13928749910759e-05
7.13923653004548e-05
7.13918556171112e-05
7.1391345941045e-05
7.13908362722561e-05
7.13903266107442e-05
7.13898169565093e-05
7.13893073095512e-05
7.13887976698696e-05
7.13882880374646e-05
7.13877784123358e-05
7.13872687944832e-05
7.13867591839066e-05
7.13862495806058e-05
7.13857399845807e-05
7.13852303958311e-05
7.13847208143569e-05
7.13842112401579e-05
7.1383701673234e-05
7.13831921135849e-05
7.13826825612107e-05
7.1382173016111e-05
7.13816634782857e-05
7.13811539477347e-05
7.13806444244579e-05
7.1380134908455e-05
7.13796253997259e-05
7.13791158982705e-05
7.13786064040886e-05
7.137809691718e-05
7.13775874375446e-05
7.13770779651823e-05
7.13765685000928e-05
7.1376059042276e-05
7.13755495917319e-05
7.13750401484601e-05
7.13745307124606e-05
7.13740212837331e-05
7.13735118622777e-05
7.1373002448094e-05
7.13724930411819e-05
7.13719836415414e-05
7.13714742491721e-05
7.1370964864074e-05
7.13704554862469e-05
7.13699461156907e-05
7.13694367524051e-05
7.13689273963902e-05
7.13684180476456e-05
7.13679087061712e-05
7.13673993719669e-05
7.13668900450325e-05
7.13663807253679e-05
7.13658714129729e-05
7.13653621078473e-05
7.13648528099911e-05
7.1364343519404e-05
7.13638342360858e-05
7.13633249600365e-05
7.13628156912559e-05
7.13623064297438e-05
7.13617971755001e-05
7.13612879285245e-05
7.1360778688817e-05
7.13602694563775e-05
7.13597602312056e-05
7.13592510133014e-05
7.13587418026645e-05
7.1358232599295e-05
7.13577234031925e-05
7.13572142143571e-05
7.13567050327884e-05
7.13561958584864e-05
7.13556866914509e-05
7.13551775316817e-05
7.13546683791787e-05
7.13541592339417e-05
7.13536500959707e-05
7.13531409652653e-05
7.13526318418255e-05
7.13521227256511e-05
7.13516136167419e-05
7.13511045150979e-05
7.13505954207188e-05
7.13500863336045e-05
7.13495772537548e-05
7.13490681811696e-05
7.13485591158487e-05
7.13480500577919e-05
7.13475410069992e-05
7.13470319634703e-05
7.13465229272051e-05
7.13460138982035e-05
7.13455048764653e-05
7.13449958619902e-05
7.13444868547783e-05
7.13439778548293e-05
7.1343468862143e-05
7.13429598767194e-05
7.13424508985582e-05
7.13419419276593e-05
7.13414329640225e-05
7.13409240076477e-05
7.13404150585348e-05
7.13399061166835e-05
7.13393971820938e-05
7.13388882547654e-05
7.13383793346983e-05
7.13378704218922e-05
7.1337361516347e-05
7.13368526180625e-05
7.13363437270386e-05
7.13358348432752e-05
7.1335325966772e-05
7.1334817097529e-05
7.13343082355459e-05
7.13337993808226e-05
7.1333290533359e-05
7.13327816931549e-05
7.13322728602101e-05
7.13317640345246e-05
7.1331255216098e-05
7.13307464049304e-05
7.13302376010215e-05
7.13297288043711e-05
7.13292200149791e-05
7.13287112328455e-05
7.13282024579699e-05
7.13276936903522e-05
7.13271849299924e-05
7.13266761768902e-05
7.13261674310454e-05
7.1325658692458e-05
7.13251499611278e-05
7.13246412370546e-05
7.13241325202382e-05
7.13236238106786e-05
7.13231151083755e-05
7.13226064133288e-05
7.13220977255383e-05
7.13215890450039e-05
7.13210803717255e-05
7.13205717057028e-05
7.13200630469357e-05
7.13195543954241e-05
7.13190457511679e-05
7.13185371141667e-05
7.13180284844206e-05
7.13175198619293e-05
7.13170112466927e-05
7.13165026387106e-05
7.13159940379829e-05
7.13154854445094e-05
7.131497685829e-05
7.13144682793245e-05
7.13139597076128e-05
7.13134511431546e-05
7.13129425859499e-05
7.13124340359985e-05
7.13119254933003e-05
7.1311416957855e-05
7.13109084296625e-05
7.13103999087227e-05
7.13098913950354e-05
7.13093828886005e-05
7.13088743894178e-05
7.13083658974871e-05
7.13078574128083e-05
7.13073489353813e-05
7.13068404652058e-05
7.13063320022818e-05
7.13058235466091e-05
7.13053150981874e-05
7.13048066570167e-05
7.13042982230969e-05
7.13037897964277e-05
7.1303281377009e-05
7.13027729648406e-05
7.13022645599224e-05
7.13017561622543e-05
7.1301247771836e-05
7.13007393886675e-05
7.13002310127485e-05
7.12997226440789e-05
7.12992142826586e-05
7.12987059284874e-05
7.12981975815651e-05
7.12976892418917e-05
7.12971809094668e-05
7.12966725842905e-05
7.12961642663625e-05
7.12956559556826e-05
7.12951476522508e-05
7.12946393560668e-05
7.12941310671305e-05
7.12936227854418e-05
7.12931145110005e-05
7.12926062438065e-05
7.12920979838595e-05
7.12915897311594e-05
7.12910814857061e-05
7.12905732474995e-05
7.12900650165393e-05
7.12895567928254e-05
7.12890485763577e-05
7.1288540367136e-05
7.12880321651601e-05
7.12875239704299e-05
7.12870157829453e-05
7.1286507602706e-05
7.1285999429712e-05
7.1285491263963e-05
7.1284983105459e-05
7.12844749541997e-05
7.12839668101851e-05
7.12834586734148e-05
7.12829505438889e-05
7.12824424216071e-05
7.12819343065693e-05
7.12814261987754e-05
7.12809180982251e-05
7.12804100049183e-05
7.1279901918855e-05
7.12793938400348e-05
7.12788857684577e-05
7.12783777041234e-05
7.1277869647032e-05
7.12773615971831e-05
7.12768535545767e-05
7.12763455192125e-05
7.12758374910905e-05
7.12753294702105e-05
7.12748214565722e-05
7.12743134501757e-05
7.12738054510206e-05
7.12732974591069e-05
7.12727894744345e-05
7.1272281497003e-05
7.12717735268124e-05
7.12712655638626e-05
7.12707576081534e-05
7.12702496596846e-05
7.1269741718456e-05
7.12692337844676e-05
7.12687258577191e-05
7.12682179382105e-05
7.12677100259415e-05
7.12672021209119e-05
7.12666942231218e-05
7.12661863325708e-05
7.12656784492588e-05
7.12651705731858e-05
7.12646627043514e-05
7.12641548427556e-05
7.12636469883983e-05
7.12631391412792e-05
7.12626313013982e-05
7.12621234687551e-05
7.12616156433499e-05
7.12611078251822e-05
7.12606000142521e-05
7.12600922105593e-05
7.12595844141037e-05
7.12590766248851e-05
7.12585688429034e-05
7.12580610681583e-05
7.12575533006499e-05
7.12570455403778e-05
7.1256537787342e-05
7.12560300415423e-05
7.12555223029785e-05
7.12550145716505e-05
7.12545068475581e-05
7.12539991307012e-05
7.12534914210796e-05
7.12529837186932e-05
7.12524760235418e-05
7.12519683356253e-05
7.12514606549434e-05
7.12509529814961e-05
7.12504453152832e-05
7.12499376563046e-05
7.124943000456e-05
7.12489223600493e-05
7.12484147227724e-05
7.12479070927292e-05
7.12473994699193e-05
7.12468918543428e-05
7.12463842459995e-05
7.12458766448892e-05
7.12453690510117e-05
7.12448614643669e-05
7.12443538849546e-05
7.12438463127747e-05
7.12433387478271e-05
7.12428311901115e-05
7.12423236396278e-05
7.12418160963759e-05
7.12413085603556e-05
7.12408010315668e-05
7.12402935100093e-05
7.12397859956829e-05
7.12392784885875e-05
7.12387709887229e-05
7.1238263496089e-05
7.12377560106857e-05
7.12372485325127e-05
7.12367410615699e-05
7.12362335978572e-05
7.12357261413744e-05
7.12352186921214e-05
7.1234711250098e-05
7.1234203815304e-05
7.12336963877392e-05
7.12331889674037e-05
7.12326815542971e-05
7.12321741484194e-05
7.12316667497703e-05
7.12311593583497e-05
7.12306519741575e-05
7.12301445971935e-05
7.12296372274576e-05
7.12291298649496e-05
7.12286225096693e-05
7.12281151616166e-05
7.12276078207913e-05
7.12271004871934e-05
7.12265931608225e-05
7.12260858416787e-05
7.12255785297616e-05
7.12250712250712e-05
7.12245639276074e-05
7.12240566373698e-05
7.12235493543585e-05
7.12230420785733e-05
7.12225348100139e-05
7.12220275486803e-05
7.12215202945722e-05
7.12210130476896e-05
7.12205058080322e-05
7.12199985756e-05
7.12194913503928e-05
7.12189841324103e-05
7.12184769216526e-05
7.12179697181193e-05
7.12174625218104e-05
7.12169553327256e-05
7.12164481508649e-05
7.12159409762281e-05
7.1215433808815e-05
7.12149266486255e-05
7.12144194956595e-05
7.12139123499167e-05
7.1213405211397e-05
7.12128980801003e-05
7.12123909560264e-05
7.12118838391751e-05
7.12113767295463e-05
7.12108696271399e-05
7.12103625319556e-05
7.12098554439934e-05
7.12093483632531e-05
7.12088412897345e-05
7.12083342234375e-05
7.12078271643619e-05
7.12073201125076e-05
7.12068130678743e-05
7.12063060304621e-05
7.12057990002706e-05
7.12052919772998e-05
7.12047849615494e-05
7.12042779530194e-05
7.12037709517096e-05
7.12032639576198e-05
7.12027569707499e-05
7.12022499910997e-05
7.12017430186691e-05
7.12012360534579e-05
7.12007290954659e-05
7.12002221446931e-05
7.11997152011392e-05
7.11992082648041e-05
7.11987013356876e-05
7.11981944137897e-05
7.119768749911e-05
7.11971805916486e-05
7.11966736914051e-05
7.11961667983796e-05
7.11956599125717e-05
7.11951530339814e-05
7.11946461626086e-05
7.11941392984529e-05
7.11936324415144e-05
7.11931255917929e-05
7.11926187492881e-05
7.11921119139999e-05
7.11916050859283e-05
7.11910982650729e-05
7.11905914514338e-05
7.11900846450106e-05
7.11895778458034e-05
7.11890710538118e-05
7.11885642690358e-05
7.11880574914752e-05
7.11875507211299e-05
7.11870439579996e-05
7.11865372020843e-05
7.11860304533838e-05
7.11855237118979e-05
7.11850169776265e-05
7.11845102505695e-05
7.11840035307266e-05
7.11834968180977e-05
7.11829901126827e-05
7.11824834144814e-05
7.11819767234936e-05
7.11814700397193e-05
7.11809633631582e-05
7.11804566938101e-05
7.11799500316751e-05
7.11794433767528e-05
7.11789367290431e-05
7.1178430088546e-05
7.11779234552611e-05
7.11774168291884e-05
7.11769102103278e-05
7.1176403598679e-05
7.11758969942419e-05
7.11753903970163e-05
7.11748838070022e-05
7.11743772241993e-05
7.11738706486075e-05
7.11733640802266e-05
7.11728575190565e-05
7.11723509650971e-05
7.11718444183481e-05
7.11713378788094e-05
7.1170831346481e-05
7.11703248213625e-05
7.11698183034539e-05
7.1169311792755e-05
7.11688052892656e-05
7.11682987929857e-05
7.11677923039149e-05
7.11672858220533e-05
7.11667793474006e-05
7.11662728799567e-05
7.11657664197215e-05
7.11652599666947e-05
7.11647535208762e-05
7.11642470822659e-05
7.11637406508636e-05
7.11632342266691e-05
7.11627278096824e-05
7.11622213999032e-05
7.11617149973314e-05
7.11612086019669e-05
7.11607022138094e-05
7.11601958328589e-05
7.11596894591152e-05
7.11591830925781e-05
7.11586767332475e-05
7.11581703811232e-05
7.1157664036205e-05
7.11571576984929e-05
7.11566513679866e-05
7.11561450446861e-05
7.1155638728591e-05
7.11551324197014e-05
7.11546261180171e-05
7.11541198235378e-05
7.11536135362634e-05
7.11531072561939e-05
7.1152600983329e-05
7.11520947176685e-05
7.11515884592124e-05
7.11510822079604e-05
7.11505759639124e-05
7.11500697270683e-05
7.11495634974279e-05
7.11490572749911e-05
7.11485510597577e-05
7.11480448517275e-05
7.11475386509004e-05
7.11470324572762e-05
7.11465262708548e-05
7.11460200916361e-05
7.11455139196198e-05
7.11450077548058e-05
7.11445015971941e-05
7.11439954467843e-05
7.11434893035764e-05
7.11429831675702e-05
7.11424770387655e-05
7.11419709171623e-05
7.11414648027603e-05
7.11409586955594e-05
7.11404525955594e-05
7.11399465027602e-05
7.11394404171617e-05
7.11389343387636e-05
7.11384282675659e-05
7.11379222035683e-05
7.11374161467707e-05
7.1136910097173e-05
7.1136404054775e-05
7.11358980195766e-05
7.11353919915776e-05
7.11348859707778e-05
7.11343799571771e-05
7.11338739507754e-05
7.11333679515724e-05
7.11328619595681e-05
7.11323559747622e-05
7.11318499971547e-05
7.11313440267454e-05
7.11308380635341e-05
7.11303321075206e-05
7.11298261587049e-05
7.11293202170867e-05
7.11288142826659e-05
7.11283083554424e-05
7.1127802435416e-05
7.11272965225865e-05
7.11267906169538e-05
7.11262847185177e-05
7.11257788272782e-05
7.11252729432349e-05
7.11247670663879e-05
7.11242611967368e-05
7.11237553342817e-05
7.11232494790222e-05
7.11227436309583e-05
7.11222377900898e-05
7.11217319564166e-05
7.11212261299385e-05
7.11207203106553e-05
7.11202144985669e-05
7.11197086936732e-05
7.11192028959739e-05
7.1118697105469e-05
7.11181913221583e-05
7.11176855460416e-05
7.11171797771188e-05
7.11166740153896e-05
7.11161682608541e-05
7.1115662513512e-05
7.11151567733631e-05
7.11146510404073e-05
7.11141453146445e-05
7.11136395960745e-05
7.11131338846972e-05
7.11126281805123e-05
7.11121224835198e-05
7.11116167937194e-05
7.11111111111111e-05
7.11106054356947e-05
7.111009976747e-05
7.11095941064368e-05
7.11090884525951e-05
7.11085828059447e-05
7.11080771664853e-05
7.1107571534217e-05
7.11070659091394e-05
7.11065602912525e-05
7.11060546805561e-05
7.110554907705e-05
7.11050434807341e-05
7.11045378916082e-05
7.11040323096723e-05
7.1103526734926e-05
7.11030211673694e-05
7.11025156070022e-05
7.11020100538242e-05
7.11015045078354e-05
7.11009989690355e-05
7.11004934374245e-05
7.10999879130021e-05
7.10994823957682e-05
7.10989768857226e-05
7.10984713828653e-05
7.1097965887196e-05
7.10974603987146e-05
7.10969549174209e-05
7.10964494433148e-05
7.10959439763962e-05
7.10954385166648e-05
7.10949330641205e-05
7.10944276187632e-05
7.10939221805928e-05
7.1093416749609e-05
7.10929113258117e-05
7.10924059092008e-05
7.10919004997761e-05
7.10913950975374e-05
7.10908897024846e-05
7.10903843146176e-05
7.10898789339362e-05
7.10893735604402e-05
7.10888681941295e-05
7.10883628350039e-05
7.10878574830633e-05
7.10873521383075e-05
7.10868468007365e-05
7.10863414703499e-05
7.10858361471477e-05
7.10853308311297e-05
7.10848255222958e-05
7.10843202206457e-05
7.10838149261795e-05
7.10833096388968e-05
7.10828043587976e-05
7.10822990858816e-05
7.10817938201488e-05
7.1081288561599e-05
7.10807833102321e-05
7.10802780660478e-05
7.1079772829046e-05
7.10792675992267e-05
7.10787623765895e-05
7.10782571611344e-05
7.10777519528612e-05
7.10772467517698e-05
7.107674155786e-05
7.10762363711317e-05
7.10757311915846e-05
7.10752260192187e-05
7.10747208540338e-05
7.10742156960298e-05
7.10737105452064e-05
7.10732054015636e-05
7.10727002651012e-05
7.1072195135819e-05
7.10716900137168e-05
7.10711848987946e-05
7.10706797910522e-05
7.10701746904894e-05
7.1069669597106e-05
7.1069164510902e-05
7.10686594318771e-05
7.10681543600313e-05
7.10676492953643e-05
7.10671442378759e-05
7.10666391875662e-05
7.10661341444348e-05
7.10656291084817e-05
7.10651240797066e-05
7.10646190581095e-05
7.10641140436902e-05
7.10636090364485e-05
7.10631040363843e-05
7.10625990434974e-05
7.10620940577877e-05
7.1061589079255e-05
7.10610841078992e-05
7.106057914372e-05
7.10600741867175e-05
7.10595692368913e-05
7.10590642942414e-05
7.10585593587676e-05
7.10580544304697e-05
7.10575495093476e-05
7.10570445954012e-05
7.10565396886302e-05
7.10560347890346e-05
7.10555298966142e-05
7.10550250113688e-05
7.10545201332983e-05
7.10540152624025e-05
7.10535103986812e-05
7.10530055421344e-05
7.10525006927619e-05
7.10519958505634e-05
7.1051491015539e-05
7.10509861876883e-05
7.10504813670113e-05
7.10499765535077e-05
7.10494717471776e-05
7.10489669480206e-05
7.10484621560366e-05
7.10479573712256e-05
7.10474525935873e-05
7.10469478231215e-05
7.10464430598282e-05
7.10459383037072e-05
7.10454335547583e-05
7.10449288129813e-05
7.10444240783762e-05
7.10439193509427e-05
7.10434146306808e-05
7.10429099175902e-05
7.10424052116708e-05
7.10419005129225e-05
7.10413958213451e-05
7.10408911369384e-05
7.10403864597023e-05
7.10398817896367e-05
7.10393771267414e-05
7.10388724710161e-05
7.10383678224609e-05
7.10378631810755e-05
7.10373585468598e-05
7.10368539198136e-05
7.10363492999368e-05
7.10358446872292e-05
7.10353400816906e-05
7.1034835483321e-05
7.10343308921202e-05
7.10338263080879e-05
7.10333217312241e-05
7.10328171615286e-05
7.10323125990013e-05
7.10318080436419e-05
7.10313034954504e-05
7.10307989544266e-05
7.10302944205704e-05
7.10297898938815e-05
7.10292853743598e-05
7.10287808620053e-05
7.10282763568177e-05
7.10277718587968e-05
7.10272673679425e-05
7.10267628842548e-05
7.10262584077333e-05
7.10257539383781e-05
7.10252494761888e-05
7.10247450211654e-05
7.10242405733077e-05
7.10237361326155e-05
7.10232316990888e-05
7.10227272727273e-05
7.10222228535309e-05
7.10217184414994e-05
7.10212140366327e-05
7.10207096389307e-05
7.10202052483932e-05
7.101970086502e-05
7.10191964888109e-05
7.10186921197659e-05
7.10181877578848e-05
7.10176834031674e-05
7.10171790556136e-05
7.10166747152231e-05
7.1016170381996e-05
7.10156660559319e-05
7.10151617370309e-05
7.10146574252926e-05
7.1014153120717e-05
7.10136488233038e-05
7.10131445330531e-05
7.10126402499645e-05
7.1012135974038e-05
7.10116317052733e-05
7.10111274436704e-05
7.10106231892291e-05
7.10101189419492e-05
7.10096147018306e-05
7.10091104688732e-05
7.10086062430767e-05
7.1008102024441e-05
7.1007597812966e-05
7.10070936086515e-05
7.10065894114974e-05
7.10060852215035e-05
7.10055810386696e-05
7.10050768629957e-05
7.10045726944815e-05
7.1004068533127e-05
7.10035643789318e-05
7.1003060231896e-05
7.10025560920193e-05
7.10020519593016e-05
7.10015478337428e-05
7.10010437153426e-05
7.1000539604101e-05
7.10000355000178e-05
7.09995314030927e-05
7.09990273133258e-05
7.09985232307168e-05
7.09980191552656e-05
7.0997515086972e-05
7.09970110258358e-05
7.0996506971857e-05
7.09960029250353e-05
7.09954988853707e-05
7.09949948528629e-05
7.09944908275118e-05
7.09939868093172e-05
7.09934827982791e-05
7.09929787943972e-05
7.09924747976714e-05
7.09919708081016e-05
7.09914668256875e-05
7.09909628504291e-05
7.09904588823262e-05
7.09899549213786e-05
7.09894509675862e-05
7.09889470209488e-05
7.09884430814663e-05
7.09879391491386e-05
7.09874352239654e-05
7.09869313059466e-05
7.09864273950821e-05
7.09859234913717e-05
7.09854195948152e-05
7.09849157054126e-05
7.09844118231636e-05
7.09839079480682e-05
7.09834040801261e-05
7.09829002193372e-05
7.09823963657013e-05
7.09818925192184e-05
7.09813886798881e-05
7.09808848477105e-05
7.09803810226853e-05
7.09798772048124e-05
7.09793733940917e-05
7.09788695905229e-05
7.0978365794106e-05
7.09778620048407e-05
7.09773582227269e-05
7.09768544477646e-05
7.09763506799534e-05
7.09758469192934e-05
7.09753431657842e-05
7.09748394194258e-05
7.0974335680218e-05
7.09738319481607e-05
7.09733282232537e-05
7.09728245054968e-05
7.097232079489e-05
7.0971817091433e-05
7.09713133951257e-05
7.09708097059679e-05
7.09703060239596e-05
7.09698023491005e-05
7.09692986813904e-05
7.09687950208293e-05
7.0968291367417e-05
7.09677877211534e-05
7.09672840820382e-05
7.09667804500713e-05
7.09662768252526e-05
7.0965773207582e-05
7.09652695970592e-05
7.09647659936841e-05
7.09642623974566e-05
7.09637588083766e-05
7.09632552264437e-05
7.0962751651658e-05
7.09622480840193e-05
7.09617445235274e-05
7.09612409701821e-05
7.09607374239833e-05
7.09602338849309e-05
7.09597303530247e-05
7.09592268282645e-05
7.09587233106502e-05
7.09582198001817e-05
7.09577162968587e-05
7.09572128006812e-05
7.0956709311649e-05
7.09562058297619e-05
7.09557023550198e-05
7.09551988874225e-05
7.09546954269699e-05
7.09541919736618e-05
7.09536885274981e-05
7.09531850884786e-05
7.09526816566032e-05
7.09521782318717e-05
7.0951674814284e-05
7.09511714038399e-05
7.09506680005392e-05
7.09501646043819e-05
7.09496612153677e-05
7.09491578334965e-05
7.09486544587682e-05
7.09481510911826e-05
7.09476477307395e-05
7.09471443774388e-05
7.09466410312804e-05
7.0946137692264e-05
7.09456343603896e-05
7.0945131035657e-05
7.0944627718066e-05
7.09441244076166e-05
7.09436211043084e-05
7.09431178081414e-05
7.09426145191155e-05
7.09421112372304e-05
7.09416079624861e-05
7.09411046948823e-05
7.0940601434419e-05
7.09400981810959e-05
7.09395949349129e-05
7.09390916958699e-05
7.09385884639667e-05
7.09380852392032e-05
7.09375820215792e-05
7.09370788110946e-05
7.09365756077491e-05
7.09360724115427e-05
7.09355692224752e-05
7.09350660405465e-05
7.09345628657563e-05
7.09340596981046e-05
7.09335565375912e-05
7.0933053384216e-05
7.09325502379787e-05
7.09320470988793e-05
7.09315439669175e-05
7.09310408420933e-05
7.09305377244065e-05
7.09300346138569e-05
7.09295315104444e-05
7.09290284141688e-05
7.092852532503e-05
7.09280222430278e-05
7.09275191681621e-05
7.09270161004327e-05
7.09265130398394e-05
7.09260099863822e-05
7.09255069400609e-05
7.09250039008752e-05
7.09245008688251e-05
7.09239978439105e-05
7.09234948261311e-05
7.09229918154868e-05
7.09224888119774e-05
7.09219858156028e-05
7.09214828263629e-05
7.09209798442575e-05
7.09204768692865e-05
7.09199739014496e-05
7.09194709407468e-05
7.09189679871779e-05
7.09184650407427e-05
7.0917962101441e-05
7.09174591692729e-05
7.0916956244238e-05
7.09164533263362e-05
7.09159504155675e-05
7.09154475119315e-05
7.09149446154283e-05
7.09144417260575e-05
7.09139388438191e-05
7.0913435968713e-05
7.09129331007389e-05
7.09124302398968e-05
7.09119273861864e-05
7.09114245396076e-05
7.09109217001603e-05
7.09104188678443e-05
7.09099160426594e-05
7.09094132246056e-05
7.09089104136826e-05
7.09084076098903e-05
7.09079048132286e-05
7.09074020236973e-05
7.09068992412962e-05
7.09063964660252e-05
7.09058936978842e-05
7.09053909368729e-05
7.09048881829913e-05
7.09043854362392e-05
7.09038826966165e-05
7.09033799641229e-05
7.09028772387584e-05
7.09023745205227e-05
7.09018718094158e-05
7.09013691054374e-05
7.09008664085875e-05
7.09003637188659e-05
7.08998610362724e-05
7.08993583608068e-05
7.08988556924691e-05
7.08983530312591e-05
7.08978503771766e-05
7.08973477302214e-05
7.08968450903935e-05
7.08963424576926e-05
7.08958398321186e-05
7.08953372136715e-05
7.08948346023509e-05
7.08943319981568e-05
7.08938294010889e-05
7.08933268111473e-05
7.08928242283316e-05
7.08923216526418e-05
7.08918190840777e-05
7.08913165226391e-05
7.0890813968326e-05
7.08903114211381e-05
7.08898088810753e-05
7.08893063481374e-05
7.08888038223243e-05
7.08883013036359e-05
7.08877987920719e-05
7.08872962876323e-05
7.08867937903169e-05
7.08862913001255e-05
7.0885788817058e-05
7.08852863411142e-05
7.0884783872294e-05
7.08842814105972e-05
7.08837789560237e-05
7.08832765085733e-05
7.08827740682459e-05
7.08822716350414e-05
7.08817692089595e-05
7.08812667900001e-05
7.08807643781631e-05
7.08802619734483e-05
7.08797595758555e-05
7.08792571853847e-05
7.08787548020356e-05
7.08782524258082e-05
7.08777500567022e-05
7.08772476947175e-05
7.0876745339854e-05
7.08762429921115e-05
7.08757406514898e-05
7.08752383179888e-05
7.08747359916084e-05
7.08742336723484e-05
7.08737313602087e-05
7.0873229055189e-05
7.08727267572893e-05
7.08722244665093e-05
7.0871722182849e-05
7.08712199063082e-05
7.08707176368868e-05
7.08702153745845e-05
7.08697131194013e-05
7.08692108713369e-05
7.08687086303913e-05
7.08682063965643e-05
7.08677041698557e-05
7.08672019502654e-05
7.08666997377932e-05
7.0866197532439e-05
7.08656953342026e-05
7.08651931430839e-05
7.08646909590827e-05
7.08641887821989e-05
7.08636866124323e-05
7.08631844497828e-05
7.08626822942502e-05
7.08621801458344e-05
7.08616780045351e-05
7.08611758703524e-05
7.0860673743286e-05
7.08601716233357e-05
7.08596695105014e-05
7.0859167404783e-05
7.08586653061803e-05
7.08581632146931e-05
7.08576611303214e-05
7.08571590530649e-05
7.08566569829235e-05
7.08561549198971e-05
7.08556528639855e-05
7.08551508151885e-05
7.0854648773506e-05
7.08541467389379e-05
7.0853644711484e-05
7.08531426911441e-05
7.08526406779181e-05
7.08521386718058e-05
7.08516366728071e-05
7.08511346809219e-05
7.085063269615e-05
7.08501307184912e-05
7.08496287479454e-05
7.08491267845124e-05
7.08486248281921e-05
7.08481228789843e-05
7.08476209368889e-05
7.08471190019058e-05
7.08466170740347e-05
7.08461151532756e-05
7.08456132396282e-05
7.08451113330925e-05
7.08446094336682e-05
7.08441075413552e-05
7.08436056561535e-05
7.08431037780627e-05
7.08426019070828e-05
7.08421000432137e-05
7.08415981864551e-05
7.08410963368069e-05
7.0840594494269e-05
7.08400926588412e-05
7.08395908305234e-05
7.08390890093153e-05
7.0838587195217e-05
7.08380853882281e-05
7.08375835883486e-05
7.08370817955784e-05
7.08365800099171e-05
7.08360782313648e-05
7.08355764599212e-05
7.08350746955863e-05
7.08345729383598e-05
7.08340711882415e-05
7.08335694452315e-05
7.08330677093294e-05
7.08325659805352e-05
7.08320642588487e-05
7.08315625442697e-05
7.08310608367982e-05
7.08305591364338e-05
7.08300574431766e-05
7.08295557570263e-05
7.08290540779828e-05
7.08285524060459e-05
7.08280507412156e-05
7.08275490834915e-05
7.08270474328737e-05
7.08265457893619e-05
7.08260441529559e-05
7.08255425236557e-05
7.08250409014611e-05
7.08245392863719e-05
7.0824037678388e-05
7.08235360775093e-05
7.08230344837355e-05
7.08225328970665e-05
7.08220313175022e-05
7.08215297450425e-05
7.08210281796871e-05
7.0820526621436e-05
7.08200250702889e-05
7.08195235262457e-05
7.08190219893063e-05
7.08185204594706e-05
7.08180189367383e-05
7.08175174211093e-05
7.08170159125835e-05
7.08165144111607e-05
7.08160129168408e-05
7.08155114296236e-05
7.08150099495089e-05
7.08145084764967e-05
7.08140070105867e-05
7.08135055517788e-05
7.08130041000729e-05
7.08125026554689e-05
7.08120012179664e-05
7.08114997875655e-05
7.08109983642659e-05
7.08104969480676e-05
7.08099955389703e-05
7.08094941369739e-05
7.08089927420782e-05
7.08084913542832e-05
7.08079899735886e-05
7.08074885999943e-05
7.08069872335002e-05
7.08064858741061e-05
7.08059845218118e-05
7.08054831766172e-05
7.08049818385222e-05
7.08044805075265e-05
7.08039791836301e-05
7.08034778668328e-05
7.08029765571345e-05
7.08024752545349e-05
7.0801973959034e-05
7.08014726706315e-05
7.08009713893275e-05
7.08004701151216e-05
7.07999688480137e-05
7.07994675880037e-05
7.07989663350915e-05
7.07984650892769e-05
7.07979638505597e-05
7.07974626189397e-05
7.07969613944169e-05
7.07964601769911e-05
7.07959589666622e-05
7.07954577634299e-05
7.07949565672942e-05
7.07944553782548e-05
7.07939541963116e-05
7.07934530214646e-05
7.07929518537134e-05
7.07924506930581e-05
7.07919495394984e-05
7.07914483930341e-05
7.07909472536652e-05
7.07904461213915e-05
7.07899449962127e-05
7.07894438781289e-05
7.07889427671398e-05
7.07884416632452e-05
7.07879405664451e-05
7.07874394767392e-05
7.07869383941275e-05
7.07864373186098e-05
7.07859362501858e-05
7.07854351888555e-05
7.07849341346188e-05
7.07844330874754e-05
7.07839320474252e-05
7.07834310144681e-05
7.07829299886039e-05
7.07824289698325e-05
7.07819279581537e-05
7.07814269535674e-05
7.07809259560734e-05
7.07804249656715e-05
7.07799239823616e-05
7.07794230061437e-05
7.07789220370174e-05
7.07784210749827e-05
7.07779201200394e-05
7.07774191721873e-05
7.07769182314264e-05
7.07764172977564e-05
7.07759163711772e-05
7.07754154516887e-05
7.07749145392907e-05
7.0774413633983e-05
7.07739127357656e-05
7.07734118446382e-05
7.07729109606007e-05
7.0772410083653e-05
7.07719092137949e-05
7.07714083510262e-05
7.07709074953468e-05
7.07704066467566e-05
7.07699058052554e-05
7.0769404970843e-05
7.07689041435193e-05
7.07684033232842e-05
7.07679025101375e-05
7.0767401704079e-05
7.07669009051087e-05
7.07664001132262e-05
7.07658993284316e-05
7.07653985507246e-05
7.07648977801052e-05
7.0764397016573e-05
7.07638962601281e-05
7.07633955107702e-05
7.07628947684992e-05
7.07623940333149e-05
7.07618933052173e-05
7.07613925842061e-05
7.07608918702811e-05
7.07603911634424e-05
7.07598904636896e-05
7.07593897710226e-05
7.07588890854414e-05
7.07583884069456e-05
7.07578877355353e-05
7.07573870712102e-05
7.07568864139702e-05
7.07563857638152e-05
7.07558851207449e-05
7.07553844847593e-05
7.07548838558582e-05
7.07543832340414e-05
7.07538826193087e-05
7.07533820116602e-05
7.07528814110955e-05
7.07523808176145e-05
7.07518802312171e-05
7.07513796519032e-05
7.07508790796726e-05
7.0750378514525e-05
7.07498779564605e-05
7.07493774054788e-05
7.07488768615798e-05
7.07483763247634e-05
7.07478757950293e-05
7.07473752723774e-05
7.07468747568076e-05
7.07463742483198e-05
7.07458737469137e-05
7.07453732525893e-05
7.07448727653463e-05
7.07443722851847e-05
7.07438718121043e-05
7.07433713461049e-05
7.07428708871863e-05
7.07423704353485e-05
7.07418699905913e-05
7.07413695529145e-05
7.0740869122318e-05
7.07403686988017e-05
7.07398682823653e-05
7.07393678730087e-05
7.07388674707318e-05
7.07383670755344e-05
7.07378666874164e-05
7.07373663063777e-05
7.0736865932418e-05
7.07363655655372e-05
7.07358652057353e-05
7.07353648530119e-05
7.0734864507367e-05
7.07343641688005e-05
7.07338638373121e-05
7.07333635129018e-05
7.07328631955693e-05
7.07323628853145e-05
7.07318625821374e-05
7.07313622860376e-05
7.07308619970152e-05
7.07303617150698e-05
7.07298614402014e-05
7.07293611724099e-05
7.0728860911695e-05
7.07283606580567e-05
7.07278604114947e-05
7.07273601720089e-05
7.07268599395993e-05
7.07263597142655e-05
7.07258594960075e-05
7.07253592848252e-05
7.07248590807183e-05
7.07243588836867e-05
7.07238586937303e-05
7.0723358510849e-05
7.07228583350425e-05
7.07223581663107e-05
7.07218580046535e-05
7.07213578500707e-05
7.07208577025622e-05
7.07203575621278e-05
7.07198574287674e-05
7.07193573024808e-05
7.07188571832679e-05
7.07183570711285e-05
7.07178569660625e-05
7.07173568680697e-05
7.071685677715e-05
7.07163566933032e-05
7.07158566165291e-05
7.07153565468277e-05
7.07148564841988e-05
7.07143564286421e-05
7.07138563801577e-05
7.07133563387453e-05
7.07128563044047e-05
7.07123562771359e-05
7.07118562569386e-05
7.07113562438128e-05
7.07108562377582e-05
7.07103562387747e-05
7.07098562468622e-05
7.07093562620206e-05
7.07088562842496e-05
7.07083563135491e-05
7.0707856349919e-05
7.07073563933592e-05
7.07068564438694e-05
7.07063565014495e-05
7.07058565660994e-05
7.07053566378189e-05
7.07048567166079e-05
7.07043568024662e-05
7.07038568953936e-05
7.07033569953901e-05
7.07028571024555e-05
7.07023572165896e-05
7.07018573377923e-05
7.07013574660634e-05
7.07008576014027e-05
7.07003577438102e-05
7.06998578932856e-05
7.06993580498289e-05
7.06988582134399e-05
7.06983583841183e-05
7.06978585618642e-05
7.06973587466772e-05
7.06968589385574e-05
7.06963591375044e-05
7.06958593435182e-05
7.06953595565987e-05
7.06948597767456e-05
7.06943600039589e-05
7.06938602382383e-05
7.06933604795838e-05
7.06928607279951e-05
7.06923609834721e-05
7.06918612460147e-05
7.06913615156228e-05
7.06908617922961e-05
7.06903620760345e-05
7.0689862366838e-05
7.06893626647062e-05
7.06888629696391e-05
7.06883632816366e-05
7.06878636006984e-05
7.06873639268244e-05
7.06868642600146e-05
7.06863646002686e-05
7.06858649475864e-05
7.06853653019679e-05
7.06848656634128e-05
7.06843660319211e-05
7.06838664074925e-05
7.06833667901269e-05
7.06828671798243e-05
7.06823675765843e-05
7.0681867980407e-05
7.06813683912921e-05
7.06808688092394e-05
7.06803692342489e-05
7.06798696663203e-05
7.06793701054536e-05
7.06788705516486e-05
7.06783710049051e-05
7.0677871465223e-05
7.06773719326021e-05
7.06768724070422e-05
7.06763728885434e-05
7.06758733771053e-05
7.06753738727278e-05
7.06748743754108e-05
7.06743748851541e-05
7.06738754019577e-05
7.06733759258212e-05
7.06728764567447e-05
7.06723769947278e-05
7.06718775397706e-05
7.06713780918728e-05
7.06708786510343e-05
7.06703792172549e-05
7.06698797905345e-05
7.06693803708729e-05
7.066888095827e-05
7.06683815527257e-05
7.06678821542397e-05
7.0667382762812e-05
7.06668833784424e-05
7.06663840011307e-05
7.06658846308767e-05
7.06653852676805e-05
7.06648859115417e-05
7.06643865624603e-05
7.0663887220436e-05
7.06633878854688e-05
7.06628885575585e-05
7.06623892367049e-05
7.06618899229079e-05
7.06613906161673e-05
7.06608913164831e-05
7.0660392023855e-05
7.06598927382828e-05
7.06593934597665e-05
7.06588941883059e-05
7.06583949239009e-05
7.06578956665513e-05
7.06573964162569e-05
7.06568971730175e-05
7.06563979368332e-05
7.06558987077036e-05
7.06553994856287e-05
7.06549002706083e-05
7.06544010626422e-05
7.06539018617303e-05
7.06534026678725e-05
7.06529034810686e-05
7.06524043013184e-05
7.06519051286218e-05
7.06514059629787e-05
7.06509068043888e-05
7.06504076528522e-05
7.06499085083685e-05
7.06494093709377e-05
7.06489102405595e-05
7.0648411117234e-05
7.06479120009608e-05
7.06474128917399e-05
7.06469137895711e-05
7.06464146944543e-05
7.06459156063892e-05
7.06454165253758e-05
7.0644917451414e-05
7.06444183845034e-05
7.06439193246441e-05
7.06434202718359e-05
7.06429212260785e-05
7.0642422187372e-05
7.0641923155716e-05
7.06414241311105e-05
7.06409251135553e-05
7.06404261030503e-05
7.06399270995952e-05
7.06394281031901e-05
7.06389291138346e-05
7.06384301315288e-05
7.06379311562723e-05
7.06374321880651e-05
7.0636933226907e-05
7.06364342727979e-05
7.06359353257376e-05
7.0635436385726e-05
7.06349374527629e-05
7.06344385268482e-05
7.06339396079816e-05
7.06334406961632e-05
7.06329417913927e-05
7.06324428936699e-05
7.06319440029948e-05
7.06314451193671e-05
7.06309462427868e-05
7.06304473732537e-05
7.06299485107675e-05
7.06294496553283e-05
7.06289508069358e-05
7.06284519655898e-05
7.06279531312903e-05
7.06274543040371e-05
7.062695548383e-05
7.06264566706688e-05
7.06259578645535e-05
7.06254590654839e-05
7.06249602734598e-05
7.06244614884811e-05
7.06239627105477e-05
7.06234639396593e-05
7.06229651758159e-05
7.06224664190172e-05
7.06219676692632e-05
7.06214689265537e-05
7.06209701908885e-05
7.06204714622675e-05
7.06199727406905e-05
7.06194740261574e-05
7.06189753186681e-05
7.06184766182224e-05
7.06179779248201e-05
7.06174792384611e-05
7.06169805591452e-05
7.06164818868724e-05
7.06159832216424e-05
7.06154845634551e-05
7.06149859123103e-05
7.06144872682079e-05
7.06139886311478e-05
7.06134900011298e-05
7.06129913781538e-05
7.06124927622195e-05
7.06119941533269e-05
7.06114955514758e-05
7.0610996956666e-05
7.06104983688975e-05
7.060999978817e-05
7.06095012144834e-05
7.06090026478376e-05
7.06085040882324e-05
7.06080055356676e-05
7.06075069901432e-05
7.06070084516589e-05
7.06065099202146e-05
7.06060113958102e-05
7.06055128784455e-05
7.06050143681204e-05
7.06045158648347e-05
7.06040173685883e-05
7.0603518879381e-05
7.06030203972126e-05
7.06025219220831e-05
7.06020234539922e-05
7.06015249929399e-05
7.06010265389259e-05
7.06005280919501e-05
7.06000296520124e-05
7.05995312191127e-05
7.05990327932507e-05
7.05985343744264e-05
7.05980359626395e-05
7.059753755789e-05
7.05970391601776e-05
7.05965407695023e-05
7.05960423858638e-05
7.05955440092621e-05
7.0595045639697e-05
7.05945472771683e-05
7.05940489216759e-05
7.05935505732196e-05
7.05930522317994e-05
7.05925538974149e-05
7.05920555700661e-05
7.05915572497529e-05
7.05910589364751e-05
7.05905606302325e-05
7.0590062331025e-05
7.05895640388525e-05
7.05890657537148e-05
7.05885674756116e-05
7.05880692045431e-05
7.05875709405088e-05
7.05870726835087e-05
7.05865744335427e-05
7.05860761906106e-05
7.05855779547123e-05
7.05850797258475e-05
7.05845815040163e-05
7.05840832892183e-05
7.05835850814535e-05
7.05830868807216e-05
7.05825886870227e-05
7.05820905003564e-05
7.05815923207228e-05
7.05810941481215e-05
7.05805959825525e-05
7.05800978240156e-05
7.05795996725107e-05
7.05791015280376e-05
7.05786033905961e-05
7.05781052601862e-05
7.05776071368076e-05
7.05771090204603e-05
7.0576610911144e-05
7.05761128088587e-05
7.05756147136042e-05
7.05751166253802e-05
7.05746185441868e-05
7.05741204700236e-05
7.05736224028907e-05
7.05731243427878e-05
7.05726262897148e-05
7.05721282436714e-05
7.05716302046577e-05
7.05711321726734e-05
7.05706341477185e-05
7.05701361297926e-05
7.05696381188957e-05
7.05691401150277e-05
7.05686421181884e-05
7.05681441283776e-05
7.05676461455952e-05
7.0567148169841e-05
7.0566650201115e-05
7.05661522394168e-05
7.05656542847465e-05
7.05651563371039e-05
7.05646583964887e-05
7.05641604629009e-05
7.05636625363403e-05
7.05631646168067e-05
7.05626667043001e-05
7.05621687988202e-05
7.05616709003669e-05
7.05611730089401e-05
7.05606751245396e-05
7.05601772471652e-05
7.05596793768169e-05
7.05591815134944e-05
7.05586836571977e-05
7.05581858079265e-05
7.05576879656807e-05
7.05571901304602e-05
7.05566923022649e-05
7.05561944810945e-05
7.05556966669489e-05
7.0555198859828e-05
7.05547010597316e-05
7.05542032666596e-05
7.05537054806118e-05
7.05532077015881e-05
7.05527099295884e-05
7.05522121646124e-05
7.05517144066601e-05
7.05512166557312e-05
7.05507189118257e-05
7.05502211749434e-05
7.05497234450841e-05
7.05492257222477e-05
7.0548728006434e-05
7.0548230297643e-05
7.05477325958744e-05
7.0547234901128e-05
7.05467372134039e-05
7.05462395327017e-05
7.05457418590214e-05
7.05452441923628e-05
7.05447465327257e-05
7.05442488801101e-05
7.05437512345156e-05
7.05432535959423e-05
7.054275596439e-05
7.05422583398585e-05
7.05417607223476e-05
7.05412631118573e-05
7.05407655083873e-05
7.05402679119375e-05
7.05397703225078e-05
7.05392727400981e-05
7.0538775164708e-05
7.05382775963376e-05
7.05377800349867e-05
7.05372824806552e-05
7.05367849333427e-05
7.05362873930494e-05
7.05357898597749e-05
7.05352923335191e-05
7.05347948142819e-05
7.05342973020631e-05
7.05337997968627e-05
7.05333022986803e-05
7.0532804807516e-05
7.05323073233695e-05
7.05318098462407e-05
7.05313123761294e-05
7.05308149130355e-05
7.05303174569589e-05
7.05298200078993e-05
7.05293225658568e-05
7.0528825130831e-05
7.05283277028218e-05
7.05278302818292e-05
7.05273328678529e-05
7.05268354608929e-05
7.05263380609489e-05
7.05258406680208e-05
7.05253432821084e-05
7.05248459032117e-05
7.05243485313304e-05
7.05238511664645e-05
7.05233538086137e-05
7.0522856457778e-05
7.05223591139571e-05
7.05218617771509e-05
7.05213644473593e-05
7.05208671245822e-05
7.05203698088193e-05
7.05198725000705e-05
7.05193751983357e-05
7.05188779036148e-05
7.05183806159075e-05
7.05178833352138e-05
7.05173860615335e-05
7.05168887948664e-05
7.05163915352124e-05
7.05158942825713e-05
7.0515397036943e-05
7.05148997983274e-05
7.05144025667243e-05
7.05139053421335e-05
7.05134081245549e-05
7.05129109139884e-05
7.05124137104337e-05
7.05119165138909e-05
7.05114193243596e-05
7.05109221418398e-05
7.05104249663313e-05
7.05099277978339e-05
7.05094306363476e-05
7.05089334818721e-05
7.05084363344074e-05
7.05079391939532e-05
7.05074420605095e-05
7.0506944934076e-05
7.05064478146526e-05
7.05059507022393e-05
7.05054535968357e-05
7.05049564984418e-05
7.05044594070575e-05
7.05039623226825e-05
7.05034652453168e-05
7.05029681749602e-05
7.05024711116125e-05
7.05019740552736e-05
7.05014770059433e-05
7.05009799636215e-05
7.05004829283081e-05
7.04999859000028e-05
7.04994888787056e-05
7.04989918644163e-05
7.04984948571348e-05
7.04979978568609e-05
7.04975008635944e-05
7.04970038773352e-05
7.04965068980832e-05
7.04960099258382e-05
7.04955129606001e-05
7.04950160023686e-05
7.04945190511438e-05
7.04940221069253e-05
7.04935251697132e-05
7.04930282395071e-05
7.0492531316307e-05
7.04920344001128e-05
7.04915374909242e-05
7.04910405887412e-05
7.04905436935635e-05
7.04900468053911e-05
7.04895499242237e-05
7.04890530500613e-05
7.04885561829037e-05
7.04880593227507e-05
7.04875624696022e-05
7.04870656234581e-05
7.04865687843181e-05
7.04860719521823e-05
7.04855751270502e-05
7.0485078308922e-05
7.04845814977974e-05
7.04840846936762e-05
7.04835878965583e-05
7.04830911064436e-05
7.04825943233318e-05
7.0482097547223e-05
7.04816007781169e-05
7.04811040160133e-05
7.04806072609122e-05
7.04801105128133e-05
7.04796137717165e-05
7.04791170376218e-05
7.04786203105288e-05
7.04781235904375e-05
7.04776268773478e-05
7.04771301712594e-05
7.04766334721723e-05
7.04761367800863e-05
7.04756400950012e-05
7.04751434169169e-05
7.04746467458332e-05
7.047415008175e-05
7.04736534246672e-05
7.04731567745846e-05
7.0472660131502e-05
7.04721634954193e-05
7.04716668663364e-05
7.04711702442531e-05
7.04706736291692e-05
7.04701770210847e-05
7.04696804199993e-05
7.04691838259129e-05
7.04686872388254e-05
7.04681906587366e-05
7.04676940856464e-05
7.04671975195546e-05
7.04667009604611e-05
7.04662044083657e-05
7.04657078632683e-05
7.04652113251688e-05
7.04647147940669e-05
7.04642182699625e-05
7.04637217528555e-05
7.04632252427458e-05
7.04627287396332e-05
7.04622322435175e-05
7.04617357543986e-05
7.04612392722763e-05
7.04607427971506e-05
7.04602463290212e-05
7.0459749867888e-05
7.04592534137508e-05
7.04587569666096e-05
7.04582605264641e-05
7.04577640933143e-05
7.04572676671599e-05
7.04567712480008e-05
7.04562748358369e-05
7.0455778430668e-05
7.0455282032494e-05
7.04547856413147e-05
7.045428925713e-05
7.04537928799397e-05
7.04532965097437e-05
7.04528001465418e-05
7.04523037903339e-05
7.04518074411199e-05
7.04513110988996e-05
7.04508147636727e-05
7.04503184354393e-05
7.04498221141992e-05
7.04493257999521e-05
7.0448829492698e-05
7.04483331924367e-05
7.0447836899168e-05
7.04473406128919e-05
7.04468443336081e-05
7.04463480613165e-05
7.0445851796017e-05
7.04453555377094e-05
7.04448592863936e-05
7.04443630420694e-05
7.04438668047366e-05
7.04433705743952e-05
7.0442874351045e-05
7.04423781346858e-05
7.04418819253175e-05
7.04413857229399e-05
7.0440889527553e-05
7.04403933391564e-05
7.04398971577501e-05
7.0439400983334e-05
7.04389048159079e-05
7.04384086554717e-05
7.04379125020251e-05
7.04374163555681e-05
7.04369202161005e-05
7.04364240836221e-05
7.04359279581329e-05
7.04354318396326e-05
7.04349357281212e-05
7.04344396235984e-05
7.04339435260641e-05
7.04334474355182e-05
7.04329513519605e-05
7.04324552753909e-05
7.04319592058092e-05
7.04314631432153e-05
7.04309670876091e-05
7.04304710389903e-05
7.04299749973589e-05
7.04294789627146e-05
7.04289829350574e-05
7.04284869143871e-05
7.04279909007036e-05
7.04274948940066e-05
7.04269988942961e-05
7.04265029015719e-05
7.04260069158339e-05
7.04255109370818e-05
7.04250149653157e-05
7.04245190005352e-05
7.04240230427403e-05
7.04235270919309e-05
7.04230311481067e-05
7.04225352112676e-05
7.04220392814135e-05
7.04215433585442e-05
7.04210474426597e-05
7.04205515337596e-05
7.04200556318439e-05
7.04195597369125e-05
7.04190638489652e-05
7.04185679680018e-05
7.04180720940222e-05
7.04175762270263e-05
7.04170803670138e-05
7.04165845139847e-05
7.04160886679388e-05
7.0415592828876e-05
7.04150969967961e-05
7.0414601171699e-05
7.04141053535844e-05
7.04136095424524e-05
7.04131137383026e-05
7.0412617941135e-05
7.04121221509495e-05
7.04116263677458e-05
7.04111305915239e-05
7.04106348222836e-05
7.04101390600246e-05
7.0409643304747e-05
7.04091475564505e-05
7.04086518151351e-05
7.04081560808004e-05
7.04076603534464e-05
7.04071646330731e-05
7.04066689196801e-05
7.04061732132673e-05
7.04056775138347e-05
7.0405181821382e-05
7.04046861359092e-05
7.0404190457416e-05
7.04036947859024e-05
7.04031991213681e-05
7.0402703463813e-05
7.0402207813237e-05
7.040171216964e-05
7.04012165330217e-05
7.04007209033821e-05
7.04002252807209e-05
7.03997296650381e-05
7.03992340563335e-05
7.03987384546069e-05
7.03982428598582e-05
7.03977472720873e-05
7.0397251691294e-05
7.03967561174781e-05
7.03962605506395e-05
7.03957649907782e-05
7.03952694378938e-05
7.03947738919863e-05
7.03942783530555e-05
7.03937828211012e-05
7.03932872961234e-05
7.03927917781219e-05
7.03922962670965e-05
7.03918007630471e-05
7.03913052659735e-05
7.03908097758757e-05
7.03903142927533e-05
7.03898188166064e-05
7.03893233474347e-05
7.03888278852381e-05
7.03883324300164e-05
7.03878369817696e-05
7.03873415404974e-05
7.03868461061997e-05
7.03863506788764e-05
7.03858552585272e-05
7.03853598451522e-05
7.03848644387511e-05
7.03843690393238e-05
7.038387364687e-05
7.03833782613898e-05
7.03828828828829e-05
7.03823875113492e-05
7.03818921467885e-05
7.03813967892007e-05
7.03809014385856e-05
7.03804060949432e-05
7.03799107582732e-05
7.03794154285754e-05
7.03789201058499e-05
7.03784247900964e-05
7.03779294813147e-05
7.03774341795047e-05
7.03769388846663e-05
7.03764435967993e-05
7.03759483159036e-05
7.0375453041979e-05
7.03749577750253e-05
7.03744625150425e-05
7.03739672620304e-05
7.03734720159888e-05
7.03729767769177e-05
7.03724815448167e-05
7.03719863196859e-05
7.03714911015249e-05
7.03709958903338e-05
7.03705006861124e-05
7.03700054888604e-05
7.03695102985778e-05
7.03690151152644e-05
7.03685199389201e-05
7.03680247695447e-05
7.03675296071381e-05
7.03670344517001e-05
7.03665393032305e-05
7.03660441617293e-05
7.03655490271963e-05
7.03650538996313e-05
7.03645587790342e-05
7.03640636654048e-05
7.0363568558743e-05
7.03630734590487e-05
7.03625783663217e-05
7.03620832805618e-05
7.03615882017689e-05
7.03610931299429e-05
7.03605980650836e-05
7.03601030071908e-05
7.03596079562645e-05
7.03591129123044e-05
7.03586178753105e-05
7.03581228452825e-05
7.03576278222203e-05
7.03571328061239e-05
7.0356637796993e-05
7.03561427948274e-05
7.03556477996271e-05
7.03551528113919e-05
7.03546578301216e-05
7.03541628558162e-05
7.03536678884754e-05
7.03531729280991e-05
7.03526779746871e-05
7.03521830282394e-05
7.03516880887557e-05
7.03511931562359e-05
7.03506982306799e-05
7.03502033120876e-05
7.03497084004587e-05
7.03492134957931e-05
7.03487185980907e-05
7.03482237073514e-05
7.03477288235749e-05
7.03472339467612e-05
7.03467390769101e-05
7.03462442140214e-05
7.0345749358095e-05
7.03452545091308e-05
7.03447596671286e-05
7.03442648320882e-05
7.03437700040096e-05
7.03432751828925e-05
7.03427803687369e-05
7.03422855615425e-05
7.03417907613092e-05
7.03412959680369e-05
7.03408011817255e-05
7.03403064023747e-05
7.03398116299845e-05
7.03393168645546e-05
7.0338822106085e-05
7.03383273545755e-05
7.0337832610026e-05
7.03373378724362e-05
7.03368431418061e-05
7.03363484181355e-05
7.03358537014243e-05
7.03353589916723e-05
7.03348642888794e-05
7.03343695930453e-05
7.03338749041701e-05
7.03333802222535e-05
7.03328855472954e-05
7.03323908792956e-05
7.03318962182539e-05
7.03314015641704e-05
7.03309069170447e-05
7.03304122768768e-05
7.03299176436664e-05
7.03294230174136e-05
7.0328928398118e-05
7.03284337857796e-05
7.03279391803982e-05
7.03274445819737e-05
7.03269499905059e-05
7.03264554059946e-05
7.03259608284398e-05
7.03254662578413e-05
7.03249716941989e-05
7.03244771375125e-05
7.03239825877819e-05
7.0323488045007e-05
7.03229935091877e-05
7.03224989803238e-05
7.03220044584151e-05
7.03215099434615e-05
7.03210154354629e-05
7.03205209344191e-05
7.03200264403299e-05
7.03195319531953e-05
7.03190374730151e-05
7.0318542999789e-05
7.03180485335171e-05
7.03175540741991e-05
7.03170596218349e-05
7.03165651764243e-05
7.03160707379672e-05
7.03155763064634e-05
7.03150818819129e-05
7.03145874643153e-05
7.03140930536707e-05
7.03135986499789e-05
7.03131042532397e-05
7.03126098634529e-05
7.03121154806185e-05
7.03116211047362e-05
7.03111267358059e-05
7.03106323738276e-05
7.03101380188009e-05
7.03096436707259e-05
7.03091493296023e-05
7.03086549954299e-05
7.03081606682088e-05
7.03076663479386e-05
7.03071720346192e-05
7.03066777282506e-05
7.03061834288326e-05
7.03056891363649e-05
7.03051948508475e-05
7.03047005722803e-05
7.0304206300663e-05
7.03037120359955e-05
7.03032177782777e-05
7.03027235275094e-05
7.03022292836906e-05
7.0301735046821e-05
7.03012408169004e-05
7.03007465939288e-05
7.0300252377906e-05
7.02997581688319e-05
7.02992639667063e-05
7.0298769771529e-05
7.02982755832999e-05
7.0297781402019e-05
7.02972872276859e-05
7.02967930603006e-05
7.02962988998629e-05
7.02958047463727e-05
7.02953105998299e-05
7.02948164602342e-05
7.02943223275856e-05
7.02938282018839e-05
7.02933340831289e-05
7.02928399713205e-05
7.02923458664586e-05
7.0291851768543e-05
7.02913576775735e-05
7.02908635935501e-05
7.02903695164725e-05
7.02898754463407e-05
7.02893813831544e-05
7.02888873269136e-05
7.02883932776181e-05
7.02878992352677e-05
7.02874051998622e-05
7.02869111714017e-05
7.02864171498858e-05
7.02859231353145e-05
7.02854291276875e-05
7.02849351270049e-05
7.02844411332663e-05
7.02839471464717e-05
7.0283453166621e-05
7.02829591937139e-05
7.02824652277503e-05
7.02819712687301e-05
7.02814773166532e-05
7.02809833715193e-05
7.02804894333284e-05
7.02799955020803e-05
7.02795015777748e-05
7.02790076604118e-05
7.02785137499912e-05
7.02780198465128e-05
7.02775259499765e-05
7.0277032060382e-05
7.02765381777294e-05
7.02760443020183e-05
7.02755504332488e-05
7.02750565714205e-05
7.02745627165335e-05
7.02740688685875e-05
7.02735750275824e-05
7.0273081193518e-05
7.02725873663942e-05
7.02720935462109e-05
7.02715997329679e-05
7.02711059266651e-05
7.02706121273022e-05
7.02701183348793e-05
7.0269624549396e-05
7.02691307708524e-05
7.02686369992481e-05
7.02681432345832e-05
7.02676494768574e-05
7.02671557260705e-05
7.02666619822225e-05
7.02661682453133e-05
7.02656745153425e-05
7.02651807923102e-05
7.02646870762161e-05
7.02641933670601e-05
7.02636996648422e-05
7.0263205969562e-05
7.02627122812195e-05
7.02622185998145e-05
7.02617249253469e-05
7.02612312578166e-05
7.02607375972233e-05
7.0260243943567e-05
7.02597502968474e-05
7.02592566570646e-05
7.02587630242182e-05
7.02582693983082e-05
7.02577757793344e-05
7.02572821672966e-05
7.02567885621948e-05
7.02562949640288e-05
7.02558013727984e-05
7.02553077885034e-05
7.02548142111438e-05
7.02543206407194e-05
7.025382707723e-05
7.02533335206756e-05
7.02528399710558e-05
7.02523464283707e-05
7.025185289262e-05
7.02513593638037e-05
7.02508658419215e-05
7.02503723269733e-05
7.0249878818959e-05
7.02493853178785e-05
7.02488918237315e-05
7.02483983365179e-05
7.02479048562377e-05
7.02474113828905e-05
7.02469179164764e-05
7.02464244569951e-05
7.02459310044466e-05
7.02454375588305e-05
7.0244944120147e-05
7.02444506883956e-05
7.02439572635764e-05
7.02434638456892e-05
7.02429704347337e-05
7.024247703071e-05
7.02419836336178e-05
7.0241490243457e-05
7.02409968602274e-05
7.0240503483929e-05
7.02400101145615e-05
7.02395167521247e-05
7.02390233966187e-05
7.02385300480432e-05
7.0238036706398e-05
7.0237543371683e-05
7.02370500438982e-05
7.02365567230432e-05
7.0236063409118e-05
7.02355701021225e-05
7.02350768020565e-05
7.02345835089198e-05
7.02340902227123e-05
7.02335969434339e-05
7.02331036710843e-05
7.02326104056636e-05
7.02321171471714e-05
7.02316238956077e-05
7.02311306509724e-05
7.02306374132652e-05
7.0230144182486e-05
7.02296509586347e-05
7.02291577417112e-05
7.02286645317153e-05
7.02281713286468e-05
7.02276781325056e-05
7.02271849432915e-05
7.02266917610045e-05
7.02261985856444e-05
7.02257054172109e-05
7.0225212255704e-05
7.02247191011236e-05
7.02242259534694e-05
7.02237328127414e-05
7.02232396789393e-05
7.02227465520631e-05
7.02222534321126e-05
7.02217603190877e-05
7.02212672129881e-05
7.02207741138138e-05
7.02202810215646e-05
7.02197879362404e-05
7.0219294857841e-05
7.02188017863663e-05
7.02183087218161e-05
7.02178156641903e-05
7.02173226134887e-05
7.02168295697113e-05
7.02163365328577e-05
7.0215843502928e-05
7.02153504799219e-05
7.02148574638394e-05
7.02143644546801e-05
7.02138714524441e-05
7.02133784571312e-05
7.02128854687412e-05
7.0212392487274e-05
7.02118995127294e-05
7.02114065451073e-05
7.02109135844076e-05
7.021042063063e-05
7.02099276837745e-05
7.02094347438409e-05
7.0208941810829e-05
7.02084488847388e-05
7.020795596557e-05
7.02074630533226e-05
7.02069701479963e-05
7.0206477249591e-05
7.02059843581067e-05
7.02054914735431e-05
7.02049985959e-05
7.02045057251774e-05
7.02040128613752e-05
7.0203520004493e-05
7.02030271545309e-05
7.02025343114886e-05
7.02020414753661e-05
7.02015486461631e-05
7.02010558238796e-05
7.02005630085153e-05
7.02000702000702e-05
7.01995773985441e-05
7.01990846039368e-05
7.01985918162482e-05
7.01980990354781e-05
7.01976062616265e-05
7.01971134946931e-05
7.01966207346778e-05
7.01961279815805e-05
7.01956352354011e-05
7.01951424961393e-05
7.0194649763795e-05
7.01941570383681e-05
7.01936643198585e-05
7.0193171608266e-05
7.01926789035903e-05
7.01921862058316e-05
7.01916935149894e-05
7.01912008310638e-05
7.01907081540546e-05
7.01902154839615e-05
7.01897228207846e-05
7.01892301645236e-05
7.01887375151783e-05
7.01882448727487e-05
7.01877522372346e-05
7.01872596086358e-05
7.01867669869523e-05
7.01862743721838e-05
7.01857817643302e-05
7.01852891633914e-05
7.01847965693671e-05
7.01843039822574e-05
7.0183811402062e-05
7.01833188287808e-05
7.01828262624136e-05
7.01823337029603e-05
7.01818411504207e-05
7.01813486047948e-05
7.01808560660823e-05
7.01803635342831e-05
7.01798710093971e-05
7.01793784914241e-05
7.01788859803639e-05
7.01783934762165e-05
7.01779009789817e-05
7.01774084886593e-05
7.01769160052492e-05
7.01764235287513e-05
7.01759310591653e-05
7.01754385964912e-05
7.01749461407288e-05
7.0174453691878e-05
7.01739612499386e-05
7.01734688149105e-05
7.01729763867934e-05
7.01724839655874e-05
7.01719915512922e-05
7.01714991439077e-05
7.01710067434337e-05
7.01705143498702e-05
7.01700219632169e-05
7.01695295834737e-05
7.01690372106404e-05
7.0168544844717e-05
7.01680524857033e-05
7.0167560133599e-05
7.01670677884042e-05
7.01665754501186e-05
7.01660831187421e-05
7.01655907942745e-05
7.01650984767157e-05
7.01646061660656e-05
7.0164113862324e-05
7.01636215654907e-05
7.01631292755657e-05
7.01626369925487e-05
7.01621447164397e-05
7.01616524472384e-05
7.01611601849448e-05
7.01606679295587e-05
7.01601756810799e-05
7.01596834395083e-05
7.01591912048438e-05
7.01586989770862e-05
7.01582067562353e-05
7.01577145422911e-05
7.01572223352533e-05
7.01567301351219e-05
7.01562379418966e-05
7.01557457555774e-05
7.0155253576164e-05
7.01547614036565e-05
7.01542692380545e-05
7.0153777079358e-05
7.01532849275667e-05
7.01527927826807e-05
7.01523006446996e-05
7.01518085136235e-05
7.0151316389452e-05
7.01508242721852e-05
7.01503321618228e-05
7.01498400583647e-05
7.01493479618107e-05
7.01488558721607e-05
7.01483637894146e-05
7.01478717135722e-05
7.01473796446334e-05
7.0146887582598e-05
7.01463955274658e-05
7.01459034792368e-05
7.01454114379108e-05
7.01449194034876e-05
7.01444273759671e-05
7.01439353553492e-05
7.01434433416336e-05
7.01429513348204e-05
7.01424593349092e-05
7.01419673419e-05
7.01414753557926e-05
7.01409833765869e-05
7.01404914042828e-05
7.013999943888e-05
7.01395074803785e-05
7.0139015528778e-05
7.01385235840786e-05
7.01380316462799e-05
7.01375397153819e-05
7.01370477913844e-05
7.01365558742872e-05
7.01360639640903e-05
7.01355720607935e-05
7.01350801643966e-05
7.01345882748995e-05
7.01340963923021e-05
7.01336045166041e-05
7.01331126478055e-05
7.01326207859061e-05
7.01321289309058e-05
7.01316370828044e-05
7.01311452416018e-05
7.01306534072978e-05
7.01301615798923e-05
7.01296697593851e-05
7.01291779457761e-05
7.01286861390652e-05
7.01281943392522e-05
7.01277025463369e-05
7.01272107603192e-05
7.0126718981199e-05
7.01262272089762e-05
7.01257354436505e-05
7.01252436852218e-05
7.012475193369e-05
7.0124260189055e-05
7.01237684513166e-05
7.01232767204746e-05
7.01227849965289e-05
7.01222932794794e-05
7.01218015693259e-05
7.01213098660683e-05
7.01208181697064e-05
7.01203264802401e-05
7.01198347976692e-05
7.01193431219936e-05
7.01188514532132e-05
7.01183597913278e-05
7.01178681363372e-05
7.01173764882413e-05
7.011688484704e-05
7.01163932127331e-05
7.01159015853205e-05
7.01154099648021e-05
7.01149183511776e-05
7.01144267444469e-05
7.011393514461e-05
7.01134435516666e-05
7.01129519656166e-05
7.01124603864599e-05
7.01119688141963e-05
7.01114772488256e-05
7.01109856903478e-05
7.01104941387627e-05
7.01100025940701e-05
7.01095110562699e-05
7.01090195253619e-05
7.01085280013461e-05
7.01080364842222e-05
7.01075449739901e-05
7.01070534706497e-05
7.01065619742008e-05
7.01060704846433e-05
7.0105579001977e-05
7.01050875262018e-05
7.01045960573175e-05
7.01041045953241e-05
7.01036131402212e-05
7.01031216920089e-05
7.0102630250687e-05
7.01021388162553e-05
7.01016473887136e-05
7.01011559680619e-05
7.01006645543e-05
7.01001731474277e-05
7.00996817474449e-05
7.00991903543514e-05
7.00986989681471e-05
7.0098207588832e-05
7.00977162164057e-05
7.00972248508682e-05
7.00967334922193e-05
7.00962421404588e-05
7.00957507955868e-05
7.00952594576029e-05
7.0094768126507e-05
7.00942768022991e-05
7.00937854849789e-05
7.00932941745463e-05
7.00928028710012e-05
7.00923115743434e-05
7.00918202845728e-05
7.00913290016892e-05
7.00908377256925e-05
7.00903464565825e-05
7.00898551943592e-05
7.00893639390223e-05
7.00888726905716e-05
7.00883814490072e-05
7.00878902143288e-05
7.00873989865362e-05
7.00869077656294e-05
7.00864165516081e-05
7.00859253444723e-05
7.00854341442218e-05
7.00849429508564e-05
7.00844517643761e-05
7.00839605847806e-05
7.00834694120698e-05
7.00829782462436e-05
7.00824870873018e-05
7.00819959352442e-05
7.00815047900708e-05
7.00810136517815e-05
7.00805225203759e-05
7.00800313958541e-05
7.00795402782158e-05
7.00790491674609e-05
7.00785580635893e-05
7.00780669666008e-05
7.00775758764953e-05
7.00770847932726e-05
7.00765937169326e-05
7.00761026474752e-05
7.00756115849001e-05
7.00751205292073e-05
7.00746294803966e-05
7.00741384384679e-05
7.0073647403421e-05
7.00731563752558e-05
7.00726653539721e-05
7.00721743395698e-05
7.00716833320487e-05
7.00711923314087e-05
7.00707013376497e-05
7.00702103507715e-05
7.00697193707739e-05
7.00692283976569e-05
7.00687374314202e-05
7.00682464720638e-05
7.00677555195874e-05
7.0067264573991e-05
7.00667736352744e-05
7.00662827034375e-05
7.006579177848e-05
7.00653008604019e-05
7.0064809949203e-05
7.00643190448832e-05
7.00638281474423e-05
7.00633372568802e-05
7.00628463731968e-05
7.00623554963918e-05
7.00618646264652e-05
7.00613737634167e-05
7.00608829072464e-05
7.0060392057954e-05
7.00599012155393e-05
7.00594103800022e-05
7.00589195513427e-05
7.00584287295605e-05
7.00579379146554e-05
7.00574471066274e-05
7.00569563054764e-05
7.0056465511202e-05
7.00559747238043e-05
7.00554839432831e-05
7.00549931696382e-05
7.00545024028694e-05
7.00540116429767e-05
7.00535208899599e-05
7.00530301438189e-05
7.00525394045534e-05
7.00520486721634e-05
7.00515579466487e-05
7.00510672280092e-05
7.00505765162447e-05
7.00500858113551e-05
7.00495951133402e-05
7.00491044222e-05
7.00486137379341e-05
7.00481230605426e-05
7.00476323900252e-05
7.00471417263819e-05
7.00466510696124e-05
7.00461604197166e-05
7.00456697766944e-05
7.00451791405457e-05
7.00446885112702e-05
7.00441978888679e-05
7.00437072733386e-05
7.00432166646821e-05
7.00427260628984e-05
7.00422354679872e-05
7.00417448799485e-05
7.0041254298782e-05
7.00407637244877e-05
7.00402731570653e-05
7.00397825965148e-05
7.0039292042836e-05
7.00388014960288e-05
7.0038310956093e-05
7.00378204230284e-05
7.0037329896835e-05
7.00368393775126e-05
7.0036348865061e-05
7.00358583594801e-05
7.00353678607697e-05
7.00348773689297e-05
7.003438688396e-05
7.00338964058604e-05
7.00334059346308e-05
7.0032915470271e-05
7.00324250127809e-05
7.00319345621603e-05
7.00314441184092e-05
7.00309536815272e-05
7.00304632515144e-05
7.00299728283705e-05
7.00294824120955e-05
7.00289920026891e-05
7.00285016001513e-05
7.00280112044818e-05
7.00275208156806e-05
7.00270304337474e-05
7.00265400586822e-05
7.00260496904849e-05
7.00255593291551e-05
7.00250689746929e-05
7.00245786270981e-05
7.00240882863705e-05
7.002359795251e-05
7.00231076255164e-05
7.00226173053896e-05
7.00221269921295e-05
7.00216366857359e-05
7.00211463862086e-05
7.00206560935476e-05
7.00201658077526e-05
7.00196755288236e-05
7.00191852567604e-05
7.00186949915627e-05
7.00182047332306e-05
7.00177144817639e-05
7.00172242371623e-05
7.00167339994259e-05
7.00162437685543e-05
7.00157535445475e-05
7.00152633274054e-05
7.00147731171277e-05
7.00142829137144e-05
7.00137927171653e-05
7.00133025274802e-05
7.00128123446591e-05
7.00123221687017e-05
7.00118319996079e-05
7.00113418373776e-05
7.00108516820107e-05
7.0010361533507e-05
7.00098713918663e-05
7.00093812570885e-05
7.00088911291734e-05
7.0008401008121e-05
7.0007910893931e-05
7.00074207866034e-05
7.00069306861379e-05
7.00064405925345e-05
7.0005950505793e-05
7.00054604259132e-05
7.00049703528951e-05
7.00044802867383e-05
7.0003990227443e-05
7.00035001750088e-05
7.00030101294356e-05
7.00025200907233e-05
7.00020300588717e-05
7.00015400338807e-05
7.00010500157502e-05
7.000056000448e-05
7.000007000007e-05
6.999958000252e-05
6.99990900118298e-05
6.99986000279994e-05
6.99981100510286e-05
6.99976200809173e-05
6.99971301176652e-05
6.99966401612723e-05
6.99961502117384e-05
6.99956602690633e-05
6.9995170333247e-05
6.99946804042893e-05
6.999419048219e-05
6.9993700566949e-05
6.99932106585661e-05
6.99927207570413e-05
6.99922308623743e-05
6.9991740974565e-05
6.99912510936133e-05
6.9990761219519e-05
6.9990271352282e-05
6.99897814919022e-05
6.99892916383793e-05
6.99888017917133e-05
6.9988311951904e-05
6.99878221189513e-05
6.9987332292855e-05
6.9986842473615e-05
6.99863526612311e-05
6.99858628557031e-05
6.99853730570311e-05
6.99848832652147e-05
6.99843934802539e-05
6.99839037021485e-05
6.99834139308984e-05
6.99829241665034e-05
6.99824344089633e-05
6.99819446582782e-05
6.99814549144477e-05
6.99809651774717e-05
6.99804754473502e-05
6.99799857240829e-05
6.99794960076698e-05
6.99790062981106e-05
6.99785165954052e-05
6.99780268995535e-05
6.99775372105554e-05
6.99770475284107e-05
6.99765578531192e-05
6.99760681846808e-05
6.99755785230954e-05
6.99750888683629e-05
6.9974599220483e-05
6.99741095794556e-05
6.99736199452806e-05
6.99731303179579e-05
6.99726406974873e-05
6.99721510838686e-05
6.99716614771018e-05
6.99711718771866e-05
6.9970682284123e-05
6.99701926979107e-05
6.99697031185497e-05
6.99692135460397e-05
6.99687239803808e-05
6.99682344215726e-05
6.99677448696151e-05
6.99672553245081e-05
6.99667657862515e-05
6.99662762548452e-05
6.99657867302889e-05
6.99652972125826e-05
6.9964807701726e-05
6.99643181977192e-05
6.99638287005618e-05
6.99633392102538e-05
6.99628497267951e-05
6.99623602501854e-05
6.99618707804247e-05
6.99613813175127e-05
6.99608918614495e-05
6.99604024122347e-05
6.99599129698683e-05
6.99594235343501e-05
6.995893410568e-05
6.99584446838578e-05
6.99579552688834e-05
6.99574658607567e-05
6.99569764594774e-05
6.99564870650455e-05
6.99559976774609e-05
6.99555082967233e-05
6.99550189228326e-05
6.99545295557887e-05
6.99540401955915e-05
6.99535508422408e-05
6.99530614957364e-05
6.99525721560782e-05
6.99520828232661e-05
6.99515934972999e-05
6.99511041781795e-05
6.99506148659047e-05
6.99501255604754e-05
6.99496362618914e-05
6.99491469701527e-05
6.9948657685259e-05
6.99481684072103e-05
6.99476791360063e-05
6.99471898716469e-05
6.9946700614132e-05
6.99462113634615e-05
6.99457221196352e-05
6.99452328826529e-05
6.99447436525145e-05
6.99442544292199e-05
6.99437652127689e-05
6.99432760031614e-05
6.99427868003973e-05
6.99422976044763e-05
6.99418084153984e-05
6.99413192331634e-05
6.99408300577711e-05
6.99403408892215e-05
6.99398517275143e-05
6.99393625726495e-05
6.99388734246269e-05
6.99383842834463e-05
6.99378951491076e-05
6.99374060216107e-05
6.99369169009553e-05
6.99364277871415e-05
6.9935938680169e-05
6.99354495800376e-05
6.99349604867473e-05
6.99344714002979e-05
6.99339823206893e-05
6.99334932479212e-05
6.99330041819937e-05
6.99325151229064e-05
6.99320260706593e-05
6.99315370252523e-05
6.99310479866851e-05
6.99305589549577e-05
6.99300699300699e-05
6.99295809120216e-05
6.99290919008126e-05
6.99286028964427e-05
6.99281138989119e-05
6.992762490822e-05
6.99271359243668e-05
6.99266469473522e-05
6.99261579771761e-05
6.99256690138383e-05
6.99251800573386e-05
6.9924691107677e-05
6.99242021648533e-05
6.99237132288673e-05
6.99232242997189e-05
6.9922735377408e-05
6.99222464619343e-05
6.99217575532979e-05
6.99212686514984e-05
6.99207797565359e-05
6.992029086841e-05
6.99198019871208e-05
6.9919313112668e-05
6.99188242450515e-05
6.99183353842712e-05
6.99178465303269e-05
6.99173576832184e-05
6.99168688429457e-05
6.99163800095086e-05
6.9915891182907e-05
6.99154023631406e-05
6.99149135502094e-05
6.99144247441132e-05
6.99139359448519e-05
6.99134471524253e-05
6.99129583668333e-05
6.99124695880757e-05
6.99119808161525e-05
6.99114920510633e-05
6.99110032928083e-05
6.9910514541387e-05
6.99100257967995e-05
6.99095370590456e-05
6.99090483281251e-05
6.99085596040379e-05
6.99080708867839e-05
6.99075821763628e-05
6.99070934727747e-05
6.99066047760192e-05
6.99061160860964e-05
6.99056274030059e-05
6.99051387267478e-05
6.99046500573218e-05
6.99041613947278e-05
6.99036727389657e-05
6.99031840900353e-05
6.99026954479365e-05
6.99022068126691e-05
6.9901718184233e-05
6.9901229562628e-05
6.9900740947854e-05
6.99002523399109e-05
6.98997637387986e-05
6.98992751445168e-05
6.98987865570654e-05
6.98982979764443e-05
6.98978094026533e-05
6.98973208356924e-05
6.98968322755613e-05
6.98963437222599e-05
6.98958551757881e-05
6.98953666361457e-05
6.98948781033326e-05
6.98943895773486e-05
6.98939010581937e-05
6.98934125458675e-05
6.98929240403702e-05
6.98924355417013e-05
6.98919470498609e-05
6.98914585648488e-05
6.98909700866648e-05
6.98904816153088e-05
6.98899931507807e-05
6.98895046930802e-05
6.98890162422074e-05
6.98885277981619e-05
6.98880393609438e-05
6.98875509305527e-05
6.98870625069887e-05
6.98865740902515e-05
6.9886085680341e-05
6.98855972772571e-05
6.98851088809996e-05
6.98846204915684e-05
6.98841321089633e-05
6.98836437331843e-05
6.9883155364231e-05
6.98826670021035e-05
6.98821786468015e-05
6.98816902983249e-05
6.98812019566737e-05
6.98807136218475e-05
6.98802252938464e-05
6.987973697267e-05
6.98792486583184e-05
6.98787603507914e-05
6.98782720500887e-05
6.98777837562104e-05
6.98772954691562e-05
6.98768071889259e-05
6.98763189155195e-05
6.98758306489368e-05
6.98753423891777e-05
6.9874854136242e-05
6.98743658901295e-05
6.98738776508402e-05
6.98733894183739e-05
6.98729011927304e-05
6.98724129739096e-05
6.98719247619114e-05
6.98714365567356e-05
6.98709483583821e-05
6.98704601668507e-05
6.98699719821412e-05
6.98694838042536e-05
6.98689956331878e-05
6.98685074689434e-05
6.98680193115205e-05
6.98675311609189e-05
6.98670430171384e-05
6.98665548801789e-05
6.98660667500402e-05
6.98655786267222e-05
6.98650905102248e-05
6.98646024005477e-05
6.9864114297691e-05
6.98636262016544e-05
6.98631381124377e-05
6.98626500300409e-05
6.98621619544638e-05
6.98616738857063e-05
6.98611858237682e-05
6.98606977686493e-05
6.98602097203496e-05
6.98597216788688e-05
6.98592336442069e-05
6.98587456163637e-05
6.98582575953391e-05
6.98577695811328e-05
6.98572815737448e-05
6.9856793573175e-05
6.98563055794231e-05
6.98558175924891e-05
6.98553296123728e-05
6.9854841639074e-05
6.98543536725926e-05
6.98538657129286e-05
6.98533777600816e-05
6.98528898140516e-05
6.98524018748385e-05
6.9851913942442e-05
6.98514260168621e-05
6.98509380980987e-05
6.98504501861514e-05
6.98499622810204e-05
6.98494743827053e-05
6.9848986491206e-05
6.98484986065225e-05
6.98480107286544e-05
6.98475228576019e-05
6.98470349933645e-05
6.98465471359423e-05
6.98460592853351e-05
6.98455714415427e-05
6.98450836045651e-05
6.9844595774402e-05
6.98441079510533e-05
6.98436201345188e-05
6.98431323247985e-05
6.98426445218922e-05
6.98421567257997e-05
6.98416689365209e-05
6.98411811540557e-05
6.98406933784039e-05
6.98402056095653e-05
6.98397178475399e-05
6.98392300923275e-05
6.98387423439279e-05
6.9838254602341e-05
6.98377668675666e-05
6.98372791396047e-05
6.98367914184551e-05
6.98363037041175e-05
6.9835815996592e-05
6.98353282958783e-05
6.98348406019763e-05
6.98343529148859e-05
6.98338652346069e-05
6.98333775611391e-05
6.98328898944825e-05
6.98324022346369e-05
6.98319145816021e-05
6.9831426935378e-05
6.98309392959645e-05
6.98304516633614e-05
6.98299640375685e-05
6.98294764185858e-05
6.98289888064131e-05
6.98285012010502e-05
6.98280136024971e-05
6.98275260107534e-05
6.98270384258192e-05
6.98265508476943e-05
6.98260632763785e-05
6.98255757118717e-05
6.98250881541738e-05
6.98246006032846e-05
6.98241130592039e-05
6.98236255219316e-05
6.98231379914676e-05
6.98226504678118e-05
6.98221629509639e-05
6.98216754409239e-05
6.98211879376916e-05
6.98207004412668e-05
6.98202129516495e-05
6.98197254688395e-05
6.98192379928365e-05
6.98187505236406e-05
6.98182630612516e-05
6.98177756056692e-05
6.98172881568934e-05
6.9816800714924e-05
6.98163132797609e-05
6.9815825851404e-05
6.9815338429853e-05
6.98148510151079e-05
6.98143636071685e-05
6.98138762060347e-05
6.98133888117063e-05
6.98129014241832e-05
6.98124140434652e-05
6.98119266695522e-05
6.98114393024441e-05
6.98109519421407e-05
6.98104645886418e-05
6.98099772419474e-05
6.98094899020573e-05
6.98090025689713e-05
6.98085152426893e-05
6.98080279232112e-05
6.98075406105368e-05
6.98070533046659e-05
6.98065660055985e-05
6.98060787133344e-05
6.98055914278734e-05
6.98051041492154e-05
6.98046168773603e-05
6.98041296123079e-05
6.9803642354058e-05
6.98031551026106e-05
6.98026678579655e-05
6.98021806201226e-05
6.98016933890816e-05
6.98012061648425e-05
6.98007189474052e-05
6.98002317367694e-05
6.9799744532935e-05
6.9799257335902e-05
6.979877014567e-05
6.97982829622391e-05
6.97977957856091e-05
6.97973086157798e-05
6.9796821452751e-05
6.97963342965227e-05
6.97958471470947e-05
6.97953600044669e-05
6.97948728686391e-05
6.97943857396111e-05
6.97938986173829e-05
6.97934115019542e-05
6.9792924393325e-05
6.97924372914951e-05
6.97919501964643e-05
6.97914631082326e-05
6.97909760267997e-05
6.97904889521656e-05
6.979000188433e-05
6.97895148232929e-05
6.97890277690542e-05
6.97885407216135e-05
6.97880536809709e-05
6.97875666471262e-05
6.97870796200791e-05
6.97865925998297e-05
6.97861055863777e-05
6.97856185797231e-05
6.97851315798656e-05
6.97846445868051e-05
6.97841576005415e-05
6.97836706210747e-05
6.97831836484044e-05
6.97826966825306e-05
6.97822097234531e-05
6.97817227711718e-05
6.97812358256865e-05
6.97807488869971e-05
6.97802619551034e-05
6.97797750300053e-05
6.97792881117027e-05
6.97788012001954e-05
6.97783142954832e-05
6.97778273975661e-05
6.97773405064439e-05
6.97768536221165e-05
6.97763667445836e-05
6.97758798738452e-05
6.97753930099011e-05
6.97749061527512e-05
6.97744193023954e-05
6.97739324588334e-05
6.97734456220652e-05
6.97729587920905e-05
6.97724719689094e-05
6.97719851525216e-05
6.97714983429269e-05
6.97710115401253e-05
6.97705247441166e-05
6.97700379549006e-05
6.97695511724773e-05
6.97690643968464e-05
6.97685776280079e-05
6.97680908659615e-05
6.97676041107072e-05
6.97671173622448e-05
6.97666306205742e-05
6.97661438856952e-05
6.97656571576076e-05
6.97651704363114e-05
6.97646837218063e-05
6.97641970140924e-05
6.97637103131693e-05
6.9763223619037e-05
6.97627369316953e-05
6.97622502511441e-05
6.97617635773832e-05
6.97612769104126e-05
6.9760790250232e-05
6.97603035968413e-05
6.97598169502403e-05
6.9759330310429e-05
6.97588436774072e-05
6.97583570511747e-05
6.97578704317315e-05
6.97573838190772e-05
6.9756897213212e-05
6.97564106141354e-05
6.97559240218476e-05
6.97554374363482e-05
6.97549508576371e-05
6.97544642857143e-05
6.97539777205795e-05
6.97534911622327e-05
6.97530046106736e-05
6.97525180659022e-05
6.97520315279182e-05
6.97515449967217e-05
6.97510584723123e-05
6.975057195469e-05
6.97500854438547e-05
6.97495989398061e-05
6.97491124425442e-05
6.97486259520687e-05
6.97481394683797e-05
6.97476529914768e-05
6.97471665213601e-05
6.97466800580292e-05
6.97461936014842e-05
6.97457071517248e-05
6.97452207087509e-05
6.97447342725624e-05
6.97442478431591e-05
6.97437614205409e-05
6.97432750047077e-05
6.97427885956592e-05
6.97423021933954e-05
6.97418157979161e-05
6.97413294092212e-05
6.97408430273105e-05
6.97403566521839e-05
6.97398702838413e-05
6.97393839222824e-05
6.97388975675073e-05
6.97384112195156e-05
6.97379248783073e-05
6.97374385438823e-05
6.97369522162403e-05
6.97364658953814e-05
6.97359795813052e-05
6.97354932740117e-05
6.97350069735007e-05
6.97345206797721e-05
6.97340343928258e-05
6.97335481126615e-05
6.97330618392792e-05
6.97325755726788e-05
6.973208931286e-05
6.97316030598227e-05
6.97311168135669e-05
6.97306305740923e-05
6.97301443413988e-05
6.97296581154863e-05
6.97291718963546e-05
6.97286856840035e-05
6.97281994784331e-05
6.9727713279643e-05
6.97272270876332e-05
6.97267409024035e-05
6.97262547239538e-05
6.97257685522839e-05
6.97252823873937e-05
6.9724796229283e-05
6.97243100779518e-05
6.97238239333998e-05
6.9723337795627e-05
6.97228516646331e-05
6.97223655404181e-05
6.97218794229817e-05
6.9721393312324e-05
6.97209072084446e-05
6.97204211113435e-05
6.97199350210206e-05
6.97194489374756e-05
6.97189628607085e-05
6.97184767907191e-05
6.97179907275072e-05
6.97175046710728e-05
6.97170186214157e-05
6.97165325785357e-05
6.97160465424327e-05
6.97155605131065e-05
6.97150744905571e-05
6.97145884747842e-05
6.97141024657878e-05
6.97136164635677e-05
6.97131304681237e-05
6.97126444794557e-05
6.97121584975636e-05
6.97116725224472e-05
6.97111865541063e-05
6.9710700592541e-05
6.97102146377509e-05
6.97097286897359e-05
6.9709242748496e-05
6.9708756814031e-05
6.97082708863407e-05
6.97077849654249e-05
6.97072990512837e-05
6.97068131439167e-05
6.97063272433239e-05
6.97058413495051e-05
6.97053554624602e-05
6.9704869582189e-05
6.97043837086914e-05
6.97038978419673e-05
6.97034119820165e-05
6.97029261288389e-05
6.97024402824343e-05
6.97019544428026e-05
6.97014686099436e-05
6.97009827838573e-05
6.97004969645434e-05
6.97000111520018e-05
6.96995253462324e-05
6.9699039547235e-05
6.96985537550096e-05
6.96980679695559e-05
6.96975821908738e-05
6.96970964189632e-05
6.96966106538239e-05
6.96961248954558e-05
6.96956391438588e-05
6.96951533990326e-05
6.96946676609773e-05
6.96941819296925e-05
6.96936962051782e-05
6.96932104874343e-05
6.96927247764606e-05
6.96922390722569e-05
6.96917533748232e-05
6.96912676841592e-05
6.96907820002648e-05
6.969029632314e-05
6.96898106527845e-05
6.96893249891982e-05
6.96888393323809e-05
6.96883536823326e-05
6.96878680390531e-05
6.96873824025422e-05
6.96868967727998e-05
6.96864111498258e-05
6.968592553362e-05
6.96854399241822e-05
6.96849543215124e-05
6.96844687256104e-05
6.96839831364761e-05
6.96834975541092e-05
6.96830119785098e-05
6.96825264096775e-05
6.96820408476123e-05
6.96815552923141e-05
6.96810697437827e-05
6.96805842020179e-05
6.96800986670197e-05
6.96796131387879e-05
6.96791276173222e-05
6.96786421026227e-05
6.96781565946891e-05
6.96776710935214e-05
6.96771855991193e-05
6.96767001114827e-05
6.96762146306115e-05
6.96757291565056e-05
6.96752436891648e-05
6.96747582285889e-05
6.96742727747779e-05
6.96737873277316e-05
6.96733018874498e-05
6.96728164539323e-05
6.96723310271792e-05
6.96718456071901e-05
6.96713601939651e-05
6.96708747875038e-05
6.96703893878063e-05
6.96699039948723e-05
6.96694186087017e-05
6.96689332292944e-05
6.96684478566502e-05
6.9667962490769e-05
6.96674771316506e-05
6.9666991779295e-05
6.96665064337019e-05
6.96660210948712e-05
6.96655357628028e-05
6.96650504374965e-05
6.96645651189522e-05
6.96640798071698e-05
6.96635945021491e-05
6.966310920389e-05
6.96626239123923e-05
6.96621386276559e-05
6.96616533496806e-05
6.96611680784663e-05
6.96606828140129e-05
6.96601975563203e-05
6.96597123053882e-05
6.96592270612165e-05
6.96587418238052e-05
6.9658256593154e-05
6.96577713692628e-05
6.96572861521315e-05
6.96568009417599e-05
6.9656315738148e-05
6.96558305412955e-05
6.96553453512022e-05
6.96548601678682e-05
6.96543749912932e-05
6.96538898214771e-05
6.96534046584197e-05
6.96529195021209e-05
6.96524343525806e-05
6.96519492097986e-05
6.96514640737748e-05
6.96509789445091e-05
6.96504938220012e-05
6.96500087062511e-05
6.96495235972586e-05
6.96490384950236e-05
6.96485533995459e-05
6.96480683108254e-05
6.9647583228862e-05
6.96470981536554e-05
6.96466130852057e-05
6.96461280235125e-05
6.96456429685759e-05
6.96451579203956e-05
6.96446728789715e-05
6.96441878443035e-05
6.96437028163913e-05
6.9643217795235e-05
6.96427327808343e-05
6.96422477731891e-05
6.96417627722993e-05
6.96412777781647e-05
6.96407927907851e-05
6.96403078101605e-05
6.96398228362907e-05
6.96393378691755e-05
6.96388529088149e-05
6.96383679552086e-05
6.96378830083565e-05
6.96373980682586e-05
6.96369131349146e-05
6.96364282083243e-05
6.96359432884878e-05
6.96354583754048e-05
6.96349734690751e-05
6.96344885694987e-05
6.96340036766754e-05
6.9633518790605e-05
6.96330339112875e-05
6.96325490387227e-05
6.96320641729103e-05
6.96315793138504e-05
6.96310944615428e-05
6.96306096159872e-05
6.96301247771836e-05
6.96296399451318e-05
6.96291551198318e-05
6.96286703012833e-05
6.96281854894861e-05
6.96277006844403e-05
6.96272158861456e-05
6.96267310946018e-05
6.96262463098089e-05
6.96257615317667e-05
6.96252767604751e-05
6.96247919959339e-05
6.9624307238143e-05
6.96238224871022e-05
6.96233377428114e-05
6.96228530052705e-05
6.96223682744792e-05
6.96218835504376e-05
6.96213988331454e-05
6.96209141226024e-05
6.96204294188087e-05
6.96199447217639e-05
6.9619460031468e-05
6.96189753479208e-05
6.96184906711222e-05
6.96180060010721e-05
6.96175213377703e-05
6.96170366812166e-05
6.9616552031411e-05
6.96160673883532e-05
6.96155827520432e-05
6.96150981224808e-05
6.96146134996659e-05
6.96141288835982e-05
6.96136442742778e-05
6.96131596717043e-05
6.96126750758778e-05
6.9612190486798e-05
6.96117059044649e-05
6.96112213288782e-05
6.96107367600379e-05
6.96102521979437e-05
6.96097676425956e-05
6.96092830939934e-05
6.9608798552137e-05
6.96083140170262e-05
6.96078294886609e-05
6.96073449670409e-05
6.96068604521662e-05
6.96063759440365e-05
6.96058914426517e-05
6.96054069480117e-05
6.96049224601164e-05
6.96044379789655e-05
6.96039535045591e-05
6.96034690368968e-05
6.96029845759786e-05
6.96025001218044e-05
6.96020156743739e-05
6.96015312336871e-05
6.96010467997439e-05
6.9600562372544e-05
6.96000779520873e-05
6.95995935383737e-05
6.95991091314031e-05
6.95986247311753e-05
6.95981403376902e-05
6.95976559509476e-05
6.95971715709474e-05
6.95966871976894e-05
6.95962028311735e-05
6.95957184713996e-05
6.95952341183676e-05
6.95947497720772e-05
6.95942654325284e-05
6.95937810997209e-05
6.95932967736548e-05
6.95928124543297e-05
6.95923281417456e-05
6.95918438359024e-05
6.95913595367999e-05
6.9590875244438e-05
6.95903909588164e-05
6.95899066799351e-05
6.9589422407794e-05
6.95889381423929e-05
6.95884538837316e-05
6.958796963181e-05
6.95874853866281e-05
6.95870011481855e-05
6.95865169164823e-05
6.95860326915182e-05
6.95855484732931e-05
6.95850642618068e-05
6.95845800570594e-05
6.95840958590505e-05
6.958361166778e-05
6.95831274832479e-05
6.95826433054539e-05
6.95821591343979e-05
6.95816749700799e-05
6.95811908124996e-05
6.95807066616569e-05
6.95802225175516e-05
6.95797383801837e-05
6.95792542495529e-05
6.95787701256593e-05
6.95782860085025e-05
6.95778018980824e-05
6.9577317794399e-05
6.95768336974521e-05
6.95763496072415e-05
6.95758655237671e-05
6.95753814470288e-05
6.95748973770264e-05
6.95744133137597e-05
6.95739292572287e-05
6.95734452074332e-05
6.95729611643731e-05
6.95724771280481e-05
6.95719930984583e-05
6.95715090756034e-05
6.95710250594832e-05
6.95705410500977e-05
6.95700570474468e-05
6.95695730515302e-05
6.95690890623478e-05
6.95686050798995e-05
6.95681211041852e-05
6.95676371352047e-05
6.95671531729579e-05
6.95666692174445e-05
6.95661852686646e-05
6.95657013266179e-05
6.95652173913043e-05
6.95647334627237e-05
6.9564249540876e-05
6.95637656257609e-05
6.95632817173783e-05
6.95627978157282e-05
6.95623139208103e-05
6.95618300326245e-05
6.95613461511707e-05
6.95608622764488e-05
6.95603784084585e-05
6.95598945471999e-05
6.95594106926726e-05
6.95589268448766e-05
6.95584430038118e-05
6.9557959169478e-05
6.9557475341875e-05
6.95569915210027e-05
6.95565077068611e-05
6.95560238994498e-05
6.95555400987689e-05
6.95550563048181e-05
6.95545725175973e-05
6.95540887371064e-05
6.95536049633453e-05
6.95531211963137e-05
6.95526374360116e-05
6.95521536824388e-05
6.95516699355952e-05
6.95511861954806e-05
6.95507024620949e-05
6.95502187354379e-05
6.95497350155096e-05
6.95492513023097e-05
6.95487675958382e-05
6.95482838960949e-05
6.95478002030796e-05
6.95473165167922e-05
6.95468328372326e-05
6.95463491644006e-05
6.95458654982961e-05
6.9545381838919e-05
6.95448981862691e-05
6.95444145403462e-05
6.95439309011503e-05
6.95434472686811e-05
6.95429636429386e-05
6.95424800239226e-05
6.9541996411633e-05
6.95415128060696e-05
6.95410292072323e-05
6.95405456151209e-05
6.95400620297353e-05
6.95395784510754e-05
6.95390948791411e-05
6.95386113139321e-05
6.95381277554483e-05
6.95376442036897e-05
6.9537160658656e-05
6.95366771203471e-05
6.95361935887629e-05
6.95357100639033e-05
6.95352265457681e-05
6.95347430343571e-05
6.95342595296703e-05
6.95337760317074e-05
6.95332925404684e-05
6.9532809055953e-05
6.95323255781613e-05
6.95318421070929e-05
6.95313586427479e-05
6.9530875185126e-05
6.9530391734227e-05
6.9529908290051e-05
6.95294248525976e-05
6.95289414218669e-05
6.95284579978585e-05
6.95279745805725e-05
6.95274911700086e-05
6.95270077661668e-05
6.95265243690468e-05
6.95260409786486e-05
6.95255575949719e-05
6.95250742180167e-05
6.95245908477829e-05
6.95241074842702e-05
6.95236241274785e-05
6.95231407774078e-05
6.95226574340578e-05
6.95221740974284e-05
6.95216907675195e-05
6.95212074443309e-05
6.95207241278625e-05
6.95202408181142e-05
6.95197575150858e-05
6.95192742187772e-05
6.95187909291882e-05
6.95183076463187e-05
6.95178243701685e-05
6.95173411007376e-05
6.95168578380257e-05
6.95163745820328e-05
6.95158913327587e-05
6.95154080902032e-05
6.95149248543662e-05
6.95144416252476e-05
6.95139584028473e-05
6.9513475187165e-05
6.95129919782007e-05
6.95125087759542e-05
6.95120255804254e-05
6.95115423916141e-05
6.95110592095202e-05
6.95105760341436e-05
6.95100928654841e-05
6.95096097035415e-05
6.95091265483158e-05
6.95086433998068e-05
6.95081602580143e-05
6.95076771229382e-05
6.95071939945784e-05
6.95067108729348e-05
6.95062277580071e-05
6.95057446497953e-05
6.95052615482992e-05
6.95047784535187e-05
6.95042953654536e-05
6.95038122841038e-05
6.95033292094691e-05
6.95028461415495e-05
6.95023630803447e-05
6.95018800258547e-05
6.95013969780793e-05
6.95009139370183e-05
6.95004309026716e-05
6.94999478750391e-05
6.94994648541206e-05
6.9498981839916e-05
6.94984988324252e-05
6.9498015831648e-05
6.94975328375843e-05
6.94970498502339e-05
6.94965668695966e-05
6.94960838956725e-05
6.94956009284612e-05
6.94951179679627e-05
6.94946350141769e-05
6.94941520671035e-05
6.94936691267426e-05
6.94931861930938e-05
6.94927032661571e-05
6.94922203459323e-05
6.94917374324193e-05
6.9491254525618e-05
6.94907716255281e-05
6.94902887321497e-05
6.94898058454825e-05
6.94893229655264e-05
6.94888400922812e-05
6.94883572257468e-05
6.94878743659232e-05
6.948739151281e-05
6.94869086664072e-05
6.94864258267148e-05
6.94859429937324e-05
6.948546016746e-05
6.94849773478974e-05
6.94844945350445e-05
6.94840117289012e-05
6.94835289294673e-05
6.94830461367426e-05
6.94825633507271e-05
6.94820805714206e-05
6.9481597798823e-05
6.9481115032934e-05
6.94806322737537e-05
6.94801495212818e-05
6.94796667755181e-05
6.94791840364627e-05
6.94787013041152e-05
6.94782185784756e-05
6.94777358595438e-05
6.94772531473196e-05
6.94767704418028e-05
6.94762877429933e-05
6.9475805050891e-05
6.94753223654958e-05
6.94748396868074e-05
6.94743570148258e-05
6.94738743495509e-05
6.94733916909824e-05
6.94729090391202e-05
6.94724263939642e-05
6.94719437555143e-05
6.94714611237704e-05
6.94709784987322e-05
6.94704958803996e-05
6.94700132687725e-05
6.94695306638508e-05
6.94690480656344e-05
6.9468565474123e-05
6.94680828893165e-05
6.94676003112148e-05
6.94671177398179e-05
6.94666351751254e-05
6.94661526171373e-05
6.94656700658535e-05
6.94651875212737e-05
6.94647049833979e-05
6.9464222452226e-05
6.94637399277577e-05
6.9463257409993e-05
6.94627748989317e-05
6.94622923945736e-05
6.94618098969187e-05
6.94613274059667e-05
6.94608449217176e-05
6.94603624441712e-05
6.94598799733274e-05
6.9459397509186e-05
6.94589150517469e-05
6.94584326010099e-05
6.9457950156975e-05
6.94574677196419e-05
6.94569852890105e-05
6.94565028650807e-05
6.94560204478524e-05
6.94555380373254e-05
6.94550556334996e-05
6.94545732363748e-05
6.94540908459508e-05
6.94536084622277e-05
6.94531260852051e-05
6.9452643714883e-05
6.94521613512612e-05
6.94516789943397e-05
6.94511966441182e-05
6.94507143005966e-05
6.94502319637748e-05
6.94497496336526e-05
6.94492673102299e-05
6.94487849935065e-05
6.94483026834824e-05
6.94478203801574e-05
6.94473380835313e-05
6.94468557936039e-05
6.94463735103753e-05
6.94458912338451e-05
6.94454089640134e-05
6.94449267008799e-05
6.94444444444444e-05
6.9443962194707e-05
6.94434799516673e-05
6.94429977153254e-05
6.9442515485681e-05
6.94420332627339e-05
6.94415510464842e-05
6.94410688369315e-05
6.94405866340759e-05
6.94401044379171e-05
6.9439622248455e-05
6.94391400656894e-05
6.94386578896203e-05
6.94381757202475e-05
6.94376935575708e-05
6.94372114015901e-05
6.94367292523053e-05
6.94362471097162e-05
6.94357649738227e-05
6.94352828446247e-05
6.94348007221219e-05
6.94343186063144e-05
6.94338364972018e-05
6.94333543947842e-05
6.94328722990613e-05
6.9432390210033e-05
6.94319081276992e-05
6.94314260520597e-05
6.94309439831144e-05
6.94304619208632e-05
6.94299798653058e-05
6.94294978164423e-05
6.94290157742724e-05
6.9428533738796e-05
6.94280517100129e-05
6.94275696879231e-05
6.94270876725263e-05
6.94266056638225e-05
6.94261236618115e-05
6.94256416664931e-05
6.94251596778673e-05
6.94246776959338e-05
6.94241957206926e-05
6.94237137521435e-05
6.94232317902863e-05
6.9422749835121e-05
6.94222678866473e-05
6.94217859448652e-05
6.94213040097745e-05
6.94208220813751e-05
6.94203401596668e-05
6.94198582446495e-05
6.9419376336323e-05
6.94188944346872e-05
6.9418412539742e-05
6.94179306514873e-05
6.94174487699228e-05
6.94169668950485e-05
6.94164850268642e-05
6.94160031653697e-05
6.9415521310565e-05
6.94150394624499e-05
6.94145576210243e-05
6.94140757862879e-05
6.94135939582408e-05
6.94131121368827e-05
6.94126303222134e-05
6.9412148514233e-05
6.94116667129411e-05
6.94111849183377e-05
6.94107031304227e-05
6.94102213491959e-05
6.94097395746571e-05
6.94092578068063e-05
6.94087760456432e-05
6.94082942911678e-05
6.94078125433799e-05
6.94073308022793e-05
6.9406849067866e-05
6.94063673401398e-05
6.94058856191005e-05
6.9405403904748e-05
6.94049221970822e-05
6.94044404961029e-05
6.94039588018101e-05
6.94034771142034e-05
6.94029954332829e-05
6.94025137590483e-05
6.94020320914996e-05
6.94015504306366e-05
6.94010687764592e-05
6.94005871289671e-05
6.94001054881603e-05
6.93996238540387e-05
6.93991422266021e-05
6.93986606058503e-05
6.93981789917833e-05
6.93976973844008e-05
6.93972157837028e-05
6.9396734189689e-05
6.93962526023595e-05
6.93957710217139e-05
6.93952894477523e-05
6.93948078804744e-05
6.93943263198801e-05
6.93938447659693e-05
6.93933632187418e-05
6.93928816781975e-05
6.93924001443362e-05
6.93919186171578e-05
6.93914370966623e-05
6.93909555828493e-05
6.93904740757189e-05
6.93899925752708e-05
6.93895110815049e-05
6.93890295944211e-05
6.93885481140193e-05
6.93880666402992e-05
6.93875851732608e-05
6.93871037129039e-05
6.93866222592284e-05
6.93861408122342e-05
6.9385659371921e-05
6.93851779382888e-05
6.93846965113375e-05
6.93842150910668e-05
6.93837336774767e-05
6.93832522705669e-05
6.93827708703375e-05
6.93822894767882e-05
6.93818080899188e-05
6.93813267097293e-05
6.93808453362196e-05
6.93803639693894e-05
6.93798826092386e-05
6.93794012557672e-05
6.93789199089749e-05
6.93784385688616e-05
6.93779572354272e-05
6.93774759086715e-05
6.93769945885944e-05
6.93765132751958e-05
6.93760319684755e-05
6.93755506684334e-05
6.93750693750694e-05
6.93745880883832e-05
6.93741068083748e-05
6.93736255350441e-05
6.93731442683908e-05
6.93726630084149e-05
6.93721817551162e-05
6.93717005084946e-05
6.93712192685499e-05
6.9370738035282e-05
6.93702568086907e-05
6.9369775588776e-05
6.93692943755376e-05
6.93688131689755e-05
6.93683319690895e-05
6.93678507758794e-05
6.93673695893452e-05
6.93668884094866e-05
6.93664072363036e-05
6.9365926069796e-05
6.93654449099637e-05
6.93649637568064e-05
6.93644826103242e-05
6.93640014705168e-05
6.93635203373842e-05
6.93630392109261e-05
6.93625580911424e-05
6.9362076978033e-05
6.93615958715978e-05
6.93611147718366e-05
6.93606336787493e-05
6.93601525923357e-05
6.93596715125957e-05
6.93591904395292e-05
6.9358709373136e-05
6.9358228313416e-05
6.9357747260369e-05
6.93572662139949e-05
6.93567851742936e-05
6.93563041412649e-05
6.93558231149087e-05
6.93553420952249e-05
6.93548610822133e-05
6.93543800758737e-05
6.93538990762061e-05
6.93534180832102e-05
6.9352937096886e-05
6.93524561172334e-05
6.93519751442521e-05
6.93514941779421e-05
6.93510132183031e-05
6.93505322653351e-05
6.9350051319038e-05
6.93495703794115e-05
6.93490894464556e-05
6.934860852017e-05
6.93481276005548e-05
6.93476466876097e-05
6.93471657813345e-05
6.93466848817292e-05
6.93462039887937e-05
6.93457231025277e-05
6.93452422229311e-05
6.93447613500038e-05
6.93442804837457e-05
6.93437996241566e-05
6.93433187712364e-05
6.93428379249849e-05
6.9342357085402e-05
6.93418762524876e-05
6.93413954262416e-05
6.93409146066637e-05
6.93404337937538e-05
6.93399529875119e-05
6.93394721879377e-05
6.93389913950312e-05
6.93385106087921e-05
6.93380298292204e-05
6.9337549056316e-05
6.93370682900786e-05
6.93365875305081e-05
6.93361067776044e-05
6.93356260313674e-05
6.9335145291797e-05
6.93346645588929e-05
6.9334183832655e-05
6.93337031130833e-05
6.93332224001775e-05
6.93327416939375e-05
6.93322609943633e-05
6.93317803014546e-05
6.93312996152113e-05
6.93308189356333e-05
6.93303382627204e-05
6.93298575964725e-05
6.93293769368895e-05
6.93288962839712e-05
6.93284156377174e-05
6.93279349981282e-05
6.93274543652032e-05
6.93269737389423e-05
6.93264931193456e-05
6.93260125064127e-05
6.93255319001435e-05
6.9325051300538e-05
6.93245707075959e-05
6.93240901213172e-05
6.93236095417016e-05
6.93231289687491e-05
6.93226484024596e-05
6.93221678428328e-05
6.93216872898686e-05
6.9321206743567e-05
6.93207262039277e-05
6.93202456709507e-05
6.93197651446357e-05
6.93192846249827e-05
6.93188041119915e-05
6.93183236056619e-05
6.93178431059939e-05
6.93173626129873e-05
6.93168821266419e-05
6.93164016469577e-05
6.93159211739344e-05
6.9315440707572e-05
6.93149602478703e-05
6.93144797948291e-05
6.93139993484484e-05
6.9313518908728e-05
6.93130384756677e-05
6.93125580492674e-05
6.93120776295269e-05
6.93115972164463e-05
6.93111168100252e-05
6.93106364102635e-05
6.93101560171612e-05
6.9309675630718e-05
6.93091952509339e-05
6.93087148778087e-05
6.93082345113423e-05
6.93077541515345e-05
6.93072737983851e-05
6.93067934518942e-05
6.93063131120614e-05
6.93058327788867e-05
6.93053524523699e-05
6.93048721325109e-05
6.93043918193096e-05
6.93039115127658e-05
6.93034312128794e-05
6.93029509196502e-05
6.93024706330781e-05
6.93019903531629e-05
6.93015100799046e-05
6.9301029813303e-05
6.9300549553358e-05
6.93000693000693e-05
6.92995890534369e-05
6.92991088134607e-05
6.92986285801404e-05
6.9298148353476e-05
6.92976681334673e-05
6.92971879201142e-05
6.92967077134165e-05
6.92962275133742e-05
6.9295747319987e-05
6.92952671332548e-05
6.92947869531775e-05
6.9294306779755e-05
6.9293826612987e-05
6.92933464528736e-05
6.92928662994145e-05
6.92923861526095e-05
6.92919060124587e-05
6.92914258789617e-05
6.92909457521186e-05
6.9290465631929e-05
6.9289985518393e-05
6.92895054115104e-05
6.9289025311281e-05
6.92885452177046e-05
6.92880651307812e-05
6.92875850505106e-05
6.92871049768928e-05
6.92866249099274e-05
6.92861448496144e-05
6.92856647959537e-05
6.92851847489451e-05
6.92847047085885e-05
6.92842246748838e-05
6.92837446478307e-05
6.92832646274292e-05
6.92827846136792e-05
6.92823046065804e-05
6.92818246061328e-05
6.92813446123362e-05
6.92808646251905e-05
6.92803846446955e-05
6.92799046708512e-05
6.92794247036573e-05
6.92789447431137e-05
6.92784647892203e-05
6.92779848419769e-05
6.92775049013835e-05
6.92770249674398e-05
6.92765450401458e-05
6.92760651195012e-05
6.9275585205506e-05
6.927510529816e-05
6.92746253974632e-05
6.92741455034152e-05
6.92736656160161e-05
6.92731857352656e-05
6.92727058611636e-05
6.92722259937101e-05
6.92717461329048e-05
6.92712662787476e-05
6.92707864312383e-05
6.9270306590377e-05
6.92698267561633e-05
6.92693469285972e-05
6.92688671076785e-05
6.9268387293407e-05
6.92679074857828e-05
6.92674276848055e-05
6.92669478904751e-05
6.92664681027914e-05
6.92659883217544e-05
6.92655085473638e-05
6.92650287796195e-05
6.92645490185213e-05
6.92640692640693e-05
6.92635895162631e-05
6.92631097751027e-05
6.92626300405879e-05
6.92621503127186e-05
6.92616705914947e-05
6.92611908769159e-05
6.92607111689823e-05
6.92602314676936e-05
6.92597517730497e-05
6.92592720850504e-05
6.92587924036956e-05
6.92583127289853e-05
6.92578330609192e-05
6.92573533994972e-05
6.92568737447192e-05
6.9256394096585e-05
6.92559144550945e-05
6.92554348202475e-05
6.9254955192044e-05
6.92544755704837e-05
6.92539959555666e-05
6.92535163472925e-05
6.92530367456613e-05
6.92525571506728e-05
6.92520775623269e-05
6.92515979806234e-05
6.92511184055623e-05
6.92506388371433e-05
6.92501592753663e-05
6.92496797202313e-05
6.9249200171738e-05
6.92487206298864e-05
6.92482410946762e-05
6.92477615661074e-05
6.92472820441798e-05
6.92468025288932e-05
6.92463230202476e-05
6.92458435182428e-05
6.92453640228787e-05
6.9244884534155e-05
6.92444050520718e-05
6.92439255766288e-05
6.92434461078259e-05
6.9242966645663e-05
6.92424871901399e-05
6.92420077412565e-05
6.92415282990126e-05
6.92410488634082e-05
6.9240569434443e-05
6.9240090012117e-05
6.923961059643e-05
6.92391311873819e-05
6.92386517849724e-05
6.92381723892016e-05
6.92376930000692e-05
6.92372136175752e-05
6.92367342417193e-05
6.92362548725014e-05
6.92357755099215e-05
6.92352961539793e-05
6.92348168046747e-05
6.92343374620077e-05
6.92338581259779e-05
6.92333787965854e-05
6.923289947383e-05
6.92324201577115e-05
6.92319408482297e-05
6.92314615453847e-05
6.92309822491761e-05
6.9230502959604e-05
6.92300236766681e-05
6.92295444003683e-05
6.92290651307045e-05
6.92285858676765e-05
6.92281066112842e-05
6.92276273615274e-05
6.92271481184061e-05
6.92266688819201e-05
6.92261896520692e-05
6.92257104288533e-05
6.92252312122722e-05
6.9224752002326e-05
6.92242727990142e-05
6.9223793602337e-05
6.92233144122941e-05
6.92228352288853e-05
6.92223560521106e-05
6.92218768819698e-05
6.92213977184627e-05
6.92209185615893e-05
6.92204394113494e-05
6.92199602677428e-05
6.92194811307694e-05
6.92190020004292e-05
6.92185228767218e-05
6.92180437596473e-05
6.92175646492054e-05
6.9217085545396e-05
6.92166064482191e-05
6.92161273576743e-05
6.92156482737617e-05
6.92151691964811e-05
6.92146901258323e-05
6.92142110618152e-05
6.92137320044297e-05
6.92132529536756e-05
6.92127739095527e-05
6.92122948720611e-05
6.92118158412004e-05
6.92113368169706e-05
6.92108577993716e-05
6.92103787884031e-05
6.92098997840651e-05
6.92094207863574e-05
6.920894179528e-05
6.92084628108325e-05
6.9207983833015e-05
6.92075048618272e-05
6.92070258972691e-05
6.92065469393405e-05
6.92060679880412e-05
6.92055890433711e-05
6.92051101053302e-05
6.92046311739182e-05
6.9204152249135e-05
6.92036733309804e-05
6.92031944194544e-05
6.92027155145568e-05
6.92022366162874e-05
6.92017577246462e-05
6.9201278839633e-05
6.92007999612476e-05
6.92003210894899e-05
6.91998422243597e-05
6.9199363365857e-05
6.91988845139816e-05
6.91984056687334e-05
6.91979268301122e-05
6.91974479981178e-05
6.91969691727502e-05
6.91964903540092e-05
6.91960115418947e-05
6.91955327364065e-05
6.91950539375445e-05
6.91945751453086e-05
6.91940963596986e-05
6.91936175807144e-05
6.91931388083558e-05
6.91926600426227e-05
6.9192181283515e-05
6.91917025310325e-05
6.91912237851751e-05
6.91907450459427e-05
6.9190266313335e-05
6.91897875873521e-05
6.91893088679937e-05
6.91888301552597e-05
6.918835144915e-05
6.91878727496644e-05
6.91873940568029e-05
6.91869153705651e-05
6.91864366909511e-05
6.91859580179607e-05
6.91854793515937e-05
6.918500069185e-05
6.91845220387295e-05
6.9184043392232e-05
6.91835647523574e-05
6.91830861191056e-05
6.91826074924764e-05
6.91821288724697e-05
6.91816502590853e-05
6.91811716523231e-05
6.9180693052183e-05
6.91802144586648e-05
6.91797358717684e-05
6.91792572914937e-05
6.91787787178405e-05
6.91783001508087e-05
6.91778215903981e-05
6.91773430366086e-05
6.91768644894401e-05
6.91763859488925e-05
6.91759074149655e-05
6.91754288876591e-05
6.91749503669731e-05
6.91744718529074e-05
6.91739933454618e-05
6.91735148446363e-05
6.91730363504306e-05
6.91725578628447e-05
6.91720793818783e-05
6.91716009075314e-05
6.91711224398038e-05
6.91706439786954e-05
6.91701655242061e-05
6.91696870763357e-05
6.9169208635084e-05
6.9168730200451e-05
6.91682517724364e-05
6.91677733510403e-05
6.91672949362623e-05
6.91668165281025e-05
6.91663381265606e-05
6.91658597316365e-05
6.916538134333e-05
6.91649029616411e-05
6.91644245865697e-05
6.91639462181154e-05
6.91634678562783e-05
6.91629895010582e-05
6.91625111524549e-05
6.91620328104684e-05
6.91615544750984e-05
6.91610761463448e-05
6.91605978242076e-05
6.91601195086865e-05
6.91596411997815e-05
6.91591628974923e-05
6.91586846018189e-05
6.91582063127611e-05
6.91577280303187e-05
6.91572497544918e-05
6.915677148528e-05
6.91562932226833e-05
6.91558149667015e-05
6.91553367173345e-05
6.91548584745821e-05
6.91543802384443e-05
6.91539020089209e-05
6.91534237860116e-05
6.91529455697165e-05
6.91524673600354e-05
6.91519891569681e-05
6.91515109605145e-05
6.91510327706744e-05
6.91505545874478e-05
6.91500764108344e-05
6.91495982408342e-05
6.9149120077447e-05
6.91486419206727e-05
6.91481637705111e-05
6.91476856269621e-05
6.91472074900255e-05
6.91467293597013e-05
6.91462512359892e-05
6.91457731188892e-05
6.91452950084011e-05
6.91448169045248e-05
6.91443388072602e-05
6.9143860716607e-05
6.91433826325651e-05
6.91429045551346e-05
6.9142426484315e-05
6.91419484201065e-05
6.91414703625087e-05
6.91409923115217e-05
6.91405142671451e-05
6.9140036229379e-05
6.91395581982231e-05
6.91390801736774e-05
6.91386021557416e-05
6.91381241444157e-05
6.91376461396995e-05
6.91371681415929e-05
6.91366901500958e-05
6.91362121652079e-05
6.91357341869292e-05
6.91352562152595e-05
6.91347782501988e-05
6.91343002917467e-05
6.91338223399034e-05
6.91333443946684e-05
6.91328664560419e-05
6.91323885240235e-05
6.91319105986132e-05
6.91314326798109e-05
6.91309547676163e-05
6.91304768620294e-05
6.912999896305e-05
6.9129521070678e-05
6.91290431849133e-05
6.91285653057556e-05
6.9128087433205e-05
6.91276095672612e-05
6.9127131707924e-05
6.91266538551935e-05
6.91261760090694e-05
6.91256981695515e-05
6.91252203366398e-05
6.91247425103342e-05
6.91242646906344e-05
6.91237868775403e-05
6.91233090710519e-05
6.91228312711689e-05
6.91223534778912e-05
6.91218756912188e-05
6.91213979111514e-05
6.91209201376889e-05
6.91204423708312e-05
6.91199646105781e-05
6.91194868569296e-05
6.91190091098854e-05
6.91185313694455e-05
6.91180536356096e-05
6.91175759083777e-05
6.91170981877497e-05
6.91166204737253e-05
6.91161427663045e-05
6.91156650654871e-05
6.9115187371273e-05
6.9114709683662e-05
6.9114232002654e-05
6.91137543282489e-05
6.91132766604465e-05
6.91127989992467e-05
6.91123213446493e-05
6.91118436966543e-05
6.91113660552614e-05
6.91108884204706e-05
6.91104107922817e-05
6.91099331706946e-05
6.91094555557091e-05
6.91089779473251e-05
6.91085003455425e-05
6.91080227503611e-05
6.91075451617808e-05
6.91070675798014e-05
6.91065900044228e-05
6.91061124356449e-05
6.91056348734676e-05
6.91051573178906e-05
6.91046797689139e-05
6.91042022265374e-05
6.91037246907608e-05
6.91032471615841e-05
6.91027696390071e-05
6.91022921230297e-05
6.91018146136517e-05
6.91013371108731e-05
6.91008596146936e-05
6.91003821251132e-05
6.90999046421316e-05
6.90994271657488e-05
6.90989496959646e-05
6.90984722327789e-05
6.90979947761916e-05
6.90975173262025e-05
6.90970398828114e-05
6.90965624460183e-05
6.9096085015823e-05
6.90956075922254e-05
6.90951301752253e-05
6.90946527648225e-05
6.90941753610171e-05
6.90936979638087e-05
6.90932205731974e-05
6.90927431891828e-05
6.9092265811765e-05
6.90917884409438e-05
6.9091311076719e-05
6.90908337190905e-05
6.90903563680581e-05
6.90898790236218e-05
6.90894016857814e-05
6.90889243545367e-05
6.90884470298877e-05
6.90879697118341e-05
6.90874924003758e-05
6.90870150955128e-05
6.90865377972448e-05
6.90860605055718e-05
6.90855832204936e-05
6.908510594201e-05
6.90846286701209e-05
6.90841514048262e-05
6.90836741461258e-05
6.90831968940195e-05
6.90827196485071e-05
6.90822424095886e-05
6.90817651772638e-05
6.90812879515326e-05
6.90808107323948e-05
6.90803335198502e-05
6.90798563138989e-05
6.90793791145405e-05
6.9078901921775e-05
6.90784247356023e-05
6.90779475560222e-05
6.90774703830346e-05
6.90769932166393e-05
6.90765160568362e-05
6.90760389036251e-05
6.9075561757006e-05
6.90750846169787e-05
6.9074607483543e-05
6.90741303566988e-05
6.9073653236446e-05
6.90731761227845e-05
6.9072699015714e-05
6.90722219152346e-05
6.90717448213459e-05
6.9071267734048e-05
6.90707906533406e-05
6.90703135792237e-05
6.9069836511697e-05
6.90693594507605e-05
6.90688823964139e-05
6.90684053486573e-05
6.90679283074904e-05
6.90674512729131e-05
6.90669742449253e-05
6.90664972235268e-05
6.90660202087175e-05
6.90655432004973e-05
6.90650661988659e-05
6.90645892038234e-05
6.90641122153695e-05
6.90636352335042e-05
6.90631582582271e-05
6.90626812895384e-05
6.90622043274377e-05
6.9061727371925e-05
6.90612504230002e-05
6.9060773480663e-05
6.90602965449134e-05
6.90598196157512e-05
6.90593426931762e-05
6.90588657771885e-05
6.90583888677877e-05
6.90579119649738e-05
6.90574350687467e-05
6.90569581791061e-05
6.9056481296052e-05
6.90560044195843e-05
6.90555275497027e-05
6.90550506864072e-05
6.90545738296976e-05
6.90540969795738e-05
6.90536201360356e-05
6.9053143299083e-05
6.90526664687157e-05
6.90521896449336e-05
6.90517128277367e-05
6.90512360171247e-05
6.90507592130976e-05
6.90502824156551e-05
6.90498056247972e-05
6.90493288405237e-05
6.90488520628345e-05
6.90483752917294e-05
6.90478985272083e-05
6.90474217692711e-05
6.90469450179177e-05
6.90464682731478e-05
6.90459915349614e-05
6.90455148033584e-05
6.90450380783385e-05
6.90445613599017e-05
6.90440846480478e-05
6.90436079427767e-05
6.90431312440882e-05
6.90426545519822e-05
6.90421778664586e-05
6.90417011875173e-05
6.9041224515158e-05
6.90407478493807e-05
6.90402711901852e-05
6.90397945375715e-05
6.90393178915392e-05
6.90388412520884e-05
6.90383646192189e-05
6.90378879929305e-05
6.90374113732231e-05
6.90369347600966e-05
6.90364581535509e-05
6.90359815535857e-05
6.9035504960201e-05
6.90350283733967e-05
6.90345517931725e-05
6.90340752195284e-05
6.90335986524642e-05
6.90331220919797e-05
6.9032645538075e-05
6.90321689907497e-05
6.90316924500038e-05
6.90312159158371e-05
6.90307393882496e-05
6.9030262867241e-05
6.90297863528112e-05
6.90293098449602e-05
6.90288333436877e-05
6.90283568489936e-05
6.90278803608778e-05
6.90274038793401e-05
6.90269274043804e-05
6.90264509359987e-05
6.90259744741946e-05
6.90254980189682e-05
6.90250215703192e-05
6.90245451282476e-05
6.90240686927532e-05
6.90235922638358e-05
6.90231158414953e-05
6.90226394257316e-05
6.90221630165446e-05
6.90216866139341e-05
6.90212102179e-05
6.90207338284421e-05
6.90202574455603e-05
6.90197810692545e-05
6.90193046995245e-05
6.90188283363702e-05
6.90183519797914e-05
6.90178756297881e-05
6.90173992863601e-05
6.90169229495072e-05
6.90164466192294e-05
6.90159702955264e-05
6.90154939783981e-05
6.90150176678445e-05
6.90145413638654e-05
6.90140650664605e-05
6.90135887756299e-05
6.90131124913734e-05
6.90126362136907e-05
6.90121599425819e-05
6.90116836780467e-05
6.9011207420085e-05
6.90107311686967e-05
6.90102549238817e-05
6.90097786856398e-05
6.90093024539708e-05
6.90088262288747e-05
6.90083500103513e-05
6.90078737984004e-05
6.9007397593022e-05
6.90069213942158e-05
6.90064452019819e-05
6.90059690163199e-05
6.90054928372298e-05
6.90050166647115e-05
6.90045404987648e-05
6.90040643393896e-05
6.90035881865857e-05
6.9003112040353e-05
6.90026359006914e-05
6.90021597676007e-05
6.90016836410808e-05
6.90012075211316e-05
6.90007314077529e-05
6.90002553009446e-05
6.89997792007066e-05
6.89993031070386e-05
6.89988270199407e-05
6.89983509394125e-05
6.89978748654541e-05
6.89973987980653e-05
6.89969227372459e-05
6.89964466829958e-05
6.89959706353149e-05
6.8995494594203e-05
6.899501855966e-05
6.89945425316857e-05
6.89940665102801e-05
6.8993590495443e-05
6.89931144871742e-05
6.89926384854736e-05
6.89921624903411e-05
6.89916865017765e-05
6.89912105197798e-05
6.89907345443507e-05
6.89902585754891e-05
6.8989782613195e-05
6.89893066574681e-05
6.89888307083083e-05
6.89883547657155e-05
6.89878788296896e-05
6.89874029002304e-05
6.89869269773378e-05
6.89864510610116e-05
6.89859751512517e-05
6.89854992480581e-05
6.89850233514304e-05
6.89845474613687e-05
6.89840715778727e-05
6.89835957009423e-05
6.89831198305775e-05
6.8982643966778e-05
6.89821681095437e-05
6.89816922588745e-05
6.89812164147703e-05
6.89807405772308e-05
6.89802647462561e-05
6.89797889218459e-05
6.89793131040001e-05
6.89788372927186e-05
6.89783614880012e-05
6.89778856898478e-05
6.89774098982583e-05
6.89769341132325e-05
6.89764583347703e-05
6.89759825628716e-05
6.89755067975362e-05
6.8975031038764e-05
6.89745552865548e-05
6.89740795409085e-05
6.8973603801825e-05
6.89731280693042e-05
6.89726523433459e-05
6.89721766239499e-05
6.89717009111162e-05
6.89712252048445e-05
6.89707495051349e-05
6.8970273811987e-05
6.89697981254009e-05
6.89693224453763e-05
6.89688467719131e-05
6.89683711050112e-05
6.89678954446705e-05
6.89674197908908e-05
6.89669441436719e-05
6.89664685030138e-05
6.89659928689163e-05
6.89655172413793e-05
6.89650416204026e-05
6.89645660059861e-05
6.89640903981297e-05
6.89636147968332e-05
6.89631392020965e-05
6.89626636139194e-05
6.89621880323019e-05
6.89617124572437e-05
6.89612368887448e-05
6.8960761326805e-05
6.89602857714242e-05
6.89598102226023e-05
6.8959334680339e-05
6.89588591446343e-05
6.8958383615488e-05
6.89579080929001e-05
6.89574325768703e-05
6.89569570673985e-05
6.89564815644847e-05
6.89560060681285e-05
6.895553057833e-05
6.8955055095089e-05
6.89545796184054e-05
6.89541041482789e-05
6.89536286847095e-05
6.89531532276971e-05
6.89526777772415e-05
6.89522023333425e-05
6.89517268960001e-05
6.89512514652141e-05
6.89507760409843e-05
6.89503006233107e-05
6.89498252121931e-05
6.89493498076313e-05
6.89488744096253e-05
6.89483990181748e-05
6.89479236332798e-05
6.89474482549401e-05
6.89469728831556e-05
6.89464975179261e-05
6.89460221592515e-05
6.89455468071317e-05
6.89450714615666e-05
6.89445961225559e-05
6.89441207900996e-05
6.89436454641976e-05
6.89431701448496e-05
6.89426948320556e-05
6.89422195258154e-05
6.89417442261289e-05
6.8941268932996e-05
6.89407936464165e-05
6.89403183663902e-05
6.89398430929171e-05
6.8939367825997e-05
6.89388925656298e-05
6.89384173118153e-05
6.89379420645535e-05
6.89374668238441e-05
6.8936991589687e-05
6.89365163620822e-05
6.89360411410294e-05
6.89355659265285e-05
6.89350907185794e-05
6.8934615517182e-05
6.8934140322336e-05
6.89336651340415e-05
6.89331899522982e-05
6.89327147771061e-05
6.89322396084649e-05
6.89317644463745e-05
6.89312892908349e-05
6.89308141418458e-05
6.89303389994072e-05
6.89298638635189e-05
6.89293887341807e-05
6.89289136113926e-05
6.89284384951543e-05
6.89279633854658e-05
6.8927488282327e-05
6.89270131857376e-05
6.89265380956976e-05
6.89260630122068e-05
6.89255879352651e-05
6.89251128648723e-05
6.89246378010284e-05
6.89241627437331e-05
6.89236876929863e-05
6.8923212648788e-05
6.89227376111379e-05
6.8922262580036e-05
6.8921787555482e-05
6.8921312537476e-05
6.89208375260176e-05
6.89203625211069e-05
6.89198875227436e-05
6.89194125309276e-05
6.89189375456588e-05
6.89184625669371e-05
6.89179875947622e-05
6.89175126291342e-05
6.89170376700528e-05
6.89165627175179e-05
6.89160877715294e-05
6.89156128320871e-05
6.89151378991909e-05
6.89146629728407e-05
6.89141880530364e-05
6.89137131397777e-05
6.89132382330646e-05
6.89127633328969e-05
6.89122884392745e-05
6.89118135521973e-05
6.8911338671665e-05
6.89108637976777e-05
6.89103889302351e-05
6.89099140693372e-05
6.89094392149837e-05
6.89089643671745e-05
6.89084895259096e-05
6.89080146911887e-05
6.89075398630118e-05
6.89070650413787e-05
6.89065902262892e-05
6.89061154177433e-05
6.89056406157408e-05
6.89051658202815e-05
6.89046910313654e-05
6.89042162489923e-05
6.8903741473162e-05
6.89032667038744e-05
6.89027919411295e-05
6.89023171849269e-05
6.89018424352667e-05
6.89013676921487e-05
6.89008929555727e-05
6.89004182255386e-05
6.88999435020463e-05
6.88994687850957e-05
6.88989940746865e-05
6.88985193708187e-05
6.88980446734922e-05
6.88975699827067e-05
6.88970952984622e-05
6.88966206207585e-05
6.88961459495956e-05
6.88956712849732e-05
6.88951966268912e-05
6.88947219753495e-05
6.88942473303479e-05
6.88937726918864e-05
6.88932980599647e-05
6.88928234345828e-05
6.88923488157405e-05
6.88918742034377e-05
6.88913995976742e-05
6.889092499845e-05
6.88904504057648e-05
6.88899758196185e-05
6.8889501240011e-05
6.88890266669422e-05
6.8888552100412e-05
6.88880775404201e-05
6.88876029869665e-05
6.8887128440051e-05
6.88866538996735e-05
6.88861793658338e-05
6.88857048385319e-05
6.88852303177676e-05
6.88847558035407e-05
6.88842812958511e-05
6.88838067946987e-05
6.88833323000833e-05
6.88828578120049e-05
6.88823833304632e-05
6.88819088554582e-05
6.88814343869897e-05
6.88809599250575e-05
6.88804854696616e-05
6.88800110208018e-05
6.88795365784779e-05
6.88790621426899e-05
6.88785877134375e-05
6.88781132907207e-05
6.88776388745394e-05
6.88771644648933e-05
6.88766900617824e-05
6.88762156652065e-05
6.88757412751655e-05
6.88752668916592e-05
6.88747925146875e-05
6.88743181442504e-05
6.88738437803475e-05
6.88733694229789e-05
6.88728950721444e-05
6.88724207278437e-05
6.88719463900769e-05
6.88714720588438e-05
6.88709977341442e-05
6.8870523415978e-05
6.8870049104345e-05
6.88695747992452e-05
6.88691005006784e-05
6.88686262086444e-05
6.88681519231431e-05
6.88676776441745e-05
6.88672033717383e-05
6.88667291058344e-05
6.88662548464627e-05
6.8865780593623e-05
6.88653063473153e-05
6.88648321075393e-05
6.8864357874295e-05
6.88638836475822e-05
6.88634094274007e-05
6.88629352137505e-05
6.88624610066315e-05
6.88619868060433e-05
6.8861512611986e-05
6.88610384244594e-05
6.88605642434634e-05
6.88600900689978e-05
6.88596159010625e-05
6.88591417396574e-05
6.88586675847822e-05
6.8858193436437e-05
6.88577192946215e-05
6.88572451593357e-05
6.88567710305793e-05
6.88562969083523e-05
6.88558227926545e-05
6.88553486834857e-05
6.8854874580846e-05
6.8854400484735e-05
6.88539263951527e-05
6.88534523120989e-05
6.88529782355736e-05
6.88525041655765e-05
6.88520301021076e-05
6.88515560451666e-05
6.88510819947536e-05
6.88506079508682e-05
6.88501339135105e-05
6.88496598826802e-05
6.88491858583772e-05
6.88487118406015e-05
6.88482378293528e-05
6.8847763824631e-05
6.8847289826436e-05
6.88468158347676e-05
6.88463418496258e-05
6.88458678710104e-05
6.88453938989212e-05
6.88449199333581e-05
6.8844445974321e-05
6.88439720218098e-05
6.88434980758242e-05
6.88430241363643e-05
6.88425502034297e-05
6.88420762770205e-05
6.88416023571365e-05
6.88411284437775e-05
6.88406545369433e-05
6.8840180636634e-05
6.88397067428493e-05
6.88392328555891e-05
6.88387589748532e-05
6.88382851006416e-05
6.8837811232954e-05
6.88373373717905e-05
6.88368635171507e-05
6.88363896690346e-05
6.88359158274421e-05
6.8835441992373e-05
6.88349681638272e-05
6.88344943418046e-05
6.88340205263049e-05
6.88335467173282e-05
6.88330729148741e-05
6.88325991189427e-05
6.88321253295338e-05
6.88316515466472e-05
6.88311777702828e-05
6.88307040004405e-05
6.88302302371201e-05
6.88297564803216e-05
6.88292827300447e-05
6.88288089862893e-05
6.88283352490553e-05
6.88278615183426e-05
6.8827387794151e-05
6.88269140764805e-05
6.88264403653307e-05
6.88259666607018e-05
6.88254929625933e-05
6.88250192710054e-05
6.88245455859378e-05
6.88240719073903e-05
6.88235982353629e-05
6.88231245698555e-05
6.88226509108678e-05
6.88221772583997e-05
6.88217036124512e-05
6.88212299730221e-05
6.88207563401122e-05
6.88202827137214e-05
6.88198090938496e-05
6.88193354804966e-05
6.88188618736623e-05
6.88183882733466e-05
6.88179146795494e-05
6.88174410922704e-05
6.88169675115096e-05
6.88164939372669e-05
6.8816020369542e-05
6.88155468083349e-05
6.88150732536455e-05
6.88145997054735e-05
6.88141261638189e-05
6.88136526286815e-05
6.88131791000612e-05
6.88127055779579e-05
6.88122320623714e-05
6.88117585533016e-05
6.88112850507483e-05
6.88108115547115e-05
6.88103380651909e-05
6.88098645821865e-05
6.88093911056981e-05
6.88089176357256e-05
6.88084441722688e-05
6.88079707153277e-05
6.8807497264902e-05
6.88070238209916e-05
6.88065503835965e-05
6.88060769527165e-05
6.88056035283513e-05
6.8805130110501e-05
6.88046566991654e-05
6.88041832943443e-05
6.88037098960376e-05
6.88032365042452e-05
6.88027631189669e-05
6.88022897402026e-05
6.88018163679521e-05
6.88013430022154e-05
6.88008696429923e-05
6.88003962902826e-05
6.87999229440863e-05
6.87994496044032e-05
6.87989762712331e-05
6.87985029445759e-05
6.87980296244316e-05
6.87975563107998e-05
6.87970830036806e-05
6.87966097030738e-05
6.87961364089793e-05
6.87956631213968e-05
6.87951898403264e-05
6.87947165657677e-05
6.87942432977208e-05
6.87937700361855e-05
6.87932967811616e-05
6.87928235326491e-05
6.87923502906477e-05
6.87918770551573e-05
6.87914038261779e-05
6.87909306037092e-05
6.87904573877512e-05
6.87899841783036e-05
6.87895109753665e-05
6.87890377789395e-05
6.87885645890227e-05
6.87880914056159e-05
6.87876182287188e-05
6.87871450583315e-05
6.87866718944537e-05
6.87861987370854e-05
6.87857255862263e-05
6.87852524418765e-05
6.87847793040356e-05
6.87843061727036e-05
6.87838330478804e-05
6.87833599295658e-05
6.87828868177597e-05
6.8782413712462e-05
6.87819406136725e-05
6.8781467521391e-05
6.87809944356176e-05
6.87805213563519e-05
6.87800482835939e-05
6.87795752173435e-05
6.87791021576004e-05
6.87786291043647e-05
6.87781560576361e-05
6.87776830174145e-05
6.87772099836998e-05
6.87767369564918e-05
6.87762639357905e-05
6.87757909215956e-05
6.87753179139071e-05
6.87748449127247e-05
6.87743719180485e-05
6.87738989298781e-05
6.87734259482136e-05
6.87729529730548e-05
6.87724800044014e-05
6.87720070422535e-05
6.87715340866109e-05
6.87710611374733e-05
6.87705881948408e-05
6.87701152587132e-05
6.87696423290902e-05
6.87691694059719e-05
6.8768696489358e-05
6.87682235792485e-05
6.87677506756431e-05
6.87672777785419e-05
6.87668048879445e-05
6.87663320038509e-05
6.8765859126261e-05
6.87653862551746e-05
6.87649133905916e-05
6.87644405325118e-05
6.87639676809352e-05
6.87634948358615e-05
6.87630219972907e-05
6.87625491652227e-05
6.87620763396571e-05
6.87616035205941e-05
6.87611307080334e-05
6.87606579019748e-05
6.87601851024183e-05
6.87597123093637e-05
6.87592395228109e-05
6.87587667427597e-05
6.875829396921e-05
6.87578212021618e-05
6.87573484416147e-05
6.87568756875688e-05
6.87564029400238e-05
6.87559301989797e-05
6.87554574644362e-05
6.87549847363934e-05
6.8754512014851e-05
6.87540392998089e-05
6.87535665912669e-05
6.8753093889225e-05
6.8752621193683e-05
6.87521485046408e-05
6.87516758220982e-05
6.87512031460551e-05
6.87507304765113e-05
6.87502578134668e-05
6.87497851569214e-05
6.87493125068749e-05
6.87488398633273e-05
6.87483672262784e-05
6.8747894595728e-05
6.87474219716761e-05
6.87469493541224e-05
6.87464767430669e-05
6.87460041385094e-05
6.87455315404499e-05
6.87450589488881e-05
6.87445863638238e-05
6.87441137852571e-05
6.87436412131878e-05
6.87431686476156e-05
6.87426960885406e-05
6.87422235359625e-05
6.87417509898812e-05
6.87412784502966e-05
6.87408059172086e-05
6.87403333906169e-05
6.87398608705216e-05
6.87393883569224e-05
6.87389158498192e-05
6.87384433492119e-05
6.87379708551004e-05
6.87374983674844e-05
6.8737025886364e-05
6.87365534117388e-05
6.87360809436089e-05
6.87356084819741e-05
6.87351360268342e-05
6.87346635781891e-05
6.87341911360387e-05
6.87337187003829e-05
6.87332462712214e-05
6.87327738485542e-05
6.87323014323812e-05
6.87318290227021e-05
6.8731356619517e-05
6.87308842228255e-05
6.87304118326277e-05
6.87299394489233e-05
6.87294670717123e-05
6.87289947009945e-05
6.87285223367698e-05
6.87280499790379e-05
6.87275776277989e-05
6.87271052830526e-05
6.87266329447988e-05
6.87261606130373e-05
6.87256882877682e-05
6.87252159689912e-05
6.87247436567062e-05
6.8724271350913e-05
6.87237990516116e-05
6.87233267588017e-05
6.87228544724834e-05
6.87223821926563e-05
6.87219099193205e-05
6.87214376524757e-05
6.87209653921218e-05
6.87204931382588e-05
6.87200208908863e-05
6.87195486500045e-05
6.8719076415613e-05
6.87186041877117e-05
6.87181319663006e-05
6.87176597513795e-05
6.87171875429482e-05
6.87167153410067e-05
6.87162431455547e-05
6.87157709565922e-05
6.87152987741191e-05
6.87148265981351e-05
6.87143544286401e-05
6.87138822656341e-05
6.87134101091169e-05
6.87129379590883e-05
6.87124658155483e-05
6.87119936784966e-05
6.87115215479332e-05
6.87110494238579e-05
6.87105773062705e-05
6.87101051951711e-05
6.87096330905593e-05
6.87091609924351e-05
6.87086889007984e-05
6.8708216815649e-05
6.87077447369868e-05
6.87072726648116e-05
6.87068005991233e-05
6.87063285399218e-05
6.8705856487207e-05
6.87053844409786e-05
6.87049124012367e-05
6.8704440367981e-05
6.87039683412114e-05
6.87034963209278e-05
6.870302430713e-05
6.87025522998179e-05
6.87020802989914e-05
6.87016083046504e-05
6.87011363167947e-05
6.87006643354241e-05
6.87001923605386e-05
6.8699720392138e-05
6.86992484302222e-05
6.8698776474791e-05
6.86983045258443e-05
6.8697832583382e-05
6.86973606474039e-05
6.869688871791e-05
6.86964167949e-05
6.86959448783738e-05
6.86954729683314e-05
6.86950010647725e-05
6.86945291676971e-05
6.8694057277105e-05
6.8693585392996e-05
6.86931135153701e-05
6.86926416442271e-05
6.86921697795668e-05
6.86916979213892e-05
6.86912260696941e-05
6.86907542244814e-05
6.86902823857509e-05
6.86898105535025e-05
6.86893387277361e-05
6.86888669084515e-05
6.86883950956486e-05
6.86879232893273e-05
6.86874514894874e-05
6.86869796961288e-05
6.86865079092514e-05
6.8686036128855e-05
6.86855643549395e-05
6.86850925875048e-05
6.86846208265507e-05
6.86841490720771e-05
6.86836773240839e-05
6.8683205582571e-05
6.86827338475381e-05
6.86822621189851e-05
6.86817903969121e-05
6.86813186813187e-05
6.86808469722049e-05
6.86803752695705e-05
6.86799035734154e-05
6.86794318837395e-05
6.86789602005426e-05
6.86784885238246e-05
6.86780168535853e-05
6.86775451898247e-05
6.86770735325426e-05
6.86766018817389e-05
6.86761302374134e-05
6.8675658599566e-05
6.86751869681965e-05
6.86747153433049e-05
6.8674243724891e-05
6.86737721129546e-05
6.86733005074957e-05
6.86728289085141e-05
6.86723573160096e-05
6.86718857299821e-05
6.86714141504316e-05
6.86709425773578e-05
6.86704710107607e-05
6.866999945064e-05
6.86695278969957e-05
6.86690563498276e-05
6.86685848091357e-05
6.86681132749197e-05
6.86676417471795e-05
6.8667170225915e-05
6.86666987111261e-05
6.86662272028126e-05
6.86657557009744e-05
6.86652842056113e-05
6.86648127167233e-05
6.86643412343102e-05
6.86638697583718e-05
6.86633982889081e-05
6.86629268259189e-05
6.8662455369404e-05
6.86619839193634e-05
6.86615124757968e-05
6.86610410387042e-05
6.86605696080855e-05
6.86600981839404e-05
6.86596267662689e-05
6.86591553550708e-05
6.8658683950346e-05
6.86582125520944e-05
6.86577411603158e-05
6.86572697750101e-05
6.86567983961772e-05
6.86563270238169e-05
6.86558556579291e-05
6.86553842985136e-05
6.86549129455704e-05
6.86544415990993e-05
6.86539702591001e-05
6.86534989255727e-05
6.86530275985171e-05
6.8652556277933e-05
6.86520849638204e-05
6.8651613656179e-05
6.86511423550088e-05
6.86506710603096e-05
6.86501997720813e-05
6.86497284903238e-05
6.86492572150369e-05
6.86487859462205e-05
6.86483146838745e-05
6.86478434279987e-05
6.8647372178593e-05
6.86469009356573e-05
6.86464296991913e-05
6.86459584691951e-05
6.86454872456685e-05
6.86450160286112e-05
6.86445448180233e-05
6.86440736139045e-05
6.86436024162548e-05
6.8643131225074e-05
6.86426600403619e-05
6.86421888621184e-05
6.86417176903435e-05
6.86412465250369e-05
6.86407753661985e-05
6.86403042138283e-05
6.8639833067926e-05
6.86393619284915e-05
6.86388907955247e-05
6.86384196690255e-05
6.86379485489938e-05
6.86374774354293e-05
6.8637006328332e-05
6.86365352277017e-05
6.86360641335383e-05
6.86355930458417e-05
6.86351219646117e-05
6.86346508898483e-05
6.86341798215511e-05
6.86337087597202e-05
6.86332377043555e-05
6.86327666554567e-05
6.86322956130237e-05
6.86318245770564e-05
6.86313535475547e-05
6.86308825245184e-05
6.86304115079474e-05
6.86299404978416e-05
6.86294694942008e-05
6.86289984970249e-05
6.86285275063138e-05
6.86280565220673e-05
6.86275855442854e-05
6.86271145729678e-05
6.86266436081144e-05
6.86261726497252e-05
6.86257016977999e-05
6.86252307523384e-05
6.86247598133406e-05
6.86242888808065e-05
6.86238179547357e-05
6.86233470351283e-05
6.8622876121984e-05
6.86224052153028e-05
6.86219343150845e-05
6.86214634213289e-05
6.8620992534036e-05
6.86205216532056e-05
6.86200507788376e-05
6.86195799109318e-05
6.86191090494881e-05
6.86186381945064e-05
6.86181673459865e-05
6.86176965039284e-05
6.86172256683318e-05
6.86167548391966e-05
6.86162840165228e-05
6.86158132003101e-05
6.86153423905585e-05
6.86148715872678e-05
6.86144007904379e-05
6.86139300000686e-05
6.86134592161598e-05
6.86129884387115e-05
6.86125176677233e-05
6.86120469031953e-05
6.86115761451272e-05
6.8611105393519e-05
6.86106346483705e-05
6.86101639096816e-05
6.86096931774521e-05
6.8609222451682e-05
6.8608751732371e-05
6.86082810195191e-05
6.8607810313126e-05
6.86073396131918e-05
6.86068689197162e-05
6.86063982326992e-05
6.86059275521405e-05
6.86054568780401e-05
6.86049862103978e-05
6.86045155492135e-05
6.8604044894487e-05
6.86035742462182e-05
6.86031036044071e-05
6.86026329690534e-05
6.8602162340157e-05
6.86016917177178e-05
6.86012211017356e-05
6.86007504922104e-05
6.86002798891419e-05
6.85998092925302e-05
6.85993387023749e-05
6.8598868118676e-05
6.85983975414334e-05
6.8597926970647e-05
6.85974564063164e-05
6.85969858484418e-05
6.85965152970229e-05
6.85960447520596e-05
6.85955742135517e-05
6.85951036814992e-05
6.85946331559019e-05
6.85941626367596e-05
6.85936921240723e-05
6.85932216178397e-05
6.85927511180618e-05
6.85922806247385e-05
6.85918101378695e-05
6.85913396574549e-05
6.85908691834943e-05
6.85903987159877e-05
6.85899282549351e-05
6.85894578003361e-05
6.85889873521907e-05
6.85885169104988e-05
6.85880464752603e-05
6.85875760464749e-05
6.85871056241427e-05
6.85866352082633e-05
6.85861647988368e-05
6.85856943958629e-05
6.85852239993416e-05
6.85847536092727e-05
6.8584283225656e-05
6.85838128484915e-05
6.8583342477779e-05
6.85828721135184e-05
6.85824017557095e-05
6.85819314043522e-05
6.85814610594464e-05
6.85809907209919e-05
6.85805203889887e-05
6.85800500634365e-05
6.85795797443353e-05
6.85791094316849e-05
6.85786391254852e-05
6.8578168825736e-05
6.85776985324372e-05
6.85772282455888e-05
6.85767579651904e-05
6.85762876912421e-05
6.85758174237437e-05
6.8575347162695e-05
6.8574876908096e-05
6.85744066599464e-05
6.85739364182461e-05
6.85734661829952e-05
6.85729959541932e-05
6.85725257318403e-05
6.85720555159361e-05
6.85715853064807e-05
6.85711151034738e-05
6.85706449069153e-05
6.85701747168052e-05
6.85697045331432e-05
6.85692343559292e-05
6.85687641851631e-05
6.85682940208448e-05
6.85678238629741e-05
6.85673537115509e-05
6.8566883566575e-05
6.85664134280464e-05
6.85659432959649e-05
6.85654731703303e-05
6.85650030511426e-05
6.85645329384016e-05
6.85640628321072e-05
6.85635927322592e-05
6.85631226388575e-05
6.85626525519019e-05
6.85621824713924e-05
6.85617123973288e-05
6.8561242329711e-05
6.85607722685388e-05
6.85603022138122e-05
6.85598321655309e-05
6.85593621236948e-05
6.85588920883039e-05
6.85584220593579e-05
6.85579520368568e-05
6.85574820208003e-05
6.85570120111885e-05
6.85565420080211e-05
6.8556072011298e-05
6.85556020210191e-05
6.85551320371843e-05
6.85546620597934e-05
6.85541920888462e-05
6.85537221243427e-05
6.85532521662828e-05
6.85527822146662e-05
6.85523122694928e-05
6.85518423307626e-05
6.85513723984754e-05
6.8550902472631e-05
6.85504325532294e-05
6.85499626402704e-05
6.85494927337538e-05
6.85490228336795e-05
6.85485529400474e-05
6.85480830528574e-05
6.85476131721094e-05
6.85471432978031e-05
6.85466734299384e-05
6.85462035685154e-05
6.85457337135337e-05
6.85452638649933e-05
6.8544794022894e-05
6.85443241872357e-05
6.85438543580183e-05
6.85433845352416e-05
6.85429147189055e-05
6.85424449090099e-05
6.85419751055546e-05
6.85415053085396e-05
6.85410355179646e-05
6.85405657338296e-05
6.85400959561343e-05
6.85396261848788e-05
6.85391564200628e-05
6.85386866616862e-05
6.85382169097489e-05
6.85377471642507e-05
6.85372774251916e-05
6.85368076925713e-05
6.85363379663898e-05
6.85358682466469e-05
6.85353985333425e-05
6.85349288264764e-05
6.85344591260486e-05
6.85339894320588e-05
6.8533519744507e-05
6.85330500633931e-05
6.85325803887168e-05
6.85321107204781e-05
6.85316410586768e-05
6.85311714033128e-05
6.8530701754386e-05
6.85302321118962e-05
6.85297624758433e-05
6.85292928462271e-05
6.85288232230476e-05
6.85283536063046e-05
6.8527883995998e-05
6.85274143921276e-05
6.85269447946933e-05
6.85264752036949e-05
6.85260056191325e-05
6.85255360410057e-05
6.85250664693145e-05
6.85245969040587e-05
6.85241273452383e-05
6.8523657792853e-05
6.85231882469027e-05
6.85227187073874e-05
6.85222491743069e-05
6.8521779647661e-05
6.85213101274496e-05
6.85208406136727e-05
6.85203711063299e-05
6.85199016054213e-05
6.85194321109467e-05
6.85189626229059e-05
6.85184931412988e-05
6.85180236661254e-05
6.85175541973854e-05
6.85170847350787e-05
6.85166152792052e-05
6.85161458297648e-05
6.85156763867573e-05
6.85152069501826e-05
6.85147375200406e-05
6.85142680963311e-05
6.8513798679054e-05
6.85133292682091e-05
6.85128598637964e-05
6.85123904658157e-05
6.85119210742669e-05
6.85114516891498e-05
6.85109823104644e-05
6.85105129382104e-05
6.85100435723877e-05
6.85095742129963e-05
6.85091048600359e-05
6.85086355135065e-05
6.85081661734079e-05
6.85076968397399e-05
6.85072275125026e-05
6.85067581916956e-05
6.85062888773189e-05
6.85058195693724e-05
6.85053502678559e-05
6.85048809727693e-05
6.85044116841125e-05
6.85039424018852e-05
6.85034731260875e-05
6.85030038567191e-05
6.850253459378e-05
6.85020653372699e-05
6.85015960871888e-05
6.85011268435366e-05
6.8500657606313e-05
6.8500188375518e-05
6.84997191511515e-05
6.84992499332132e-05
6.84987807217032e-05
6.84983115166211e-05
6.8497842317967e-05
6.84973731257406e-05
6.84969039399419e-05
6.84964347605707e-05
6.84959655876269e-05
6.84954964211103e-05
6.84950272610208e-05
6.84945581073584e-05
6.84940889601227e-05
6.84936198193138e-05
6.84931506849315e-05
6.84926815569756e-05
6.84922124354461e-05
6.84917433203427e-05
6.84912742116654e-05
6.84908051094141e-05
6.84903360135885e-05
6.84898669241886e-05
6.84893978412142e-05
6.84889287646652e-05
6.84884596945415e-05
6.84879906308429e-05
6.84875215735693e-05
6.84870525227206e-05
6.84865834782966e-05
6.84861144402972e-05
6.84856454087223e-05
6.84851763835718e-05
6.84847073648454e-05
6.84842383525432e-05
6.84837693466648e-05
6.84833003472103e-05
6.84828313541795e-05
6.84823623675722e-05
6.84818933873884e-05
6.84814244136278e-05
6.84809554462904e-05
6.8480486485376e-05
6.84800175308845e-05
6.84795485828157e-05
6.84790796411696e-05
6.8478610705946e-05
6.84781417771447e-05
6.84776728547657e-05
6.84772039388088e-05
6.84767350292738e-05
6.84762661261607e-05
6.84757972294692e-05
6.84753283391994e-05
6.8474859455351e-05
6.84743905779239e-05
6.84739217069179e-05
6.8473452842333e-05
6.84729839841691e-05
6.84725151324258e-05
6.84720462871033e-05
6.84715774482013e-05
6.84711086157196e-05
6.84706397896582e-05
6.84701709700169e-05
6.84697021567956e-05
6.84692333499942e-05
6.84687645496125e-05
6.84682957556503e-05
6.84678269681077e-05
6.84673581869844e-05
6.84668894122802e-05
6.84664206439952e-05
6.8465951882129e-05
6.84654831266817e-05
6.8465014377653e-05
6.84645456350429e-05
6.84640768988512e-05
6.84636081690777e-05
6.84631394457224e-05
6.84626707287851e-05
6.84622020182657e-05
6.84617333141641e-05
6.846126461648e-05
6.84607959252134e-05
6.84603272403642e-05
6.84598585619322e-05
6.84593898899173e-05
6.84589212243193e-05
6.84584525651382e-05
6.84579839123738e-05
6.84575152660259e-05
6.84570466260945e-05
6.84565779925793e-05
6.84561093654803e-05
6.84556407447974e-05
6.84551721305303e-05
6.8454703522679e-05
6.84542349212434e-05
6.84537663262233e-05
6.84532977376185e-05
6.8452829155429e-05
6.84523605796546e-05
6.84518920102952e-05
6.84514234473506e-05
6.84509548908207e-05
6.84504863407055e-05
6.84500177970046e-05
6.84495492597181e-05
6.84490807288458e-05
6.84486122043876e-05
6.84481436863432e-05
6.84476751747127e-05
6.84472066694958e-05
6.84467381706925e-05
6.84462696783025e-05
6.84458011923259e-05
6.84453327127623e-05
6.84448642396118e-05
6.84443957728741e-05
6.84439273125492e-05
6.84434588586369e-05
6.8442990411137e-05
6.84425219700495e-05
6.84420535353743e-05
6.84415851071111e-05
6.84411166852598e-05
6.84406482698204e-05
6.84401798607927e-05
6.84397114581765e-05
6.84392430619717e-05
6.84387746721783e-05
6.8438306288796e-05
6.84378379118247e-05
6.84373695412643e-05
6.84369011771147e-05
6.84364328193757e-05
6.84359644680472e-05
6.84354961231291e-05
6.84350277846213e-05
6.84345594525235e-05
6.84340911268357e-05
6.84336228075578e-05
6.84331544946896e-05
6.84326861882309e-05
6.84322178881818e-05
6.84317495945419e-05
6.84312813073112e-05
6.84308130264896e-05
6.84303447520769e-05
6.84298764840729e-05
6.84294082224777e-05
6.8428939967291e-05
6.84284717185126e-05
6.84280034761426e-05
6.84275352401807e-05
6.84270670106267e-05
6.84265987874807e-05
6.84261305707424e-05
6.84256623604116e-05
6.84251941564884e-05
6.84247259589725e-05
6.84242577678639e-05
6.84237895831623e-05
6.84233214048676e-05
6.84228532329798e-05
6.84223850674987e-05
6.84219169084241e-05
6.8421448755756e-05
6.84209806094941e-05
6.84205124696384e-05
6.84200443361887e-05
6.8419576209145e-05
6.8419108088507e-05
6.84186399742746e-05
6.84181718664477e-05
6.84177037650262e-05
6.841723567001e-05
6.84167675813988e-05
6.84162994991927e-05
6.84158314233914e-05
6.84153633539948e-05
6.84148952910028e-05
6.84144272344152e-05
6.8413959184232e-05
6.84134911404529e-05
6.84130231030779e-05
6.84125550721068e-05
6.84120870475396e-05
6.8411619029376e-05
6.84111510176159e-05
6.84106830122592e-05
6.84102150133058e-05
6.84097470207555e-05
6.84092790346083e-05
6.84088110548639e-05
6.84083430815222e-05
6.84078751145832e-05
6.84074071540466e-05
6.84069391999124e-05
6.84064712521805e-05
6.84060033108506e-05
6.84055353759226e-05
6.84050674473965e-05
6.84045995252721e-05
6.84041316095492e-05
6.84036637002278e-05
6.84031957973076e-05
6.84027279007887e-05
6.84022600106707e-05
6.84017921269537e-05
6.84013242496375e-05
6.84008563787219e-05
6.84003885142068e-05
6.8399920656092e-05
6.83994528043776e-05
6.83989849590632e-05
6.83985171201488e-05
6.83980492876343e-05
6.83975814615195e-05
6.83971136418043e-05
6.83966458284886e-05
6.83961780215722e-05
6.83957102210549e-05
6.83952424269368e-05
6.83947746392176e-05
6.83943068578971e-05
6.83938390829754e-05
6.83933713144522e-05
6.83929035523274e-05
6.83924357966009e-05
6.83919680472725e-05
6.83915003043422e-05
6.83910325678097e-05
6.8390564837675e-05
6.83900971139379e-05
6.83896293965983e-05
6.83891616856561e-05
6.8388693981111e-05
6.83882262829631e-05
6.83877585912122e-05
6.83872909058581e-05
6.83868232269006e-05
6.83863555543398e-05
6.83858878881754e-05
6.83854202284073e-05
6.83849525750354e-05
6.83844849280595e-05
6.83840172874796e-05
6.83835496532954e-05
6.83830820255069e-05
6.83826144041139e-05
6.83821467891163e-05
6.8381679180514e-05
6.83812115783067e-05
6.83807439824945e-05
6.83802763930772e-05
6.83798088100546e-05
6.83793412334266e-05
6.8378873663193e-05
6.83784060993538e-05
6.83779385419088e-05
6.83774709908579e-05
6.8377003446201e-05
6.83765359079378e-05
6.83760683760684e-05
6.83756008505925e-05
6.837513333151e-05
6.83746658188208e-05
6.83741983125248e-05
6.83737308126218e-05
6.83732633191117e-05
6.83727958319944e-05
6.83723283512697e-05
6.83718608769375e-05
6.83713934089977e-05
6.83709259474501e-05
6.83704584922947e-05
6.83699910435312e-05
6.83695236011595e-05
6.83690561651796e-05
6.83685887355913e-05
6.83681213123945e-05
6.83676538955889e-05
6.83671864851746e-05
6.83667190811513e-05
6.83662516835189e-05
6.83657842922774e-05
6.83653169074265e-05
6.83648495289662e-05
6.83643821568963e-05
6.83639147912166e-05
6.83634474319271e-05
6.83629800790276e-05
6.8362512732518e-05
6.83620453923981e-05
6.83615780586679e-05
6.83611107313272e-05
6.83606434103758e-05
6.83601760958136e-05
6.83597087876406e-05
6.83592414858565e-05
6.83587741904612e-05
6.83583069014547e-05
6.83578396188367e-05
6.83573723426072e-05
6.83569050727659e-05
6.83564378093129e-05
6.83559705522479e-05
6.83555033015708e-05
6.83550360572815e-05
6.83545688193799e-05
6.83541015878658e-05
6.83536343627391e-05
6.83531671439996e-05
6.83526999316473e-05
6.8352232725682e-05
6.83517655261035e-05
6.83512983329118e-05
6.83508311461067e-05
6.83503639656881e-05
6.83498967916558e-05
6.83494296240098e-05
6.83489624627498e-05
6.83484953078758e-05
6.83480281593876e-05
6.83475610172851e-05
6.83470938815682e-05
6.83466267522366e-05
6.83461596292904e-05
6.83456925127294e-05
6.83452254025534e-05
6.83447582987623e-05
6.8344291201356e-05
6.83438241103343e-05
6.83433570256971e-05
6.83428899474443e-05
6.83424228755758e-05
6.83419558100914e-05
6.83414887509909e-05
6.83410216982744e-05
6.83405546519415e-05
6.83400876119923e-05
6.83396205784265e-05
6.83391535512441e-05
6.83386865304449e-05
6.83382195160287e-05
6.83377525079955e-05
6.83372855063451e-05
6.83368185110774e-05
6.83363515221922e-05
6.83358845396895e-05
6.8335417563569e-05
6.83349505938307e-05
6.83344836304744e-05
6.83340166735001e-05
6.83335497229075e-05
6.83330827786965e-05
6.8332615840867e-05
6.83321489094189e-05
6.8331681984352e-05
6.83312150656663e-05
6.83307481533615e-05
6.83302812474376e-05
6.83298143478944e-05
6.83293474547318e-05
6.83288805679497e-05
6.83284136875478e-05
6.83279468135262e-05
6.83274799458846e-05
6.8327013084623e-05
6.83265462297412e-05
6.8326079381239e-05
6.83256125391164e-05
6.83251457033732e-05
6.83246788740093e-05
6.83242120510245e-05
6.83237452344188e-05
6.83232784241919e-05
6.83228116203438e-05
6.83223448228743e-05
6.83218780317833e-05
6.83214112470707e-05
6.83209444687363e-05
6.83204776967801e-05
6.83200109312018e-05
6.83195441720013e-05
6.83190774191785e-05
6.83186106727334e-05
6.83181439326656e-05
6.83176771989752e-05
6.8317210471662e-05
6.83167437507259e-05
6.83162770361666e-05
6.83158103279842e-05
6.83153436261784e-05
6.83148769307492e-05
6.83144102416964e-05
6.83139435590198e-05
6.83134768827194e-05
6.8313010212795e-05
6.83125435492465e-05
6.83120768920738e-05
6.83116102412766e-05
6.8311143596855e-05
6.83106769588087e-05
6.83102103271376e-05
6.83097437018416e-05
6.83092770829206e-05
6.83088104703745e-05
6.8308343864203e-05
6.83078772644061e-05
6.83074106709837e-05
6.83069440839356e-05
6.83064775032616e-05
6.83060109289617e-05
6.83055443610358e-05
6.83050777994836e-05
6.83046112443051e-05
6.83041446955001e-05
6.83036781530685e-05
6.83032116170102e-05
6.83027450873251e-05
6.83022785640129e-05
6.83018120470736e-05
6.83013455365071e-05
6.83008790323131e-05
6.83004125344917e-05
6.82999460430426e-05
6.82994795579658e-05
6.8299013079261e-05
6.82985466069282e-05
6.82980801409672e-05
6.8297613681378e-05
6.82971472281603e-05
6.8296680781314e-05
6.82962143408391e-05
6.82957479067353e-05
6.82952814790026e-05
6.82948150576408e-05
6.82943486426498e-05
6.82938822340295e-05
6.82934158317797e-05
6.82929494359002e-05
6.82924830463911e-05
6.82920166632521e-05
6.8291550286483e-05
6.82910839160839e-05
6.82906175520545e-05
6.82901511943947e-05
6.82896848431044e-05
6.82892184981835e-05
6.82887521596318e-05
6.82882858274492e-05
6.82878195016355e-05
6.82873531821907e-05
6.82868868691145e-05
6.8286420562407e-05
6.82859542620678e-05
6.8285487968097e-05
6.82850216804944e-05
6.82845553992598e-05
6.82840891243931e-05
6.82836228558942e-05
6.8283156593763e-05
6.82826903379993e-05
6.8282224088603e-05
6.8281757845574e-05
6.82812916089121e-05
6.82808253786172e-05
6.82803591546891e-05
6.82798929371279e-05
6.82794267259332e-05
6.8278960521105e-05
6.82784943226432e-05
6.82780281305476e-05
6.82775619448181e-05
6.82770957654545e-05
6.82766295924568e-05
6.82761634258248e-05
6.82756972655583e-05
6.82752311116573e-05
6.82747649641216e-05
6.82742988229511e-05
6.82738326881456e-05
6.82733665597051e-05
6.82729004376293e-05
6.82724343219182e-05
6.82719682125716e-05
6.82715021095894e-05
6.82710360129715e-05
6.82705699227177e-05
6.82701038388279e-05
6.8269637761302e-05
6.82691716901399e-05
6.82687056253413e-05
6.82682395669063e-05
6.82677735148346e-05
6.82673074691261e-05
6.82668414297807e-05
6.82663753967983e-05
6.82659093701787e-05
6.82654433499218e-05
6.82649773360275e-05
6.82645113284957e-05
6.82640453273261e-05
6.82635793325187e-05
6.82631133440734e-05
6.826264736199e-05
6.82621813862684e-05
6.82617154169084e-05
6.826124945391e-05
6.8260783497273e-05
6.82603175469972e-05
6.82598516030826e-05
6.8259385665529e-05
6.82589197343363e-05
6.82584538095043e-05
6.82579878910329e-05
6.82575219789221e-05
6.82570560731716e-05
6.82565901737813e-05
6.82561242807511e-05
6.82556583940809e-05
6.82551925137705e-05
6.82547266398198e-05
6.82542607722287e-05
6.82537949109971e-05
6.82533290561247e-05
6.82528632076116e-05
6.82523973654575e-05
6.82519315296623e-05
6.82514657002259e-05
6.82509998771482e-05
6.8250534060429e-05
6.82500682500683e-05
6.82496024460657e-05
6.82491366484214e-05
6.82486708571351e-05
6.82482050722066e-05
6.82477392936359e-05
6.82472735214228e-05
6.82468077555672e-05
6.8246341996069e-05
6.8245876242928e-05
6.82454104961441e-05
6.82449447557172e-05
6.82444790216471e-05
6.82440132939338e-05
6.8243547572577e-05
6.82430818575767e-05
6.82426161489327e-05
6.82421504466449e-05
6.82416847507131e-05
6.82412190611373e-05
6.82407533779173e-05
6.82402877010529e-05
6.82398220305441e-05
6.82393563663908e-05
6.82388907085926e-05
6.82384250571497e-05
6.82379594120617e-05
6.82374937733287e-05
6.82370281409504e-05
6.82365625149267e-05
6.82360968952576e-05
6.82356312819428e-05
6.82351656749823e-05
6.82347000743758e-05
6.82342344801234e-05
6.82337688922248e-05
6.82333033106799e-05
6.82328377354886e-05
6.82323721666507e-05
6.82319066041662e-05
6.82314410480349e-05
6.82309754982567e-05
6.82305099548314e-05
6.82300444177589e-05
6.82295788870391e-05
6.82291133626719e-05
6.8228647844657e-05
6.82281823329945e-05
6.82277168276841e-05
6.82272513287257e-05
6.82267858361193e-05
6.82263203498646e-05
6.82258548699615e-05
6.822538939641e-05
6.82249239292098e-05
6.82244584683609e-05
6.82239930138631e-05
6.82235275657163e-05
6.82230621239204e-05
6.82225966884752e-05
6.82221312593805e-05
6.82216658366364e-05
6.82212004202426e-05
6.8220735010199e-05
6.82202696065055e-05
6.82198042091619e-05
6.82193388181682e-05
6.82188734335241e-05
6.82184080552296e-05
6.82179426832846e-05
6.82174773176888e-05
6.82170119584422e-05
6.82165466055446e-05
6.8216081258996e-05
6.82156159187961e-05
6.82151505849449e-05
6.82146852574422e-05
6.82142199362879e-05
6.82137546214819e-05
6.8213289313024e-05
6.82128240109141e-05
6.8212358715152e-05
6.82118934257377e-05
6.8211428142671e-05
6.82109628659518e-05
6.821049759558e-05
6.82100323315553e-05
6.82095670738778e-05
6.82091018225472e-05
6.82086365775635e-05
6.82081713389264e-05
6.82077061066359e-05
6.82072408806919e-05
6.82067756610942e-05
6.82063104478426e-05
6.82058452409372e-05
6.82053800403776e-05
6.82049148461638e-05
6.82044496582957e-05
6.82039844767731e-05
6.8203519301596e-05
6.82030541327641e-05
6.82025889702773e-05
6.82021238141356e-05
6.82016586643387e-05
6.82011935208866e-05
6.82007283837791e-05
6.82002632530162e-05
6.81997981285975e-05
6.81993330105232e-05
6.81988678987929e-05
6.81984027934066e-05
6.81979376943641e-05
6.81974726016654e-05
6.81970075153102e-05
6.81965424352985e-05
6.81960773616302e-05
6.8195612294305e-05
6.81951472333229e-05
6.81946821786837e-05
6.81942171303873e-05
6.81937520884337e-05
6.81932870528225e-05
6.81928220235538e-05
6.81923570006274e-05
6.81918919840431e-05
6.81914269738009e-05
6.81909619699005e-05
6.81904969723419e-05
6.8190031981125e-05
6.81895669962496e-05
6.81891020177155e-05
6.81886370455227e-05
6.81881720796711e-05
6.81877071201604e-05
6.81872421669906e-05
6.81867772201615e-05
6.8186312279673e-05
6.8185847345525e-05
6.81853824177173e-05
6.81849174962498e-05
6.81844525811225e-05
6.8183987672335e-05
6.81835227698874e-05
6.81830578737795e-05
6.81825929840112e-05
6.81821281005823e-05
6.81816632234927e-05
6.81811983527422e-05
6.81807334883309e-05
6.81802686302584e-05
6.81798037785247e-05
6.81793389331297e-05
6.81788740940732e-05
6.81784092613551e-05
6.81779444349753e-05
6.81774796149336e-05
6.81770148012299e-05
6.81765499938641e-05
6.81760851928361e-05
6.81756203981456e-05
6.81751556097927e-05
6.81746908277771e-05
6.81742260520987e-05
6.81737612827575e-05
6.81732965197532e-05
6.81728317630858e-05
6.81723670127551e-05
6.81719022687609e-05
6.81714375311032e-05
6.81709727997819e-05
6.81705080747967e-05
6.81700433561476e-05
6.81695786438344e-05
6.8169113937857e-05
6.81686492382153e-05
6.81681845449092e-05
6.81677198579385e-05
6.8167255177303e-05
6.81667905030027e-05
6.81663258350375e-05
6.81658611734071e-05
6.81653965181115e-05
6.81649318691506e-05
6.81644672265242e-05
6.81640025902321e-05
6.81635379602743e-05
6.81630733366506e-05
6.81626087193609e-05
6.81621441084051e-05
6.8161679503783e-05
6.81612149054945e-05
6.81607503135394e-05
6.81602857279178e-05
6.81598211486293e-05
6.81593565756739e-05
6.81588920090515e-05
6.81584274487619e-05
6.8157962894805e-05
6.81574983471807e-05
6.81570338058888e-05
6.81565692709292e-05
6.81561047423018e-05
6.81556402200064e-05
6.8155175704043e-05
6.81547111944113e-05
6.81542466911113e-05
6.81537821941429e-05
6.81533177035058e-05
6.81528532192e-05
6.81523887412254e-05
6.81519242695817e-05
6.8151459804269e-05
6.8150995345287e-05
6.81505308926357e-05
6.81500664463148e-05
6.81496020063243e-05
6.8149137572664e-05
6.81486731453339e-05
6.81482087243337e-05
6.81477443096634e-05
6.81472799013227e-05
6.81468154993117e-05
6.81463511036302e-05
6.81458867142779e-05
6.81454223312549e-05
6.81449579545609e-05
6.81444935841959e-05
6.81440292201597e-05
6.81435648624522e-05
6.81431005110732e-05
6.81426361660227e-05
6.81421718273005e-05
6.81417074949064e-05
6.81412431688404e-05
6.81407788491022e-05
6.81403145356919e-05
6.81398502286092e-05
6.8139385927854e-05
6.81389216334262e-05
6.81384573453257e-05
6.81379930635523e-05
6.81375287881059e-05
6.81370645189864e-05
6.81366002561936e-05
6.81361359997275e-05
6.81356717495878e-05
6.81352075057745e-05
6.81347432682874e-05
6.81342790371264e-05
6.81338148122913e-05
6.81333505937821e-05
6.81328863815987e-05
6.81324221757408e-05
6.81319579762083e-05
6.81314937830012e-05
6.81310295961193e-05
6.81305654155624e-05
6.81301012413305e-05
6.81296370734233e-05
6.81291729118408e-05
6.81287087565829e-05
6.81282446076494e-05
6.81277804650402e-05
6.81273163287552e-05
6.81268521987941e-05
6.8126388075157e-05
6.81259239578437e-05
6.8125459846854e-05
6.81249957421878e-05
6.81245316438449e-05
6.81240675518254e-05
6.81236034661289e-05
6.81231393867555e-05
6.81226753137049e-05
6.81222112469771e-05
6.81217471865718e-05
6.81212831324891e-05
6.81208190847287e-05
6.81203550432905e-05
6.81198910081744e-05
6.81194269793803e-05
6.81189629569079e-05
6.81184989407573e-05
6.81180349309283e-05
6.81175709274207e-05
6.81171069302345e-05
6.81166429393694e-05
6.81161789548253e-05
6.81157149766022e-05
6.81152510047e-05
6.81147870391183e-05
6.81143230798572e-05
6.81138591269166e-05
6.81133951802962e-05
6.81129312399959e-05
6.81124673060157e-05
6.81120033783554e-05
6.81115394570148e-05
6.81110755419939e-05
6.81106116332925e-05
6.81101477309104e-05
6.81096838348476e-05
6.8109219945104e-05
6.81087560616793e-05
6.81082921845735e-05
6.81078283137864e-05
6.81073644493179e-05
6.81069005911679e-05
6.81064367393362e-05
6.81059728938228e-05
6.81055090546274e-05
6.810504522175e-05
6.81045813951905e-05
6.81041175749486e-05
6.81036537610243e-05
6.81031899534174e-05
6.81027261521279e-05
6.81022623571555e-05
6.81017985685002e-05
6.81013347861618e-05
6.81008710101402e-05
6.81004072404353e-05
6.80999434770469e-05
6.80994797199749e-05
6.80990159692192e-05
6.80985522247797e-05
6.80980884866562e-05
6.80976247548485e-05
6.80971610293567e-05
6.80966973101805e-05
6.80962335973197e-05
6.80957698907744e-05
6.80953061905443e-05
6.80948424966293e-05
6.80943788090293e-05
6.80939151277442e-05
6.80934514527738e-05
6.8092987784118e-05
6.80925241217767e-05
6.80920604657497e-05
6.80915968160369e-05
6.80911331726383e-05
6.80906695355535e-05
6.80902059047827e-05
6.80897422803255e-05
6.80892786621818e-05
6.80888150503517e-05
6.80883514448348e-05
6.80878878456311e-05
6.80874242527405e-05
6.80869606661628e-05
6.80864970858979e-05
6.80860335119457e-05
6.8085569944306e-05
6.80851063829787e-05
6.80846428279637e-05
6.80841792792609e-05
6.80837157368701e-05
6.80832522007911e-05
6.8082788671024e-05
6.80823251475684e-05
6.80818616304244e-05
6.80813981195918e-05
6.80809346150704e-05
6.80804711168601e-05
6.80800076249609e-05
6.80795441393724e-05
6.80790806600948e-05
6.80786171871277e-05
6.80781537204711e-05
6.80776902601248e-05
6.80772268060888e-05
6.80767633583629e-05
6.80762999169469e-05
6.80758364818408e-05
6.80753730530443e-05
6.80749096305575e-05
6.807444621438e-05
6.80739828045119e-05
6.8073519400953e-05
6.80730560037032e-05
6.80725926127623e-05
6.80721292281301e-05
6.80716658498067e-05
6.80712024777918e-05
6.80707391120853e-05
6.80702757526871e-05
6.8069812399597e-05
6.8069349052815e-05
6.80688857123409e-05
6.80684223781745e-05
6.80679590503158e-05
6.80674957287646e-05
6.80670324135208e-05
6.80665691045843e-05
6.80661058019549e-05
6.80656425056324e-05
6.80651792156169e-05
6.80647159319081e-05
6.80642526545059e-05
6.80637893834101e-05
6.80633261186208e-05
6.80628628601376e-05
6.80623996079606e-05
6.80619363620895e-05
6.80614731225243e-05
6.80610098892647e-05
6.80605466623108e-05
6.80600834416623e-05
6.80596202273191e-05
6.80591570192812e-05
6.80586938175483e-05
6.80582306221203e-05
6.80577674329971e-05
6.80573042501787e-05
6.80568410736647e-05
6.80563779034552e-05
6.805591473955e-05
6.8055451581949e-05
6.8054988430652e-05
6.80545252856589e-05
6.80540621469695e-05
6.80535990145839e-05
6.80531358885017e-05
6.8052672768723e-05
6.80522096552475e-05
6.80517465480752e-05
6.80512834472058e-05
6.80508203526393e-05
6.80503572643756e-05
6.80498941824146e-05
6.8049431106756e-05
6.80489680373997e-05
6.80485049743457e-05
6.80480419175938e-05
6.80475788671439e-05
6.80471158229958e-05
6.80466527851495e-05
6.80461897536047e-05
6.80457267283615e-05
6.80452637094195e-05
6.80448006967788e-05
6.80443376904391e-05
6.80438746904004e-05
6.80434116966625e-05
6.80429487092253e-05
6.80424857280886e-05
6.80420227532524e-05
6.80415597847165e-05
6.80410968224808e-05
6.80406338665451e-05
6.80401709169093e-05
6.80397079735734e-05
6.80392450365371e-05
6.80387821058003e-05
6.80383191813629e-05
6.80378562632249e-05
6.80373933513859e-05
6.8036930445846e-05
6.8036467546605e-05
6.80360046536627e-05
6.80355417670191e-05
6.8035078886674e-05
6.80346160126272e-05
6.80341531448787e-05
6.80336902834283e-05
6.8033227428276e-05
6.80327645794215e-05
6.80323017368647e-05
6.80318389006055e-05
6.80313760706438e-05
6.80309132469794e-05
6.80304504296123e-05
6.80299876185423e-05
6.80295248137692e-05
6.80290620152929e-05
6.80285992231134e-05
6.80281364372304e-05
6.80276736576439e-05
6.80272108843537e-05
6.80267481173597e-05
6.80262853566618e-05
6.80258226022598e-05
6.80253598541536e-05
6.80248971123431e-05
6.80244343768282e-05
6.80239716476086e-05
6.80235089246844e-05
6.80230462080553e-05
6.80225834977212e-05
6.80221207936821e-05
6.80216580959377e-05
6.8021195404488e-05
6.80207327193329e-05
6.80202700404721e-05
6.80198073679055e-05
6.80193447016332e-05
6.80188820416548e-05
6.80184193879703e-05
6.80179567405795e-05
6.80174940994824e-05
6.80170314646788e-05
6.80165688361685e-05
6.80161062139515e-05
6.80156435980276e-05
6.80151809883966e-05
6.80147183850585e-05
6.80142557880132e-05
6.80137931972604e-05
6.80133306128001e-05
6.80128680346322e-05
6.80124054627564e-05
6.80119428971727e-05
6.8011480337881e-05
6.80110177848811e-05
6.8010555238173e-05
6.80100926977564e-05
6.80096301636312e-05
6.80091676357973e-05
6.80087051142546e-05
6.8008242599003e-05
6.80077800900423e-05
6.80073175873724e-05
6.80068550909932e-05
6.80063926009045e-05
6.80059301171062e-05
6.80054676395982e-05
6.80050051683804e-05
6.80045427034526e-05
6.80040802448147e-05
6.80036177924666e-05
6.80031553464081e-05
6.80026929066391e-05
6.80022304731595e-05
6.80017680459692e-05
6.8001305625068e-05
6.80008432104558e-05
6.80003808021325e-05
6.79999184000979e-05
6.7999456004352e-05
6.79989936148945e-05
6.79985312317254e-05
6.79980688548445e-05
6.79976064842518e-05
6.7997144119947e-05
6.799668176193e-05
6.79962194102008e-05
6.79957570647592e-05
6.7995294725605e-05
6.79948323927382e-05
6.79943700661585e-05
6.7993907745866e-05
6.79934454318604e-05
6.79929831241416e-05
6.79925208227095e-05
6.7992058527564e-05
6.79915962387049e-05
6.79911339561321e-05
6.79906716798455e-05
6.7990209409845e-05
6.79897471461304e-05
6.79892848887015e-05
6.79888226375584e-05
6.79883603927008e-05
6.79878981541286e-05
6.79874359218416e-05
6.79869736958399e-05
6.79865114761231e-05
6.79860492626913e-05
6.79855870555442e-05
6.79851248546818e-05
6.79846626601039e-05
6.79842004718104e-05
6.79837382898011e-05
6.79832761140759e-05
6.79828139446348e-05
6.79823517814775e-05
6.7981889624604e-05
6.79814274740141e-05
6.79809653297077e-05
6.79805031916846e-05
6.79800410599448e-05
6.79795789344881e-05
6.79791168153143e-05
6.79786547024234e-05
6.79781925958153e-05
6.79777304954897e-05
6.79772684014466e-05
6.79768063136858e-05
6.79763442322072e-05
6.79758821570107e-05
6.79754200880961e-05
6.79749580254634e-05
6.79744959691124e-05
6.79740339190429e-05
6.79735718752549e-05
6.79731098377482e-05
6.79726478065227e-05
6.79721857815782e-05
6.79717237629146e-05
6.79712617505319e-05
6.79707997444298e-05
6.79703377446083e-05
6.79698757510671e-05
6.79694137638063e-05
6.79689517828256e-05
6.7968489808125e-05
6.79680278397042e-05
6.79675658775632e-05
6.79671039217019e-05
6.79666419721201e-05
6.79661800288177e-05
6.79657180917945e-05
6.79652561610505e-05
6.79647942365855e-05
6.79643323183993e-05
6.79638704064919e-05
6.79634085008631e-05
6.79629466015129e-05
6.79624847084409e-05
6.79620228216473e-05
6.79615609411317e-05
6.79610990668941e-05
6.79606371989344e-05
6.79601753372524e-05
6.7959713481848e-05
6.7959251632721e-05
6.79587897898714e-05
6.7958327953299e-05
6.79578661230037e-05
6.79574042989854e-05
6.79569424812439e-05
6.79564806697791e-05
6.79560188645908e-05
6.7955557065679e-05
6.79550952730436e-05
6.79546334866843e-05
6.79541717066011e-05
6.79537099327938e-05
6.79532481652623e-05
6.79527864040065e-05
6.79523246490262e-05
6.79518629003214e-05
6.79514011578919e-05
6.79509394217375e-05
6.79504776918582e-05
6.79500159682537e-05
6.79495542509241e-05
6.79490925398691e-05
6.79486308350887e-05
6.79481691365826e-05
6.79477074443508e-05
6.79472457583932e-05
6.79467840787096e-05
6.79463224052998e-05
6.79458607381638e-05
6.79453990773015e-05
6.79449374227126e-05
6.79444757743972e-05
6.79440141323549e-05
6.79435524965858e-05
6.79430908670897e-05
6.79426292438665e-05
6.7942167626916e-05
6.79417060162381e-05
6.79412444118326e-05
6.79407828136996e-05
6.79403212218387e-05
6.793985963625e-05
6.79393980569332e-05
6.79389364838883e-05
6.79384749171151e-05
6.79380133566134e-05
6.79375518023832e-05
6.79370902544244e-05
6.79366287127368e-05
6.79361671773202e-05
6.79357056481746e-05
6.79352441252998e-05
6.79347826086957e-05
6.79343210983621e-05
6.7933859594299e-05
6.79333980965062e-05
6.79329366049836e-05
6.7932475119731e-05
6.79320136407483e-05
6.79315521680355e-05
6.79310907015923e-05
6.79306292414187e-05
6.79301677875144e-05
6.79297063398795e-05
6.79292448985137e-05
6.79287834634169e-05
6.79283220345891e-05
6.792786061203e-05
6.79273991957396e-05
6.79269377857177e-05
6.79264763819642e-05
6.79260149844789e-05
6.79255535932618e-05
6.79250922083127e-05
6.79246308296314e-05
6.7924169457218e-05
6.79237080910721e-05
6.79232467311938e-05
6.79227853775828e-05
6.7922324030239e-05
6.79218626891624e-05
6.79214013543527e-05
6.792094002581e-05
6.79204787035339e-05
6.79200173875244e-05
6.79195560777815e-05
6.79190947743048e-05
6.79186334770944e-05
6.79181721861501e-05
6.79177109014718e-05
6.79172496230593e-05
6.79167883509125e-05
6.79163270850312e-05
6.79158658254155e-05
6.7915404572065e-05
6.79149433249798e-05
6.79144820841596e-05
6.79140208496044e-05
6.7913559621314e-05
6.79130983992883e-05
6.79126371835271e-05
6.79121759740304e-05
6.7911714770798e-05
6.79112535738297e-05
6.79107923831255e-05
6.79103311986852e-05
6.79098700205088e-05
6.7909408848596e-05
6.79089476829467e-05
6.79084865235608e-05
6.79080253704383e-05
6.79075642235789e-05
6.79071030829825e-05
6.7906641948649e-05
6.79061808205783e-05
6.79057196987702e-05
6.79052585832247e-05
6.79047974739415e-05
6.79043363709207e-05
6.79038752741619e-05
6.79034141836652e-05
6.79029530994303e-05
6.79024920214572e-05
6.79020309497457e-05
6.79015698842957e-05
6.79011088251071e-05
6.79006477721798e-05
6.79001867255135e-05
6.78997256851082e-05
6.78992646509638e-05
6.78988036230802e-05
6.78983426014571e-05
6.78978815860945e-05
6.78974205769923e-05
6.78969595741503e-05
6.78964985775684e-05
6.78960375872464e-05
6.78955766031843e-05
6.78951156253819e-05
6.78946546538391e-05
6.78941936885558e-05
6.78937327295317e-05
6.78932717767669e-05
6.78928108302612e-05
6.78923498900144e-05
6.78918889560264e-05
6.78914280282971e-05
6.78909671068264e-05
6.78905061916142e-05
6.78900452826602e-05
6.78895843799644e-05
6.78891234835267e-05
6.78886625933469e-05
6.78882017094249e-05
6.78877408317606e-05
6.78872799603538e-05
6.78868190952045e-05
6.78863582363124e-05
6.78858973836775e-05
6.78854365372997e-05
6.78849756971787e-05
6.78845148633145e-05
6.7884054035707e-05
6.7883593214356e-05
6.78831323992614e-05
6.78826715904231e-05
6.78822107878409e-05
6.78817499915148e-05
6.78812892014445e-05
6.788082841763e-05
6.78803676400711e-05
6.78799068687678e-05
6.78794461037198e-05
6.78789853449271e-05
6.78785245923895e-05
6.78780638461069e-05
6.78776031060791e-05
6.78771423723061e-05
6.78766816447877e-05
6.78762209235239e-05
6.78757602085143e-05
6.7875299499759e-05
6.78748387972579e-05
6.78743781010106e-05
6.78739174110173e-05
6.78734567272777e-05
6.78729960497916e-05
6.78725353785591e-05
6.78720747135798e-05
6.78716140548538e-05
6.78711534023809e-05
6.7870692756161e-05
6.78702321161938e-05
6.78697714824794e-05
6.78693108550176e-05
6.78688502338082e-05
6.78683896188511e-05
6.78679290101463e-05
6.78674684076935e-05
6.78670078114926e-05
6.78665472215436e-05
6.78660866378462e-05
6.78656260604004e-05
6.7865165489206e-05
6.7864704924263e-05
6.78642443655711e-05
6.78637838131303e-05
6.78633232669404e-05
6.78628627270013e-05
6.78624021933128e-05
6.78619416658749e-05
6.78614811446875e-05
6.78610206297503e-05
6.78605601210632e-05
6.78600996186262e-05
6.78596391224392e-05
6.78591786325018e-05
6.78587181488142e-05
6.7858257671376e-05
6.78577972001873e-05
6.78573367352478e-05
6.78568762765575e-05
6.78564158241162e-05
6.78559553779237e-05
6.78554949379801e-05
6.7855034504285e-05
6.78545740768385e-05
6.78541136556404e-05
6.78536532406905e-05
6.78531928319887e-05
6.78527324295349e-05
6.7852272033329e-05
6.78518116433709e-05
6.78513512596603e-05
6.78508908821973e-05
6.78504305109816e-05
6.78499701460131e-05
6.78495097872918e-05
6.78490494348174e-05
6.78485890885899e-05
6.78481287486091e-05
6.78476684148749e-05
6.78472080873872e-05
6.78467477661458e-05
6.78462874511507e-05
6.78458271424016e-05
6.78453668398985e-05
6.78449065436412e-05
6.78444462536297e-05
6.78439859698637e-05
6.78435256923432e-05
6.7843065421068e-05
6.7842605156038e-05
6.78421448972531e-05
6.78416846447131e-05
6.78412243984179e-05
6.78407641583675e-05
6.78403039245616e-05
6.78398436970001e-05
6.7839383475683e-05
6.783892326061e-05
6.78384630517811e-05
6.78380028491961e-05
6.78375426528549e-05
6.78370824627574e-05
6.78366222789035e-05
6.7836162101293e-05
6.78357019299257e-05
6.78352417648016e-05
6.78347816059206e-05
6.78343214532825e-05
6.78338613068872e-05
6.78334011667345e-05
6.78329410328244e-05
6.78324809051566e-05
6.78320207837312e-05
6.78315606685479e-05
6.78311005596066e-05
6.78306404569072e-05
6.78301803604496e-05
6.78297202702336e-05
6.78292601862592e-05
6.78288001085261e-05
6.78283400370343e-05
6.78278799717836e-05
6.78274199127739e-05
6.78269598600052e-05
6.78264998134771e-05
6.78260397731897e-05
6.78255797391428e-05
6.78251197113363e-05
6.782465968977e-05
6.78241996744438e-05
6.78237396653577e-05
6.78232796625114e-05
6.78228196659048e-05
6.78223596755378e-05
6.78218996914104e-05
6.78214397135222e-05
6.78209797418733e-05
6.78205197764636e-05
6.78200598172928e-05
6.78195998643608e-05
6.78191399176676e-05
6.78186799772129e-05
6.78182200429968e-05
6.78177601150189e-05
6.78173001932793e-05
6.78168402777778e-05
6.78163803685142e-05
6.78159204654885e-05
6.78154605687004e-05
6.781500067815e-05
6.7814540793837e-05
6.78140809157614e-05
6.78136210439229e-05
6.78131611783215e-05
6.7812701318957e-05
6.78122414658294e-05
6.78117816189385e-05
6.78113217782841e-05
6.78108619438662e-05
6.78104021156845e-05
6.78099422937391e-05
6.78094824780297e-05
6.78090226685563e-05
6.78085628653186e-05
6.78081030683167e-05
6.78076432775502e-05
6.78071834930193e-05
6.78067237147235e-05
6.7806263942663e-05
6.78058041768375e-05
6.7805344417247e-05
6.78048846638912e-05
6.78044249167701e-05
6.78039651758835e-05
6.78035054412313e-05
6.78030457128134e-05
6.78025859906297e-05
6.780212627468e-05
6.78016665649642e-05
6.78012068614821e-05
6.78007471642337e-05
6.78002874732189e-05
6.77998277884374e-05
6.77993681098892e-05
6.77989084375742e-05
6.77984487714921e-05
6.77979891116429e-05
6.77975294580265e-05
6.77970698106428e-05
6.77966101694915e-05
6.77961505345727e-05
6.7795690905886e-05
6.77952312834315e-05
6.7794771667209e-05
6.77943120572184e-05
6.77938524534595e-05
6.77933928559323e-05
6.77929332646365e-05
6.77924736795721e-05
6.77920141007389e-05
6.77915545281369e-05
6.77910949617658e-05
6.77906354016256e-05
6.77901758477161e-05
6.77897163000373e-05
6.77892567585889e-05
6.77887972233709e-05
6.77883376943831e-05
6.77878781716253e-05
6.77874186550976e-05
6.77869591447997e-05
6.77864996407316e-05
6.7786040142893e-05
6.77855806512839e-05
6.77851211659041e-05
6.77846616867535e-05
6.77842022138321e-05
6.77837427471395e-05
6.77832832866758e-05
6.77828238324409e-05
6.77823643844345e-05
6.77819049426565e-05
6.77814455071069e-05
6.77809860777855e-05
6.77805266546921e-05
6.77800672378267e-05
6.77796078271891e-05
6.77791484227792e-05
6.77786890245969e-05
6.7778229632642e-05
6.77777702469144e-05
6.7777310867414e-05
6.77768514941407e-05
6.77763921270943e-05
6.77759327662747e-05
6.77754734116818e-05
6.77750140633154e-05
6.77745547211755e-05
6.77740953852618e-05
6.77736360555744e-05
6.7773176732113e-05
6.77727174148775e-05
6.77722581038678e-05
6.77717987990837e-05
6.77713395005252e-05
6.77708802081922e-05
6.77704209220843e-05
6.77699616422017e-05
6.77695023685441e-05
6.77690431011114e-05
6.77685838399035e-05
6.77681245849202e-05
6.77676653361615e-05
6.77672060936272e-05
6.77667468573171e-05
6.77662876272312e-05
6.77658284033693e-05
6.77653691857313e-05
6.77649099743171e-05
6.77644507691265e-05
6.77639915701594e-05
6.77635323774158e-05
6.77630731908954e-05
6.77626140105981e-05
6.77621548365238e-05
6.77616956686724e-05
6.77612365070438e-05
6.77607773516378e-05
6.77603182024543e-05
6.77598590594932e-05
6.77593999227543e-05
6.77589407922375e-05
6.77584816679428e-05
6.77580225498699e-05
6.77575634380188e-05
6.77571043323893e-05
6.77566452329812e-05
6.77561861397946e-05
6.77557270528291e-05
6.77552679720848e-05
6.77548088975615e-05
6.7754349829259e-05
6.77538907671773e-05
6.77534317113162e-05
6.77529726616755e-05
6.77525136182552e-05
6.77520545810552e-05
6.77515955500752e-05
6.77511365253152e-05
6.77506775067751e-05
6.77502184944546e-05
6.77497594883538e-05
6.77493004884725e-05
6.77488414948104e-05
6.77483825073676e-05
6.77479235261439e-05
6.77474645511392e-05
6.77470055823533e-05
6.77465466197861e-05
6.77460876634374e-05
6.77456287133073e-05
6.77451697693954e-05
6.77447108317018e-05
6.77442519002263e-05
6.77437929749687e-05
6.77433340559289e-05
6.77428751431068e-05
6.77424162365023e-05
6.77419573361153e-05
6.77414984419455e-05
6.7741039553993e-05
6.77405806722575e-05
6.7740121796739e-05
6.77396629274373e-05
6.77392040643522e-05
6.77387452074838e-05
6.77382863568317e-05
6.7737827512396e-05
6.77373686741765e-05
6.7736909842173e-05
6.77364510163854e-05
6.77359921968137e-05
6.77355333834576e-05
6.77350745763171e-05
6.7734615775392e-05
6.77341569806822e-05
6.77336981921876e-05
6.7733239409908e-05
6.77327806338434e-05
6.77323218639935e-05
6.77318631003583e-05
6.77314043429377e-05
6.77309455917314e-05
6.77304868467395e-05
6.77300281079617e-05
6.77295693753979e-05
6.77291106490481e-05
6.7728651928912e-05
6.77281932149896e-05
6.77277345072807e-05
6.77272758057853e-05
6.77268171105031e-05
6.7726358421434e-05
6.7725899738578e-05
6.77254410619349e-05
6.77249823915046e-05
6.77245237272869e-05
6.77240650692817e-05
6.77236064174889e-05
6.77231477719084e-05
6.77226891325401e-05
6.77222304993837e-05
6.77217718724393e-05
6.77213132517066e-05
6.77208546371855e-05
6.7720396028876e-05
6.77199374267778e-05
6.77194788308909e-05
6.77190202412152e-05
6.77185616577504e-05
6.77181030804965e-05
6.77176445094534e-05
6.77171859446209e-05
6.77167273859989e-05
6.77162688335873e-05
6.77158102873859e-05
6.77153517473947e-05
6.77148932136134e-05
6.7714434686042e-05
6.77139761646804e-05
6.77135176495284e-05
6.77130591405859e-05
6.77126006378527e-05
6.77121421413288e-05
6.7711683651014e-05
6.77112251669082e-05
6.77107666890112e-05
6.7710308217323e-05
6.77098497518434e-05
6.77093912925723e-05
6.77089328395095e-05
6.7708474392655e-05
6.77080159520086e-05
6.77075575175701e-05
6.77070990893395e-05
6.77066406673166e-05
6.77061822515014e-05
6.77057238418936e-05
6.77052654384932e-05
6.77048070412999e-05
6.77043486503138e-05
6.77038902655347e-05
6.77034318869623e-05
6.77029735145968e-05
6.77025151484378e-05
6.77020567884852e-05
6.7701598434739e-05
6.77011400871991e-05
6.77006817458652e-05
6.77002234107372e-05
6.76997650818152e-05
6.76993067590988e-05
6.7698848442588e-05
6.76983901322827e-05
6.76979318281826e-05
6.76974735302879e-05
6.76970152385981e-05
6.76965569531134e-05
6.76960986738334e-05
6.76956404007582e-05
6.76951821338875e-05
6.76947238732213e-05
6.76942656187594e-05
6.76938073705017e-05
6.76933491284481e-05
6.76928908925985e-05
6.76924326629526e-05
6.76919744395104e-05
6.76915162222719e-05
6.76910580112367e-05
6.76905998064049e-05
6.76901416077762e-05
6.76896834153507e-05
6.7689225229128e-05
6.76887670491082e-05
6.76883088752911e-05
6.76878507076765e-05
6.76873925462643e-05
6.76869343910545e-05
6.76864762420468e-05
6.76860180992412e-05
6.76855599626376e-05
6.76851018322357e-05
6.76846437080355e-05
6.76841855900369e-05
6.76837274782397e-05
6.76832693726438e-05
6.7682811273249e-05
6.76823531800554e-05
6.76818950930626e-05
6.76814370122706e-05
6.76809789376793e-05
6.76805208692886e-05
6.76800628070983e-05
6.76796047511083e-05
6.76791467013184e-05
6.76786886577286e-05
6.76782306203387e-05
6.76777725891485e-05
6.76773145641581e-05
6.76768565453672e-05
6.76763985327757e-05
6.76759405263835e-05
6.76754825261904e-05
6.76750245321964e-05
6.76745665444013e-05
6.7674108562805e-05
6.76736505874073e-05
6.76731926182082e-05
6.76727346552074e-05
6.7672276698405e-05
6.76718187478007e-05
6.76713608033944e-05
6.7670902865186e-05
6.76704449331754e-05
6.76699870073625e-05
6.76695290877471e-05
6.76690711743291e-05
6.76686132671083e-05
6.76681553660847e-05
6.76676974712581e-05
6.76672395826285e-05
6.76667817001956e-05
6.76663238239593e-05
6.76658659539195e-05
6.76654080900762e-05
6.76649502324291e-05
6.76644923809782e-05
6.76640345357232e-05
6.76635766966642e-05
6.76631188638009e-05
6.76626610371333e-05
6.76622032166611e-05
6.76617454023844e-05
6.76612875943029e-05
6.76608297924166e-05
6.76603719967252e-05
6.76599142072288e-05
6.76594564239271e-05
6.765899864682e-05
6.76585408759075e-05
6.76580831111893e-05
6.76576253526654e-05
6.76571676003356e-05
6.76567098541998e-05
6.76562521142579e-05
6.76557943805097e-05
6.76553366529552e-05
6.76548789315941e-05
6.76544212164265e-05
6.76539635074521e-05
6.76535058046708e-05
6.76530481080825e-05
6.76525904176871e-05
6.76521327334844e-05
6.76516750554744e-05
6.76512173836568e-05
6.76507597180316e-05
6.76503020585987e-05
6.76498444053579e-05
6.7649386758309e-05
6.76489291174521e-05
6.76484714827868e-05
6.76480138543132e-05
6.76475562320311e-05
6.76470986159404e-05
6.76466410060408e-05
6.76461834023324e-05
6.7645725804815e-05
6.76452682134885e-05
6.76448106283526e-05
6.76443530494074e-05
6.76438954766527e-05
6.76434379100883e-05
6.76429803497142e-05
6.76425227955302e-05
6.76420652475361e-05
6.7641607705732e-05
6.76411501701175e-05
6.76406926406926e-05
6.76402351174573e-05
6.76397776004112e-05
6.76393200895545e-05
6.76388625848868e-05
6.76384050864081e-05
6.76379475941182e-05
6.76374901080171e-05
6.76370326281045e-05
6.76365751543805e-05
6.76361176868448e-05
6.76356602254973e-05
6.76352027703379e-05
6.76347453213665e-05
6.76342878785829e-05
6.76338304419871e-05
6.76333730115788e-05
6.76329155873581e-05
6.76324581693246e-05
6.76320007574784e-05
6.76315433518193e-05
6.76310859523471e-05
6.76306285590618e-05
6.76301711719632e-05
6.76297137910512e-05
6.76292564163257e-05
6.76287990477865e-05
6.76283416854335e-05
6.76278843292666e-05
6.76274269792857e-05
6.76269696354906e-05
6.76265122978813e-05
6.76260549664575e-05
6.76255976412192e-05
6.76251403221662e-05
6.76246830092984e-05
6.76242257026157e-05
6.7623768402118e-05
6.76233111078051e-05
6.76228538196769e-05
6.76223965377333e-05
6.76219392619742e-05
6.76214819923993e-05
6.76210247290087e-05
6.76205674718022e-05
6.76201102207797e-05
6.76196529759409e-05
6.76191957372859e-05
6.76187385048145e-05
6.76182812785265e-05
6.76178240584218e-05
6.76173668445003e-05
6.7616909636762e-05
6.76164524352065e-05
6.76159952398339e-05
6.7615538050644e-05
6.76150808676367e-05
6.76146236908119e-05
6.76141665201693e-05
6.7613709355709e-05
6.76132521974307e-05
6.76127950453344e-05
6.76123378994199e-05
6.76118807596871e-05
6.76114236261359e-05
6.76109664987661e-05
6.76105093775776e-05
6.76100522625704e-05
6.76095951537442e-05
6.7609138051099e-05
6.76086809546346e-05
6.76082238643509e-05
6.76077667802477e-05
6.7607309702325e-05
6.76068526305826e-05
6.76063955650205e-05
6.76059385056383e-05
6.76054814524362e-05
6.76050244054138e-05
6.76045673645711e-05
6.76041103299081e-05
6.76036533014244e-05
6.76031962791201e-05
6.76027392629949e-05
6.76022822530489e-05
6.76018252492817e-05
6.76013682516934e-05
6.76009112602838e-05
6.76004542750527e-05
6.75999972960001e-05
6.75995403231258e-05
6.75990833564297e-05
6.75986263959116e-05
6.75981694415715e-05
6.75977124934092e-05
6.75972555514246e-05
6.75967986156176e-05
6.7596341685988e-05
6.75958847625357e-05
6.75954278452605e-05
6.75949709341625e-05
6.75945140292414e-05
6.75940571304971e-05
6.75936002379295e-05
6.75931433515384e-05
6.75926864713238e-05
6.75922295972855e-05
6.75917727294234e-05
6.75913158677373e-05
6.75908590122272e-05
6.75904021628929e-05
6.75899453197342e-05
6.75894884827512e-05
6.75890316519435e-05
6.75885748273112e-05
6.7588118008854e-05
6.7587661196572e-05
6.75872043904648e-05
6.75867475905324e-05
6.75862907967748e-05
6.75858340091917e-05
6.7585377227783e-05
6.75849204525486e-05
6.75844636834884e-05
6.75840069206023e-05
6.75835501638901e-05
6.75830934133517e-05
6.7582636668987e-05
6.75821799307959e-05
6.75817231987781e-05
6.75812664729337e-05
6.75808097532625e-05
6.75803530397643e-05
6.7579896332439e-05
6.75794396312866e-05
6.75789829363068e-05
6.75785262474996e-05
6.75780695648648e-05
6.75776128884023e-05
6.7577156218112e-05
6.75766995539938e-05
6.75762428960475e-05
6.7575786244273e-05
6.75753295986701e-05
6.75748729592388e-05
6.7574416325979e-05
6.75739596988904e-05
6.75735030779731e-05
6.75730464632268e-05
6.75725898546514e-05
6.75721332522468e-05
6.75716766560129e-05
6.75712200659495e-05
6.75707634820566e-05
6.7570306904334e-05
6.75698503327815e-05
6.75693937673991e-05
6.75689372081867e-05
6.7568480655144e-05
6.7568024108271e-05
6.75675675675676e-05
6.75671110330336e-05
6.75666545046689e-05
6.75661979824733e-05
6.75657414664469e-05
6.75652849565893e-05
6.75648284529006e-05
6.75643719553805e-05
6.7563915464029e-05
6.75634589788459e-05
6.75630024998311e-05
6.75625460269845e-05
6.75620895603059e-05
6.75616330997953e-05
6.75611766454525e-05
6.75607201972773e-05
6.75602637552697e-05
6.75598073194295e-05
6.75593508897567e-05
6.7558894466251e-05
6.75584380489123e-05
6.75579816377406e-05
6.75575252327357e-05
6.75570688338974e-05
6.75566124412257e-05
6.75561560547205e-05
6.75556996743815e-05
6.75552433002087e-05
6.7554786932202e-05
6.75543305703612e-05
6.75538742146862e-05
6.75534178651769e-05
6.75529615218331e-05
6.75525051846548e-05
6.75520488536417e-05
6.75515925287939e-05
6.75511362101111e-05
6.75506798975932e-05
6.75502235912401e-05
6.75497672910517e-05
6.75493109970278e-05
6.75488547091684e-05
6.75483984274733e-05
6.75479421519423e-05
6.75474858825754e-05
6.75470296193725e-05
6.75465733623333e-05
6.75461171114579e-05
6.75456608667459e-05
6.75452046281974e-05
6.75447483958122e-05
6.75442921695902e-05
6.75438359495312e-05
6.75433797356352e-05
6.7542923527902e-05
6.75424673263314e-05
6.75420111309234e-05
6.75415549416779e-05
6.75410987585946e-05
6.75406425816735e-05
6.75401864109145e-05
6.75397302463174e-05
6.75392740878821e-05
6.75388179356085e-05
6.75383617894964e-05
6.75379056495458e-05
6.75374495157565e-05
6.75369933881283e-05
6.75365372666613e-05
6.75360811513551e-05
6.75356250422098e-05
6.75351689392251e-05
6.7534712842401e-05
6.75342567517373e-05
6.75338006672339e-05
6.75333445888908e-05
6.75328885167076e-05
6.75324324506844e-05
6.75319763908211e-05
6.75315203371173e-05
6.75310642895732e-05
6.75306082481885e-05
6.75301522129631e-05
6.75296961838969e-05
6.75292401609897e-05
6.75287841442415e-05
6.75283281336521e-05
6.75278721292213e-05
6.75274161309492e-05
6.75269601388354e-05
6.752650415288e-05
6.75260481730828e-05
6.75255921994436e-05
6.75251362319623e-05
6.75246802706389e-05
6.75242243154732e-05
6.7523768366465e-05
6.75233124236143e-05
6.75228564869208e-05
6.75224005563846e-05
6.75219446320054e-05
6.75214887137832e-05
6.75210328017177e-05
6.7520576895809e-05
6.75201209960568e-05
6.75196651024611e-05
6.75192092150217e-05
6.75187533337384e-05
6.75182974586113e-05
6.75178415896401e-05
6.75173857268247e-05
6.75169298701649e-05
6.75164740196608e-05
6.75160181753121e-05
6.75155623371187e-05
6.75151065050805e-05
6.75146506791974e-05
6.75141948594692e-05
6.75137390458958e-05
6.75132832384772e-05
6.75128274372131e-05
6.75123716421034e-05
6.75119158531481e-05
6.75114600703469e-05
6.75110042936999e-05
6.75105485232068e-05
6.75100927588675e-05
6.75096370006819e-05
6.75091812486498e-05
6.75087255027712e-05
6.7508269763046e-05
6.75078140294739e-05
6.75073583020549e-05
6.75069025807889e-05
6.75064468656757e-05
6.75059911567152e-05
6.75055354539072e-05
6.75050797572517e-05
6.75046240667486e-05
6.75041683823976e-05
6.75037127041987e-05
6.75032570321518e-05
6.75028013662567e-05
6.75023457065133e-05
6.75018900529215e-05
6.75014344054811e-05
6.75009787641921e-05
6.75005231290542e-05
6.75000675000675e-05
6.74996118772317e-05
6.74991562605467e-05
6.74987006500125e-05
6.74982450456288e-05
6.74977894473956e-05
6.74973338553127e-05
6.749687826938e-05
6.74964226895975e-05
6.74959671159648e-05
6.7495511548482e-05
6.74950559871489e-05
6.74946004319654e-05
6.74941448829314e-05
6.74936893400467e-05
6.74932338033112e-05
6.74927782727248e-05
6.74923227482874e-05
6.74918672299988e-05
6.74914117178589e-05
6.74909562118676e-05
6.74905007120248e-05
6.74900452183303e-05
6.7489589730784e-05
6.74891342493858e-05
6.74886787741356e-05
6.74882233050333e-05
6.74877678420786e-05
6.74873123852716e-05
6.7486856934612e-05
6.74864014900997e-05
6.74859460517347e-05
6.74854906195168e-05
6.74850351934458e-05
6.74845797735217e-05
6.74841243597444e-05
6.74836689521136e-05
6.74832135506293e-05
6.74827581552913e-05
6.74823027660996e-05
6.7481847383054e-05
6.74813920061543e-05
6.74809366354005e-05
6.74804812707924e-05
6.748002591233e-05
6.7479570560013e-05
6.74791152138413e-05
6.74786598738149e-05
6.74782045399336e-05
6.74777492121973e-05
6.74772938906058e-05
6.74768385751591e-05
6.74763832658569e-05
6.74759279626993e-05
6.7475472665686e-05
6.7475017374817e-05
6.7474562090092e-05
6.74741068115111e-05
6.7473651539074e-05
6.74731962727806e-05
6.74727410126309e-05
6.74722857586246e-05
6.74718305107618e-05
6.74713752690421e-05
6.74709200334656e-05
6.7470464804032e-05
6.74700095807414e-05
6.74695543635934e-05
6.74690991525881e-05
6.74686439477253e-05
6.74681887490048e-05
6.74677335564266e-05
6.74672783699906e-05
6.74668231896965e-05
6.74663680155442e-05
6.74659128475338e-05
6.74654576856649e-05
6.74650025299376e-05
6.74645473803516e-05
6.74640922369069e-05
6.74636370996033e-05
6.74631819684407e-05
6.7462726843419e-05
6.74622717245381e-05
6.74618166117977e-05
6.74613615051979e-05
6.74609064047385e-05
6.74604513104193e-05
6.74599962222402e-05
6.74595411402012e-05
6.7459086064302e-05
6.74586309945426e-05
6.74581759309228e-05
6.74577208734426e-05
6.74572658221017e-05
6.74568107769001e-05
6.74563557378376e-05
6.74559007049142e-05
6.74554456781296e-05
6.74549906574838e-05
6.74545356429766e-05
6.7454080634608e-05
6.74536256323777e-05
6.74531706362858e-05
6.74527156463319e-05
6.74522606625161e-05
6.74518056848382e-05
6.7451350713298e-05
6.74508957478955e-05
6.74504407886306e-05
6.7449985835503e-05
6.74495308885127e-05
6.74490759476595e-05
6.74486210129434e-05
6.74481660843642e-05
6.74477111619217e-05
6.74472562456159e-05
6.74468013354467e-05
6.74463464314138e-05
6.74458915335172e-05
6.74454366417568e-05
6.74449817561324e-05
6.7444526876644e-05
6.74440720032913e-05
6.74436171360742e-05
6.74431622749927e-05
6.74427074200467e-05
6.74422525712359e-05
6.74417977285603e-05
6.74413428920197e-05
6.7440888061614e-05
6.74404332373431e-05
6.74399784192069e-05
6.74395236072052e-05
6.7439068801338e-05
6.7438614001605e-05
6.74381592080063e-05
6.74377044205415e-05
6.74372496392107e-05
6.74367948640137e-05
6.74363400949504e-05
6.74358853320206e-05
6.74354305752242e-05
6.74349758245612e-05
6.74345210800313e-05
6.74340663416345e-05
6.74336116093706e-05
6.74331568832395e-05
6.74327021632411e-05
6.74322474493752e-05
6.74317927416418e-05
6.74313380400407e-05
6.74308833445718e-05
6.7430428655235e-05
6.742997397203e-05
6.7429519294957e-05
6.74290646240155e-05
6.74286099592057e-05
6.74281553005273e-05
6.74277006479802e-05
6.74272460015643e-05
6.74267913612795e-05
6.74263367271256e-05
6.74258820991026e-05
6.74254274772102e-05
6.74249728614484e-05
6.74245182518171e-05
6.74240636483161e-05
6.74236090509453e-05
6.74231544597046e-05
6.74226998745938e-05
6.74222452956128e-05
6.74217907227616e-05
6.74213361560399e-05
6.74208815954477e-05
6.74204270409849e-05
6.74199724926512e-05
6.74195179504467e-05
6.7419063414371e-05
6.74186088844243e-05
6.74181543606062e-05
6.74176998429168e-05
6.74172453313558e-05
6.74167908259231e-05
6.74163363266187e-05
6.74158818334423e-05
6.7415427346394e-05
6.74149728654734e-05
6.74145183906806e-05
6.74140639220154e-05
6.74136094594777e-05
6.74131550030673e-05
6.74127005527841e-05
6.74122461086281e-05
6.7411791670599e-05
6.74113372386968e-05
6.74108828129213e-05
6.74104283932724e-05
6.740997397975e-05
6.7409519572354e-05
6.74090651710842e-05
6.74086107759405e-05
6.74081563869228e-05
6.7407702004031e-05
6.74072476272649e-05
6.74067932566244e-05
6.74063388921094e-05
6.74058845337198e-05
6.74054301814554e-05
6.74049758353162e-05
6.74045214953019e-05
6.74040671614125e-05
6.74036128336479e-05
6.74031585120079e-05
6.74027041964924e-05
6.74022498871012e-05
6.74017955838344e-05
6.74013412866916e-05
6.74008869956729e-05
6.7400432710778e-05
6.73999784320069e-05
6.73995241593594e-05
6.73990698928355e-05
6.73986156324349e-05
6.73981613781576e-05
6.73977071300034e-05
6.73972528879723e-05
6.7396798652064e-05
6.73963444222785e-05
6.73958901986157e-05
6.73954359810754e-05
6.73949817696574e-05
6.73945275643618e-05
6.73940733651883e-05
6.73936191721368e-05
6.73931649852072e-05
6.73927108043994e-05
6.73922566297132e-05
6.73918024611486e-05
6.73913482987054e-05
6.73908941423835e-05
6.73904399921827e-05
6.7389985848103e-05
6.73895317101441e-05
6.73890775783061e-05
6.73886234525887e-05
6.73881693329919e-05
6.73877152195155e-05
6.73872611121594e-05
6.73868070109234e-05
6.73863529158075e-05
6.73858988268115e-05
6.73854447439353e-05
6.73849906671788e-05
6.73845365965418e-05
6.73840825320243e-05
6.7383628473626e-05
6.7383174421347e-05
6.7382720375187e-05
6.73822663351459e-05
6.73818123012237e-05
6.73813582734201e-05
6.73809042517351e-05
6.73804502361685e-05
6.73799962267202e-05
6.73795422233901e-05
6.73790882261781e-05
6.73786342350841e-05
6.73781802501078e-05
6.73777262712493e-05
6.73772722985083e-05
6.73768183318847e-05
6.73763643713785e-05
6.73759104169895e-05
6.73754564687176e-05
6.73750025265626e-05
6.73745485905244e-05
6.7374094660603e-05
6.73736407367981e-05
6.73731868191097e-05
6.73727329075377e-05
6.73722790020818e-05
6.7371825102742e-05
6.73713712095182e-05
6.73709173224103e-05
6.7370463441418e-05
6.73700095665414e-05
6.73695556977802e-05
6.73691018351343e-05
6.73686479786037e-05
6.73681941281882e-05
6.73677402838877e-05
6.7367286445702e-05
6.7366832613631e-05
6.73663787876747e-05
6.73659249678328e-05
6.73654711541052e-05
6.7365017346492e-05
6.73645635449928e-05
6.73641097496076e-05
6.73636559603363e-05
6.73632021771787e-05
6.73627484001347e-05
6.73622946292042e-05
6.73618408643871e-05
6.73613871056833e-05
6.73609333530925e-05
6.73604796066148e-05
6.73600258662499e-05
6.73595721319978e-05
6.73591184038583e-05
6.73586646818313e-05
6.73582109659167e-05
6.73577572561144e-05
6.73573035524242e-05
6.7356849854846e-05
6.73563961633797e-05
6.73559424780251e-05
6.73554887987822e-05
6.73550351256508e-05
6.73545814586308e-05
6.73541277977221e-05
6.73536741429245e-05
6.73532204942379e-05
6.73527668516623e-05
6.73523132151974e-05
6.73518595848431e-05
6.73514059605994e-05
6.73509523424661e-05
6.73504987304431e-05
6.73500451245302e-05
6.73495915247274e-05
6.73491379310345e-05
6.73486843434514e-05
6.73482307619779e-05
6.7347777186614e-05
6.73473236173594e-05
6.73468700542142e-05
6.73464164971782e-05
6.73459629462512e-05
6.73455094014331e-05
6.73450558627238e-05
6.73446023301232e-05
6.73441488036312e-05
6.73436952832476e-05
6.73432417689723e-05
6.73427882608051e-05
6.73423347587461e-05
6.7341881262795e-05
6.73414277729516e-05
6.7340974289216e-05
6.7340520811588e-05
6.73400673400673e-05
6.7339613874654e-05
6.73391604153479e-05
6.73387069621489e-05
6.73382535150568e-05
6.73378000740716e-05
6.7337346639193e-05
6.73368932104211e-05
6.73364397877555e-05
6.73359863711964e-05
6.73355329607434e-05
6.73350795563965e-05
6.73346261581556e-05
6.73341727660205e-05
6.73337193799911e-05
6.73332660000673e-05
6.7332812626249e-05
6.73323592585361e-05
6.73319058969283e-05
6.73314525414257e-05
6.7330999192028e-05
6.73305458487352e-05
6.73300925115471e-05
6.73296391804636e-05
6.73291858554846e-05
6.732873253661e-05
6.73282792238396e-05
6.73278259171733e-05
6.7327372616611e-05
6.73269193221526e-05
6.73264660337979e-05
6.73260127515468e-05
6.73255594753992e-05
6.7325106205355e-05
6.73246529414141e-05
6.73241996835763e-05
6.73237464318414e-05
6.73232931862095e-05
6.73228399466803e-05
6.73223867132538e-05
6.73219334859297e-05
6.73214802647081e-05
6.73210270495887e-05
6.73205738405714e-05
6.73201206376562e-05
6.73196674408428e-05
6.73192142501313e-05
6.73187610655213e-05
6.7318307887013e-05
6.7317854714606e-05
6.73174015483002e-05
6.73169483880957e-05
6.73164952339921e-05
6.73160420859895e-05
6.73155889440877e-05
6.73151358082865e-05
6.73146826785858e-05
6.73142295549856e-05
6.73137764374857e-05
6.73133233260859e-05
6.73128702207862e-05
6.73124171215864e-05
6.73119640284864e-05
6.73115109414861e-05
6.73110578605853e-05
6.7310604785784e-05
6.7310151717082e-05
6.73096986544791e-05
6.73092455979753e-05
6.73087925475705e-05
6.73083395032645e-05
6.73078864650571e-05
6.73074334329483e-05
6.7306980406938e-05
6.7306527387026e-05
6.73060743732122e-05
6.73056213654964e-05
6.73051683638787e-05
6.73047153683587e-05
6.73042623789365e-05
6.73038093956118e-05
6.73033564183846e-05
6.73029034472547e-05
6.73024504822221e-05
6.73019975232865e-05
6.73015445704479e-05
6.73010916237061e-05
6.73006386830611e-05
6.73001857485127e-05
6.72997328200607e-05
6.72992798977051e-05
6.72988269814457e-05
6.72983740712824e-05
6.72979211672151e-05
6.72974682692437e-05
6.7297015377368e-05
6.72965624915879e-05
6.72961096119033e-05
6.72956567383141e-05
6.72952038708201e-05
6.72947510094213e-05
6.72942981541174e-05
6.72938453049084e-05
6.72933924617942e-05
6.72929396247746e-05
6.72924867938495e-05
6.72920339690188e-05
6.72915811502823e-05
6.729112833764e-05
6.72906755310917e-05
6.72902227306372e-05
6.72897699362766e-05
6.72893171480096e-05
6.72888643658361e-05
6.7288411589756e-05
6.72879588197692e-05
6.72875060558755e-05
6.72870532980749e-05
6.72866005463672e-05
6.72861478007523e-05
6.728569506123e-05
6.72852423278002e-05
6.72847896004629e-05
6.72843368792179e-05
6.7283884164065e-05
6.72834314550042e-05
6.72829787520353e-05
6.72825260551582e-05
6.72820733643728e-05
6.72816206796789e-05
6.72811680010765e-05
6.72807153285654e-05
6.72802626621454e-05
6.72798100018166e-05
6.72793573475786e-05
6.72789046994315e-05
6.72784520573751e-05
6.72779994214092e-05
6.72775467915338e-05
6.72770941677487e-05
6.72766415500538e-05
6.7276188938449e-05
6.72757363329342e-05
6.72752837335091e-05
6.72748311401738e-05
6.72743785529281e-05
6.72739259717719e-05
6.7273473396705e-05
6.72730208277272e-05
6.72725682648386e-05
6.7272115708039e-05
6.72716631573282e-05
6.72712106127062e-05
6.72707580741727e-05
6.72703055417278e-05
6.72698530153712e-05
6.72694004951028e-05
6.72689479809225e-05
6.72684954728303e-05
6.72680429708259e-05
6.72675904749092e-05
6.72671379850802e-05
6.72666855013386e-05
6.72662330236844e-05
6.72657805521175e-05
6.72653280866377e-05
6.7264875627245e-05
6.72644231739391e-05
6.72639707267199e-05
6.72635182855874e-05
6.72630658505415e-05
6.72626134215819e-05
6.72621609987086e-05
6.72617085819214e-05
6.72612561712203e-05
6.7260803766605e-05
6.72603513680755e-05
6.72598989756317e-05
6.72594465892735e-05
6.72589942090006e-05
6.7258541834813e-05
6.72580894667106e-05
6.72576371046932e-05
6.72571847487608e-05
6.72567323989131e-05
6.72562800551502e-05
6.72558277174717e-05
6.72553753858777e-05
6.7254923060368e-05
6.72544707409425e-05
6.72540184276011e-05
6.72535661203435e-05
6.72531138191698e-05
6.72526615240798e-05
6.72522092350734e-05
6.72517569521504e-05
6.72513046753107e-05
6.72508524045542e-05
6.72504001398808e-05
6.72499478812904e-05
6.72494956287828e-05
6.72490433823579e-05
6.72485911420156e-05
6.72481389077557e-05
6.72476866795782e-05
6.72472344574829e-05
6.72467822414697e-05
6.72463300315385e-05
6.72458778276892e-05
6.72454256299215e-05
6.72449734382355e-05
6.72445212526309e-05
6.72440690731078e-05
6.72436168996658e-05
6.7243164732305e-05
6.72427125710251e-05
6.72422604158261e-05
6.72418082667079e-05
6.72413561236703e-05
6.72409039867132e-05
6.72404518558365e-05
6.723999973104e-05
6.72395476123237e-05
6.72390954996873e-05
6.72386433931309e-05
6.72381912926542e-05
6.72377391982572e-05
6.72372871099397e-05
6.72368350277016e-05
6.72363829515427e-05
6.7235930881463e-05
6.72354788174624e-05
6.72350267595406e-05
6.72345747076977e-05
6.72341226619334e-05
6.72336706222476e-05
6.72332185886403e-05
6.72327665611112e-05
6.72323145396603e-05
6.72318625242875e-05
6.72314105149926e-05
6.72309585117755e-05
6.72305065146361e-05
6.72300545235742e-05
6.72296025385898e-05
6.72291505596827e-05
6.72286985868528e-05
6.72282466200999e-05
6.7227794659424e-05
6.72273427048249e-05
6.72268907563025e-05
6.72264388138567e-05
6.72259868774874e-05
6.72255349471943e-05
6.72250830229775e-05
6.72246311048368e-05
6.72241791927721e-05
6.72237272867831e-05
6.722327538687e-05
6.72228234930324e-05
6.72223716052702e-05
6.72219197235835e-05
6.72214678479719e-05
6.72210159784355e-05
6.7220564114974e-05
6.72201122575875e-05
6.72196604062756e-05
6.72192085610384e-05
6.72187567218757e-05
6.72183048887873e-05
6.72178530617732e-05
6.72174012408332e-05
6.72169494259672e-05
6.72164976171752e-05
6.72160458144568e-05
6.72155940178121e-05
6.7215142227241e-05
6.72146904427432e-05
6.72142386643187e-05
6.72137868919673e-05
6.72133351256889e-05
6.72128833654835e-05
6.72124316113508e-05
6.72119798632908e-05
6.72115281213034e-05
6.72110763853883e-05
6.72106246555456e-05
6.7210172931775e-05
6.72097212140764e-05
6.72092695024498e-05
6.7208817796895e-05
6.72083660974118e-05
6.72079144040002e-05
6.72074627166601e-05
6.72070110353912e-05
6.72065593601936e-05
6.7206107691067e-05
6.72056560280113e-05
6.72052043710265e-05
6.72047527201124e-05
6.72043010752688e-05
6.72038494364957e-05
6.7203397803793e-05
6.72029461771604e-05
6.72024945565979e-05
6.72020429421054e-05
6.72015913336828e-05
6.72011397313298e-05
6.72006881350465e-05
6.72002365448326e-05
6.71997849606881e-05
6.71993333826128e-05
6.71988818106067e-05
6.71984302446695e-05
6.71979786848012e-05
6.71975271310016e-05
6.71970755832706e-05
6.71966240416082e-05
6.71961725060141e-05
6.71957209764882e-05
6.71952694530305e-05
6.71948179356408e-05
6.7194366424319e-05
6.71939149190649e-05
6.71934634198785e-05
6.71930119267596e-05
6.71925604397081e-05
6.71921089587239e-05
6.71916574838068e-05
6.71912060149568e-05
6.71907545521736e-05
6.71903030954573e-05
6.71898516448076e-05
6.71894002002244e-05
6.71889487617077e-05
6.71884973292572e-05
6.7188045902873e-05
6.71875944825547e-05
6.71871430683025e-05
6.7186691660116e-05
6.71862402579952e-05
6.71857888619399e-05
6.71853374719501e-05
6.71848860880256e-05
6.71844347101664e-05
6.71839833383721e-05
6.71835319726429e-05
6.71830806129784e-05
6.71826292593787e-05
6.71821779118436e-05
6.71817265703729e-05
6.71812752349665e-05
6.71808239056244e-05
6.71803725823463e-05
6.71799212651323e-05
6.71794699539821e-05
6.71790186488956e-05
6.71785673498727e-05
6.71781160569133e-05
6.71776647700173e-05
6.71772134891845e-05
6.71767622144148e-05
6.71763109457081e-05
6.71758596830643e-05
6.71754084264832e-05
6.71749571759648e-05
6.71745059315089e-05
6.71740546931153e-05
6.7173603460784e-05
6.71731522345149e-05
6.71727010143078e-05
6.71722498001626e-05
6.71717985920791e-05
6.71713473900573e-05
6.7170896194097e-05
6.71704450041982e-05
6.71699938203606e-05
6.71695426425841e-05
6.71690914708688e-05
6.71686403052143e-05
6.71681891456206e-05
6.71677379920876e-05
6.71672868446152e-05
6.71668357032032e-05
6.71663845678515e-05
6.716593343856e-05
6.71654823153285e-05
6.7165031198157e-05
6.71645800870453e-05
6.71641289819933e-05
6.71636778830009e-05
6.71632267900679e-05
6.71627757031943e-05
6.71623246223798e-05
6.71618735476245e-05
6.71614224789281e-05
6.71609714162906e-05
6.71605203597117e-05
6.71600693091915e-05
6.71596182647298e-05
6.71591672263264e-05
6.71587161939812e-05
6.71582651676942e-05
6.71578141474651e-05
6.71573631332939e-05
6.71569121251805e-05
6.71564611231247e-05
6.71560101271263e-05
6.71555591371854e-05
6.71551081533017e-05
6.71546571754751e-05
6.71542062037056e-05
6.71537552379929e-05
6.7153304278337e-05
6.71528533247378e-05
6.71524023771951e-05
6.71519514357087e-05
6.71515005002787e-05
6.71510495709048e-05
6.71505986475869e-05
6.7150147730325e-05
6.71496968191189e-05
6.71492459139684e-05
6.71487950148735e-05
6.7148344121834e-05
6.71478932348498e-05
6.71474423539207e-05
6.71469914790468e-05
6.71465406102278e-05
6.71460897474636e-05
6.7145638890754e-05
6.71451880400991e-05
6.71447371954986e-05
6.71442863569525e-05
6.71438355244605e-05
6.71433846980226e-05
6.71429338776387e-05
6.71424830633086e-05
6.71420322550323e-05
6.71415814528095e-05
6.71411306566403e-05
6.71406798665243e-05
6.71402290824616e-05
6.7139778304452e-05
6.71393275324954e-05
6.71388767665917e-05
6.71384260067407e-05
6.71379752529423e-05
6.71375245051964e-05
6.71370737635029e-05
6.71366230278617e-05
6.71361722982726e-05
6.71357215747355e-05
6.71352708572503e-05
6.71348201458168e-05
6.7134369440435e-05
6.71339187411048e-05
6.71334680478259e-05
6.71330173605983e-05
6.71325666794219e-05
6.71321160042965e-05
6.7131665335222e-05
6.71312146721983e-05
6.71307640152253e-05
6.71303133643028e-05
6.71298627194307e-05
6.7129412080609e-05
6.71289614478374e-05
6.71285108211159e-05
6.71280602004444e-05
6.71276095858227e-05
6.71271589772506e-05
6.71267083747281e-05
6.71262577782551e-05
6.71258071878314e-05
6.7125356603457e-05
6.71249060251316e-05
6.71244554528551e-05
6.71240048866276e-05
6.71235543264487e-05
6.71231037723184e-05
6.71226532242366e-05
6.71222026822032e-05
6.7121752146218e-05
6.71213016162809e-05
6.71208510923919e-05
6.71204005745506e-05
6.71199500627571e-05
6.71194995570113e-05
6.7119049057313e-05
6.7118598563662e-05
6.71181480760583e-05
6.71176975945017e-05
6.71172471189922e-05
6.71167966495295e-05
6.71163461861136e-05
6.71158957287444e-05
6.71154452774217e-05
6.71149948321454e-05
6.71145443929154e-05
6.71140939597315e-05
6.71136435325937e-05
6.71131931115019e-05
6.71127426964558e-05
6.71122922874554e-05
6.71118418845005e-05
6.71113914875911e-05
6.7110941096727e-05
6.71104907119081e-05
6.71100403331342e-05
6.71095899604053e-05
6.71091395937213e-05
6.71086892330819e-05
6.71082388784871e-05
6.71077885299368e-05
6.71073381874308e-05
6.7106887850969e-05
6.71064375205513e-05
6.71059871961776e-05
6.71055368778478e-05
6.71050865655617e-05
6.71046362593192e-05
6.71041859591201e-05
6.71037356649645e-05
6.71032853768521e-05
6.71028350947827e-05
6.71023848187565e-05
6.7101934548773e-05
6.71014842848324e-05
6.71010340269344e-05
6.71005837750788e-05
6.71001335292657e-05
6.70996832894949e-05
6.70992330557662e-05
6.70987828280795e-05
6.70983326064347e-05
6.70978823908317e-05
6.70974321812704e-05
6.70969819777506e-05
6.70965317802723e-05
6.70960815888352e-05
6.70956314034393e-05
6.70951812240845e-05
6.70947310507706e-05
6.70942808834975e-05
6.70938307222651e-05
6.70933805670732e-05
6.70929304179219e-05
6.70924802748108e-05
6.70920301377399e-05
6.70915800067092e-05
6.70911298817183e-05
6.70906797627674e-05
6.70902296498561e-05
6.70897795429844e-05
6.70893294421522e-05
6.70888793473594e-05
6.70884292586058e-05
6.70879791758913e-05
6.70875290992158e-05
6.70870790285791e-05
6.70866289639812e-05
6.70861789054219e-05
6.70857288529011e-05
6.70852788064187e-05
6.70848287659746e-05
6.70843787315686e-05
6.70839287032006e-05
6.70834786808705e-05
6.70830286645782e-05
6.70825786543235e-05
6.70821286501063e-05
6.70816786519266e-05
6.70812286597841e-05
6.70807786736788e-05
6.70803286936106e-05
6.70798787195793e-05
6.70794287515847e-05
6.70789787896269e-05
6.70785288337056e-05
6.70780788838208e-05
6.70776289399722e-05
6.70771790021599e-05
6.70767290703836e-05
6.70762791446433e-05
6.70758292249388e-05
6.707537931127e-05
6.70749294036368e-05
6.70744795020391e-05
6.70740296064767e-05
6.70735797169495e-05
6.70731298334574e-05
6.70726799560003e-05
6.70722300845781e-05
6.70717802191906e-05
6.70713303598377e-05
6.70708805065193e-05
6.70704306592353e-05
6.70699808179855e-05
6.70695309827698e-05
6.70690811535882e-05
6.70686313304404e-05
6.70681815133265e-05
6.70677317022461e-05
6.70672818971993e-05
6.70668320981858e-05
6.70663823052057e-05
6.70659325182587e-05
6.70654827373447e-05
6.70650329624637e-05
6.70645831936155e-05
6.70641334307999e-05
6.70636836740168e-05
6.70632339232662e-05
6.7062784178548e-05
6.70623344398618e-05
6.70618847072078e-05
6.70614349805857e-05
6.70609852599954e-05
6.70605355454369e-05
6.70600858369099e-05
6.70596361344143e-05
6.70591864379501e-05
6.70587367475172e-05
6.70582870631153e-05
6.70578373847443e-05
6.70573877124043e-05
6.70569380460949e-05
6.70564883858162e-05
6.7056038731568e-05
6.70555890833501e-05
6.70551394411625e-05
6.7054689805005e-05
6.70542401748775e-05
6.70537905507798e-05
6.7053340932712e-05
6.70528913206737e-05
6.7052441714665e-05
6.70519921146857e-05
6.70515425207357e-05
6.70510929328148e-05
6.7050643350923e-05
6.705019377506e-05
6.70497442052259e-05
6.70492946414204e-05
6.70488450836434e-05
6.70483955318949e-05
6.70479459861747e-05
6.70474964464827e-05
6.70470469128187e-05
6.70465973851827e-05
6.70461478635745e-05
6.7045698347994e-05
6.70452488384411e-05
6.70447993349156e-05
6.70443498374174e-05
6.70439003459465e-05
6.70434508605027e-05
6.70430013810858e-05
6.70425519076958e-05
6.70421024403325e-05
6.70416529789958e-05
6.70412035236857e-05
6.70407540744018e-05
6.70403046311442e-05
6.70398551939128e-05
6.70394057627073e-05
6.70389563375277e-05
6.70385069183739e-05
6.70380575052457e-05
6.70376080981431e-05
6.70371586970658e-05
6.70367093020138e-05
6.70362599129869e-05
6.70358105299851e-05
6.70353611530082e-05
6.70349117820561e-05
6.70344624171286e-05
6.70340130582257e-05
6.70335637053473e-05
6.70331143584931e-05
6.70326650176631e-05
6.70322156828572e-05
6.70317663540752e-05
6.7031317031317e-05
6.70308677145826e-05
6.70304184038717e-05
6.70299690991842e-05
6.70295198005201e-05
6.70290705078793e-05
6.70286212212615e-05
6.70281719406667e-05
6.70277226660947e-05
6.70272733975455e-05
6.70268241350188e-05
6.70263748785147e-05
6.70259256280329e-05
6.70254763835734e-05
6.7025027145136e-05
6.70245779127206e-05
6.70241286863271e-05
6.70236794659553e-05
6.70232302516052e-05
6.70227810432766e-05
6.70223318409694e-05
6.70218826446835e-05
6.70214334544187e-05
6.7020984270175e-05
6.70205350919522e-05
6.70200859197501e-05
6.70196367535688e-05
6.7019187593408e-05
6.70187384392676e-05
6.70182892911476e-05
6.70178401490477e-05
6.70173910129679e-05
6.7016941882908e-05
6.7016492758868e-05
6.70160436408476e-05
6.70155945288469e-05
6.70151454228656e-05
6.70146963229036e-05
6.70142472289609e-05
6.70137981410372e-05
6.70133490591326e-05
6.70128999832468e-05
6.70124509133797e-05
6.70120018495312e-05
6.70115527917013e-05
6.70111037398897e-05
6.70106546940964e-05
6.70102056543212e-05
6.7009756620564e-05
6.70093075928246e-05
6.70088585711031e-05
6.70084095553992e-05
6.70079605457128e-05
6.70075115420439e-05
6.70070625443922e-05
6.70066135527577e-05
6.70061645671402e-05
6.70057155875396e-05
6.70052666139559e-05
6.70048176463888e-05
6.70043686848383e-05
6.70039197293042e-05
6.70034707797864e-05
6.70030218362848e-05
6.70025728987993e-05
6.70021239673298e-05
6.70016750418761e-05
6.7001226122438e-05
6.70007772090156e-05
6.70003283016087e-05
6.69998794002171e-05
6.69994305048407e-05
6.69989816154795e-05
6.69985327321332e-05
6.69980838548017e-05
6.69976349834851e-05
6.6997186118183e-05
6.69967372588955e-05
6.69962884056223e-05
6.69958395583634e-05
6.69953907171187e-05
6.69949418818879e-05
6.69944930526711e-05
6.6994044229468e-05
6.69935954122786e-05
6.69931466011027e-05
6.69926977959402e-05
6.69922489967911e-05
6.69918002036551e-05
6.69913514165321e-05
6.69909026354221e-05
6.69904538603249e-05
6.69900050912404e-05
6.69895563281684e-05
6.69891075711089e-05
6.69886588200618e-05
6.69882100750268e-05
6.69877613360039e-05
6.6987312602993e-05
6.69868638759939e-05
6.69864151550066e-05
6.69859664400308e-05
6.69855177310665e-05
6.69850690281136e-05
6.6984620331172e-05
6.69841716402414e-05
6.69837229553219e-05
6.69832742764132e-05
6.69828256035153e-05
6.6982376936628e-05
6.69819282757512e-05
6.69814796208848e-05
6.69810309720287e-05
6.69805823291828e-05
6.69801336923469e-05
6.69796850615208e-05
6.69792364367046e-05
6.69787878178981e-05
6.69783392051011e-05
6.69778905983135e-05
6.69774419975352e-05
6.69769934027662e-05
6.69765448140061e-05
6.69760962312551e-05
6.69756476545128e-05
6.69751990837793e-05
6.69747505190543e-05
6.69743019603378e-05
6.69738534076297e-05
6.69734048609297e-05
6.69729563202379e-05
6.6972507785554e-05
6.6972059256878e-05
6.69716107342098e-05
6.69711622175491e-05
6.6970713706896e-05
6.69702652022502e-05
6.69698167036117e-05
6.69693682109803e-05
6.69689197243559e-05
6.69684712437384e-05
6.69680227691277e-05
6.69675743005237e-05
6.69671258379262e-05
6.6966677381335e-05
6.69662289307502e-05
6.69657804861716e-05
6.6965332047599e-05
6.69648836150323e-05
6.69644351884714e-05
6.69639867679162e-05
6.69635383533666e-05
6.69630899448224e-05
6.69626415422836e-05
6.69621931457499e-05
6.69617447552213e-05
6.69612963706977e-05
6.6960847992179e-05
6.69603996196649e-05
6.69599512531555e-05
6.69595028926505e-05
6.69590545381499e-05
6.69586061896536e-05
6.69581578471613e-05
6.69577095106731e-05
6.69572611801887e-05
6.69568128557081e-05
6.69563645372311e-05
6.69559162247576e-05
6.69554679182875e-05
6.69550196178208e-05
6.69545713233571e-05
6.69541230348965e-05
6.69536747524388e-05
6.69532264759839e-05
6.69527782055316e-05
6.69523299410819e-05
6.69518816826347e-05
6.69514334301897e-05
6.6950985183747e-05
6.69505369433063e-05
6.69500887088675e-05
6.69496404804306e-05
6.69491922579954e-05
6.69487440415618e-05
6.69482958311296e-05
6.69478476266988e-05
6.69473994282692e-05
6.69469512358407e-05
6.69465030494132e-05
6.69460548689866e-05
6.69456066945607e-05
6.69451585261354e-05
6.69447103637106e-05
6.69442622072862e-05
6.69438140568621e-05
6.69433659124381e-05
6.69429177740141e-05
6.694246964159e-05
6.69420215151657e-05
6.69415733947411e-05
6.6941125280316e-05
6.69406771718903e-05
6.69402290694639e-05
6.69397809730367e-05
6.69393328826085e-05
6.69388847981793e-05
6.69384367197489e-05
6.69379886473171e-05
6.6937540580884e-05
6.69370925204493e-05
6.69366444660129e-05
6.69361964175748e-05
6.69357483751347e-05
6.69353003386926e-05
6.69348523082484e-05
6.69344042838019e-05
6.6933956265353e-05
6.69335082529016e-05
6.69330602464475e-05
6.69326122459907e-05
6.69321642515311e-05
6.69317162630684e-05
6.69312682806026e-05
6.69308203041336e-05
6.69303723336613e-05
6.69299243691855e-05
6.6929476410706e-05
6.69290284582229e-05
6.69285805117359e-05
6.6928132571245e-05
6.692768463675e-05
6.69272367082508e-05
6.69267887857473e-05
6.69263408692393e-05
6.69258929587268e-05
6.69254450542096e-05
6.69249971556876e-05
6.69245492631607e-05
6.69241013766288e-05
6.69236534960917e-05
6.69232056215493e-05
6.69227577530015e-05
6.69223098904482e-05
6.69218620338892e-05
6.69214141833245e-05
6.69209663387539e-05
6.69205185001773e-05
6.69200706675946e-05
6.69196228410057e-05
6.69191750204103e-05
6.69187272058085e-05
6.69182793972001e-05
6.6917831594585e-05
6.6917383797963e-05
6.69169360073341e-05
6.69164882226981e-05
6.69160404440548e-05
6.69155926714043e-05
6.69151449047463e-05
6.69146971440807e-05
6.69142493894075e-05
6.69138016407264e-05
6.69133538980374e-05
6.69129061613404e-05
6.69124584306352e-05
6.69120107059217e-05
6.69115629871998e-05
6.69111152744694e-05
6.69106675677303e-05
6.69102198669825e-05
6.69097721722258e-05
6.690932448346e-05
6.69088768006851e-05
6.6908429123901e-05
6.69079814531075e-05
6.69075337883046e-05
6.6907086129492e-05
6.69066384766697e-05
6.69061908298375e-05
6.69057431889953e-05
6.69052955541431e-05
6.69048479252807e-05
6.69044003024079e-05
6.69039526855247e-05
6.69035050746309e-05
6.69030574697264e-05
6.69026098708111e-05
6.69021622778848e-05
6.69017146909475e-05
6.69012671099991e-05
6.69008195350393e-05
6.69003719660681e-05
6.68999244030854e-05
6.68994768460911e-05
6.68990292950849e-05
6.68985817500669e-05
6.68981342110369e-05
6.68976866779947e-05
6.68972391509402e-05
6.68967916298734e-05
6.68963441147941e-05
6.68958966057022e-05
6.68954491025975e-05
6.689500160548e-05
6.68945541143496e-05
6.6894106629206e-05
6.68936591500492e-05
6.6893211676879e-05
6.68927642096954e-05
6.68923167484983e-05
6.68918692932874e-05
6.68914218440627e-05
6.68909744008241e-05
6.68905269635714e-05
6.68900795323046e-05
6.68896321070234e-05
6.68891846877278e-05
6.68887372744177e-05
6.6888289867093e-05
6.68878424657534e-05
6.6887395070399e-05
6.68869476810295e-05
6.68865002976449e-05
6.68860529202451e-05
6.68856055488298e-05
6.68851581833991e-05
6.68847108239528e-05
6.68842634704907e-05
6.68838161230127e-05
6.68833687815188e-05
6.68829214460088e-05
6.68824741164825e-05
6.68820267929399e-05
6.68815794753809e-05
6.68811321638053e-05
6.68806848582129e-05
6.68802375586038e-05
6.68797902649777e-05
6.68793429773346e-05
6.68788956956743e-05
6.68784484199967e-05
6.68780011503016e-05
6.68775538865891e-05
6.68771066288588e-05
6.68766593771108e-05
6.68762121313449e-05
6.6875764891561e-05
6.68753176577589e-05
6.68748704299385e-05
6.68744232080998e-05
6.68739759922426e-05
6.68735287823668e-05
6.68730815784722e-05
6.68726343805588e-05
6.68721871886264e-05
6.68717400026749e-05
6.68712928227041e-05
6.68708456487141e-05
6.68703984807045e-05
6.68699513186754e-05
6.68695041626266e-05
6.6869057012558e-05
6.68686098684694e-05
6.68681627303608e-05
6.6867715598232e-05
6.68672684720829e-05
6.68668213519134e-05
6.68663742377233e-05
6.68659271295126e-05
6.68654800272811e-05
6.68650329310287e-05
6.68645858407553e-05
6.68641387564608e-05
6.68636916781449e-05
6.68632446058077e-05
6.6862797539449e-05
6.68623504790687e-05
6.68619034246667e-05
6.68614563762428e-05
6.68610093337969e-05
6.68605622973289e-05
6.68601152668387e-05
6.68596682423262e-05
6.68592212237912e-05
6.68587742112336e-05
6.68583272046533e-05
6.68578802040502e-05
6.68574332094242e-05
6.68569862207751e-05
6.68565392381029e-05
6.68560922614073e-05
6.68556452906884e-05
6.68551983259458e-05
6.68547513671797e-05
6.68543044143897e-05
6.68538574675759e-05
6.6853410526738e-05
6.6852963591876e-05
6.68525166629898e-05
6.68520697400792e-05
6.6851622823144e-05
6.68511759121843e-05
6.68507290071998e-05
6.68502821081905e-05
6.68498352151562e-05
6.68493883280968e-05
6.68489414470122e-05
6.68484945719022e-05
6.68480477027668e-05
6.68476008396059e-05
6.68471539824192e-05
6.68467071312067e-05
6.68462602859683e-05
6.68458134467038e-05
6.68453666134132e-05
6.68449197860963e-05
6.68444729647529e-05
6.6844026149383e-05
6.68435793399865e-05
6.68431325365632e-05
6.6842685739113e-05
6.68422389476358e-05
6.68417921621315e-05
6.68413453825999e-05
6.68408986090409e-05
6.68404518414544e-05
6.68400050798404e-05
6.68395583241986e-05
6.6839111574529e-05
6.68386648308313e-05
6.68382180931056e-05
6.68377713613517e-05
6.68373246355695e-05
6.68368779157588e-05
6.68364312019195e-05
6.68359844940516e-05
6.68355377921549e-05
6.68350910962292e-05
6.68346444062744e-05
6.68341977222905e-05
6.68337510442774e-05
6.68333043722348e-05
6.68328577061627e-05
6.68324110460609e-05
6.68319643919294e-05
6.6831517743768e-05
6.68310711015765e-05
6.6830624465355e-05
6.68301778351032e-05
6.68297312108211e-05
6.68292845925084e-05
6.68288379801652e-05
6.68283913737912e-05
6.68279447733864e-05
6.68274981789507e-05
6.68270515904838e-05
6.68266050079858e-05
6.68261584314564e-05
6.68257118608956e-05
6.68252652963032e-05
6.68248187376792e-05
6.68243721850233e-05
6.68239256383355e-05
6.68234790976157e-05
6.68230325628638e-05
6.68225860340795e-05
6.68221395112629e-05
6.68216929944137e-05
6.68212464835319e-05
6.68207999786173e-05
6.68203534796699e-05
6.68199069866895e-05
6.68194604996759e-05
6.68190140186291e-05
6.6818567543549e-05
6.68181210744354e-05
6.68176746112882e-05
6.68172281541073e-05
6.68167817028925e-05
6.68163352576438e-05
6.6815888818361e-05
6.6815442385044e-05
6.68149959576927e-05
6.6814549536307e-05
6.68141031208868e-05
6.68136567114318e-05
6.68132103079421e-05
6.68127639104174e-05
6.68123175188578e-05
6.6811871133263e-05
6.68114247536329e-05
6.68109783799674e-05
6.68105320122664e-05
6.68100856505298e-05
6.68096392947574e-05
6.68091929449492e-05
6.6808746601105e-05
6.68083002632247e-05
6.68078539313082e-05
6.68074076053553e-05
6.68069612853659e-05
6.680651497134e-05
6.68060686632774e-05
6.68056223611779e-05
6.68051760650415e-05
6.68047297748681e-05
6.68042834906574e-05
6.68038372124095e-05
6.68033909401241e-05
6.68029446738012e-05
6.68024984134407e-05
6.68020521590423e-05
6.68016059106061e-05
6.68011596681318e-05
6.68007134316195e-05
6.68002672010688e-05
6.67998209764798e-05
6.67993747578523e-05
6.67989285451861e-05
6.67984823384813e-05
6.67980361377376e-05
6.67975899429549e-05
6.67971437541331e-05
6.67966975712721e-05
6.67962513943718e-05
6.6795805223432e-05
6.67953590584526e-05
6.67949128994336e-05
6.67944667463747e-05
6.6794020599276e-05
6.67935744581371e-05
6.67931283229581e-05
6.67926821937389e-05
6.67922360704792e-05
6.6791789953179e-05
6.67913438418381e-05
6.67908977364565e-05
6.6790451637034e-05
6.67900055435705e-05
6.67895594560658e-05
6.678911337452e-05
6.67886672989327e-05
6.6788221229304e-05
6.67877751656337e-05
6.67873291079216e-05
6.67868830561678e-05
6.67864370103719e-05
6.6785990970534e-05
6.67855449366539e-05
6.67850989087315e-05
6.67846528867666e-05
6.67842068707592e-05
6.67837608607091e-05
6.67833148566162e-05
6.67828688584804e-05
6.67824228663016e-05
6.67819768800796e-05
6.67815308998143e-05
6.67810849255057e-05
6.67806389571535e-05
6.67801929947578e-05
6.67797470383182e-05
6.67793010878348e-05
6.67788551433074e-05
6.67784092047359e-05
6.67779632721202e-05
6.67775173454601e-05
6.67770714247556e-05
6.67766255100065e-05
6.67761796012127e-05
6.6775733698374e-05
6.67752878014904e-05
6.67748419105618e-05
6.6774396025588e-05
6.67739501465688e-05
6.67735042735043e-05
6.67730584063942e-05
6.67726125452384e-05
6.67721666900369e-05
6.67717208407895e-05
6.67712749974961e-05
6.67708291601565e-05
6.67703833287707e-05
6.67699375033385e-05
6.67694916838598e-05
6.67690458703345e-05
6.67686000627625e-05
6.67681542611436e-05
6.67677084654778e-05
6.67672626757648e-05
6.67668168920047e-05
6.67663711141972e-05
6.67659253423423e-05
6.67654795764398e-05
6.67650338164896e-05
6.67645880624917e-05
6.67641423144458e-05
6.67636965723518e-05
6.67632508362097e-05
6.67628051060193e-05
6.67623593817806e-05
6.67619136634932e-05
6.67614679511573e-05
6.67610222447726e-05
6.6760576544339e-05
6.67601308498565e-05
6.67596851613248e-05
6.67592394787439e-05
6.67587938021136e-05
6.67583481314338e-05
6.67579024667045e-05
6.67574568079254e-05
6.67570111550966e-05
6.67565655082177e-05
6.67561198672888e-05
6.67556742323097e-05
6.67552286032804e-05
6.67547829802005e-05
6.67543373630702e-05
6.67538917518891e-05
6.67534461466573e-05
6.67530005473746e-05
6.67525549540409e-05
6.6752109366656e-05
6.67516637852198e-05
6.67512182097323e-05
6.67507726401933e-05
6.67503270766027e-05
6.67498815189603e-05
6.67494359672661e-05
6.67489904215199e-05
6.67485448817216e-05
6.67480993478711e-05
6.67476538199682e-05
6.67472082980129e-05
6.67467627820051e-05
6.67463172719445e-05
6.67458717678312e-05
6.67454262696649e-05
6.67449807774455e-05
6.6744535291173e-05
6.67440898108472e-05
6.67436443364681e-05
6.67431988680353e-05
6.6742753405549e-05
6.67423079490089e-05
6.67418624984149e-05
6.67414170537669e-05
6.67409716150648e-05
6.67405261823084e-05
6.67400807554977e-05
6.67396353346325e-05
6.67391899197128e-05
6.67387445107383e-05
6.67382991077089e-05
6.67378537106247e-05
6.67374083194853e-05
6.67369629342908e-05
6.67365175550409e-05
6.67360721817357e-05
6.67356268143748e-05
6.67351814529584e-05
6.67347360974861e-05
6.67342907479579e-05
6.67338454043737e-05
6.67334000667334e-05
6.67329547350368e-05
6.67325094092838e-05
6.67320640894744e-05
6.67316187756083e-05
6.67311734676854e-05
6.67307281657057e-05
6.67302828696691e-05
6.67298375795753e-05
6.67293922954244e-05
6.67289470172161e-05
6.67285017449503e-05
6.6728056478627e-05
6.6727611218246e-05
6.67271659638072e-05
6.67267207153104e-05
6.67262754727557e-05
6.67258302361427e-05
6.67253850054715e-05
6.67249397807419e-05
6.67244945619537e-05
6.67240493491069e-05
6.67236041422013e-05
6.67231589412369e-05
6.67227137462135e-05
6.67222685571309e-05
6.67218233739892e-05
6.6721378196788e-05
6.67209330255274e-05
6.67204878602072e-05
6.67200427008273e-05
6.67195975473876e-05
6.67191523998879e-05
6.67187072583282e-05
6.67182621227082e-05
6.6717816993028e-05
6.67173718692873e-05
6.67169267514861e-05
6.67164816396243e-05
6.67160365337016e-05
6.67155914337181e-05
6.67151463396735e-05
6.67147012515678e-05
6.67142561694008e-05
6.67138110931725e-05
6.67133660228827e-05
6.67129209585312e-05
6.67124759001181e-05
6.67120308476431e-05
6.67115858011061e-05
6.6711140760507e-05
6.67106957258457e-05
6.67102506971221e-05
6.67098056743361e-05
6.67093606574875e-05
6.67089156465762e-05
6.67084706416021e-05
6.67080256425651e-05
6.6707580649465e-05
6.67071356623018e-05
6.67066906810753e-05
6.67062457057854e-05
6.6705800736432e-05
6.6705355773015e-05
6.67049108155342e-05
6.67044658639896e-05
6.6704020918381e-05
6.67035759787082e-05
6.67031310449712e-05
6.67026861171699e-05
6.67022411953042e-05
6.67017962793738e-05
6.67013513693787e-05
6.67009064653189e-05
6.6700461567194e-05
6.67000166750042e-05
6.66995717887491e-05
6.66991269084288e-05
6.6698682034043e-05
6.66982371655917e-05
6.66977923030748e-05
6.66973474464921e-05
6.66969025958434e-05
6.66964577511288e-05
6.66960129123481e-05
6.66955680795011e-05
6.66951232525878e-05
6.66946784316079e-05
6.66942336165615e-05
6.66937888074484e-05
6.66933440042684e-05
6.66928992070214e-05
6.66924544157074e-05
6.66920096303262e-05
6.66915648508777e-05
6.66911200773617e-05
6.66906753097782e-05
6.6690230548127e-05
6.6689785792408e-05
6.66893410426212e-05
6.66888962987663e-05
6.66884515608432e-05
6.66880068288519e-05
6.66875621027922e-05
6.6687117382664e-05
6.66866726684672e-05
6.66862279602017e-05
6.66857832578673e-05
6.66853385614639e-05
6.66848938709914e-05
6.66844491864497e-05
6.66840045078387e-05
6.66835598351582e-05
6.66831151684082e-05
6.66826705075885e-05
6.6682225852699e-05
6.66817812037395e-05
6.668133656071e-05
6.66808919236104e-05
6.66804472924404e-05
6.66800026672001e-05
6.66795580478893e-05
6.66791134345078e-05
6.66786688270555e-05
6.66782242255324e-05
6.66777796299383e-05
6.66773350402731e-05
6.66768904565367e-05
6.66764458787289e-05
6.66760013068496e-05
6.66755567408988e-05
6.66751121808762e-05
6.66746676267819e-05
6.66742230786156e-05
6.66737785363772e-05
6.66733340000667e-05
6.66728894696838e-05
6.66724449452286e-05
6.66720004267008e-05
6.66715559141004e-05
6.66711114074272e-05
6.66706669066811e-05
6.6670222411862e-05
6.66697779229697e-05
6.66693334400043e-05
6.66688889629654e-05
6.66684444918531e-05
6.66680000266672e-05
6.66675555674076e-05
6.66671111140741e-05
6.66666666666667e-05
